0 0.045714285714285714 0.4391666666666667 0.07428571428571429 0.02
0 0.12178571428571429 0.4341666666666667 0.06928571428571428 0.025
0 0.20357142857142857 0.42875 0.09 0.029166666666666667
0 0.3057142857142857 0.4579166666666667 0.09 0.022500000000000003
0 0.3842857142857143 0.46458333333333335 0.06 0.0125
0 0.4828571428571429 0.4575 0.08857142857142856 0.02
0 0.6460714285714285 0.4554166666666667 0.10642857142857143 0.0175
0 0.7875 0.40125000000000005 0.07357142857142857 0.022500000000000003
0 0.89 0.43000000000000005 0.07571428571428572 0.043333333333333335
0 0.9646428571428571 0.4679166666666667 0.05785714285714286 0.0325
0 0.6325 0.40958333333333335 0.10214285714285715 0.0275
