0 0.07214285714285715 0.45583333333333337 0.11285714285714285 0.023333333333333334
0 0.17142857142857143 0.46708333333333335 0.07714285714285714 0.03916666666666667
0 0.26607142857142857 0.4804166666666667 0.10071428571428571 0.025833333333333337
0 0.37535714285714283 0.47625 0.09214285714285714 0.0175
0 0.48857142857142855 0.48458333333333337 0.1 0.0175
0 0.5903571428571428 0.46875000000000006 0.09785714285714285 0.014166666666666668
0 0.6767857142857143 0.4579166666666667 0.07642857142857143 0.022500000000000003
0 0.7639285714285714 0.4191666666666667 0.08928571428571429 0.02666666666666667
0 0.8585714285714285 0.40750000000000003 0.08714285714285715 0.03166666666666667
0 0.9428571428571428 0.44 0.06 0.02666666666666667
