0 0.056428571428571425 0.3358333333333334 0.09 0.02666666666666667
0 0.15892857142857142 0.34875 0.08214285714285714 0.035833333333333335
0 0.2742857142857143 0.3458333333333334 0.08285714285714285 0.023333333333333334
0 0.38321428571428573 0.3441666666666667 0.11928571428571429 0.025
0 0.5253571428571429 0.34750000000000003 0.135 0.02666666666666667
0 0.6685714285714286 0.33166666666666667 0.09 0.028333333333333335
0 0.7767857142857143 0.3166666666666667 0.075 0.02
0 0.8607142857142858 0.3191666666666667 0.06285714285714286 0.023333333333333334
0 0.9378571428571428 0.3045833333333334 0.05857142857142857 0.03416666666666667
0 0.9796428571428571 0.2841666666666667 0.025 0.030000000000000002
