0 0.07571428571428572 0.41625 0.1 0.0625
0 0.14 0.39666666666666667 0.09857142857142857 0.05666666666666667
0 0.22607142857142856 0.38375000000000004 0.11642857142857142 0.05583333333333334
0 0.31 0.3770833333333334 0.10571428571428572 0.0575
0 0.3964285714285714 0.3779166666666667 0.11285714285714285 0.0475
0 0.4828571428571429 0.36833333333333335 0.11428571428571428 0.04666666666666667
0 0.5821428571428572 0.3725 0.14 0.03833333333333334
0 0.6696428571428571 0.3779166666666667 0.09642857142857143 0.0425
0 0.7489285714285714 0.37041666666666667 0.10785714285714286 0.0625
0 0.8321428571428572 0.34458333333333335 0.09857142857142857 0.04583333333333334
0 0.9225 0.33333333333333337 0.115 0.058333333333333334
