0 0.09035714285714286 0.6091666666666667 0.10214285714285715 0.045000000000000005
0 0.17857142857142858 0.6133333333333334 0.11142857142857143 0.03666666666666667
0 0.24964285714285714 0.6308333333333334 0.09642857142857143 0.04166666666666667
0 0.3582142857142857 0.6429166666666667 0.10071428571428571 0.037500000000000006
0 0.44571428571428573 0.6545833333333334 0.09857142857142857 0.04916666666666667
0 0.6503571428571429 0.6454166666666667 0.09785714285714285 0.04416666666666667
0 0.7121428571428572 0.6379166666666667 0.11 0.04583333333333334
0 0.7985714285714286 0.6420833333333333 0.11428571428571428 0.0425
0 0.9035714285714286 0.6408333333333334 0.08142857142857143 0.04666666666666667
0 0.9603571428571429 0.6366666666666667 0.07357142857142857 0.03833333333333334
0 0.5557142857142857 0.6595833333333334 0.07 0.0425
