0 0.06535714285714286 0.43375 0.115 0.052500000000000005
0 0.15392857142857141 0.45208333333333334 0.09642857142857143 0.04916666666666667
0 0.2625 0.4658333333333334 0.11071428571428571 0.06333333333333334
0 0.35714285714285715 0.455 0.12857142857142856 0.05166666666666667
0 0.5892857142857143 0.4729166666666667 0.10428571428571429 0.04416666666666667
0 0.7596428571428572 0.44083333333333335 0.09357142857142857 0.04833333333333334
0 0.5617857142857143 0.48125 0.08785714285714286 0.04416666666666667
0 0.7989285714285714 0.43625 0.09642857142857143 0.052500000000000005
0 0.8992857142857142 0.45125000000000004 0.08 0.03416666666666667
0 0.9417857142857143 0.45333333333333337 0.07928571428571428 0.04
