0 0.054642857142857146 0.49833333333333335 0.09928571428571428 0.055
0 0.1382142857142857 0.5041666666666667 0.105 0.060000000000000005
0 0.22714285714285715 0.49250000000000005 0.11857142857142858 0.07166666666666667
0 0.3132142857142857 0.4654166666666667 0.12214285714285714 0.06916666666666667
0 0.40964285714285714 0.46166666666666667 0.11785714285714285 0.065
0 0.5235714285714286 0.48000000000000004 0.10714285714285714 0.05333333333333334
0 0.6364285714285715 0.48833333333333334 0.10571428571428572 0.045000000000000005
0 0.7439285714285714 0.48708333333333337 0.09928571428571428 0.05583333333333334
0 0.8514285714285714 0.46375000000000005 0.10571428571428572 0.0475
0 0.9510714285714286 0.4754166666666667 0.09214285714285714 0.05583333333333334
