0 0.048214285714285716 0.6820833333333334 0.07642857142857143 0.05416666666666667
0 0.11928571428571429 0.6691666666666667 0.10571428571428572 0.05666666666666667
0 0.19285714285714287 0.6837500000000001 0.10285714285714286 0.06916666666666667
0 0.275 0.6620833333333334 0.10571428571428572 0.05916666666666667
0 0.33785714285714286 0.6783333333333333 0.09 0.05333333333333334
0 0.49607142857142855 0.6933333333333334 0.10071428571428571 0.04
0 0.5839285714285715 0.6866666666666668 0.12785714285714286 0.058333333333333334
0 0.6357142857142857 0.6995833333333333 0.11285714285714285 0.060833333333333336
0 0.7117857142857142 0.6791666666666667 0.08357142857142857 0.06666666666666667
0 0.7785714285714286 0.6529166666666667 0.08714285714285715 0.07416666666666667
0 0.8610714285714286 0.6225 0.105 0.060000000000000005
0 0.925 0.6391666666666667 0.07714285714285714 0.043333333333333335
