0 0.175 0.6025 0.12285714285714286 0.06666666666666667
0 0.24571428571428572 0.6166666666666667 0.10142857142857142 0.060000000000000005
0 0.29964285714285716 0.5950000000000001 0.11071428571428571 0.058333333333333334
0 0.36 0.5758333333333334 0.08714285714285715 0.055
0 0.45714285714285713 0.5525 0.09 0.04833333333333334
0 0.5053571428571428 0.5554166666666667 0.09928571428571428 0.06583333333333334
0 0.58 0.5679166666666667 0.11142857142857143 0.060833333333333336
0 0.6478571428571429 0.5950000000000001 0.11714285714285715 0.05333333333333334
0 0.7314285714285714 0.6008333333333333 0.12714285714285714 0.05666666666666667
0 0.7735714285714286 0.57875 0.09714285714285714 0.05583333333333334
0 0.8582142857142857 0.545 0.09357142857142857 0.06666666666666667
0 0.915 0.5195833333333334 0.08714285714285715 0.04083333333333333
