0 0.16892857142857143 0.24750000000000003 0.11071428571428571 0.06333333333333334
0 0.22142857142857142 0.26708333333333334 0.09142857142857143 0.050833333333333335
0 0.27785714285714286 0.28500000000000003 0.09142857142857143 0.045000000000000005
0 0.3439285714285714 0.3116666666666667 0.11071428571428571 0.05
0 0.4064285714285714 0.31875000000000003 0.09857142857142857 0.0575
0 0.4692857142857143 0.29750000000000004 0.09714285714285714 0.05
0 0.5339285714285714 0.3104166666666667 0.09642857142857143 0.05583333333333334
0 0.6075 0.32375000000000004 0.105 0.05416666666666667
0 0.6742857142857143 0.3125 0.10571428571428572 0.06333333333333334
0 0.7510714285714286 0.30000000000000004 0.10357142857142858 0.06666666666666667
0 0.8142857142857143 0.32208333333333333 0.12142857142857143 0.052500000000000005
0 0.8796428571428572 0.335 0.095 0.04833333333333334
0 0.9425 0.31375000000000003 0.08214285714285714 0.0575
