0 0.045 0.41250000000000003 0.08285714285714285 0.05333333333333334
0 0.09142857142857143 0.4266666666666667 0.08 0.055
0 0.145 0.43750000000000006 0.08571428571428572 0.05166666666666667
0 0.19178571428571428 0.41875 0.09071428571428572 0.060833333333333336
0 0.25785714285714284 0.39875000000000005 0.09142857142857143 0.06583333333333334
0 0.31 0.4029166666666667 0.08142857142857143 0.04083333333333333
0 0.3514285714285714 0.41708333333333336 0.07571428571428572 0.04583333333333334
0 0.435 0.4420833333333334 0.07 0.04083333333333333
0 0.48142857142857143 0.45375000000000004 0.07714285714285714 0.04583333333333334
0 0.535 0.46708333333333335 0.10714285714285714 0.05416666666666667
0 0.5842857142857143 0.45208333333333334 0.10428571428571429 0.05416666666666667
0 0.6464285714285715 0.4379166666666667 0.08571428571428572 0.05583333333333334
0 0.6985714285714286 0.4529166666666667 0.09571428571428571 0.04416666666666667
0 0.8375 0.39375000000000004 0.08357142857142857 0.03416666666666667
0 0.8842857142857142 0.3929166666666667 0.10428571428571429 0.04916666666666667
0 0.9317857142857143 0.40208333333333335 0.07357142857142857 0.04583333333333334
0 0.9703571428571428 0.375 0.05928571428571429 0.05333333333333334
