0 0.05107142857142857 0.36208333333333337 0.09214285714285714 0.0475
0 0.11678571428571428 0.3716666666666667 0.10642857142857143 0.060000000000000005
0 0.20535714285714285 0.4025 0.1407142857142857 0.04666666666666667
0 0.2692857142857143 0.42708333333333337 0.12571428571428572 0.05583333333333334
0 0.35964285714285715 0.45583333333333337 0.07785714285714286 0.03833333333333334
0 0.45285714285714285 0.42500000000000004 0.08571428571428572 0.045000000000000005
0 0.5353571428571429 0.4379166666666667 0.11785714285714285 0.030833333333333334
0 0.5664285714285714 0.48250000000000004 0.09428571428571429 0.030000000000000002
0 0.6975 0.52125 0.12785714285714286 0.0425
0 0.6678571428571428 0.4575 0.07285714285714286 0.04666666666666667
0 0.6242857142857143 0.4379166666666667 0.11571428571428571 0.0475
0 0.8214285714285714 0.5658333333333334 0.09 0.045000000000000005
