0 0.07107142857142858 0.5558333333333334 0.10071428571428571 0.03833333333333334
0 0.1417857142857143 0.5487500000000001 0.09071428571428572 0.05583333333333334
0 0.20714285714285716 0.5279166666666667 0.10714285714285714 0.04916666666666667
0 0.3507142857142857 0.5129166666666667 0.08857142857142856 0.05583333333333334
0 0.2835714285714286 0.515 0.09714285714285714 0.05166666666666667
0 0.44357142857142856 0.4929166666666667 0.11714285714285715 0.05416666666666667
0 0.5332142857142858 0.5045833333333334 0.10642857142857143 0.0475
0 0.6085714285714285 0.49833333333333335 0.09714285714285714 0.043333333333333335
0 0.7389285714285714 0.5487500000000001 0.08357142857142857 0.04083333333333333
0 0.9360714285714286 0.4779166666666667 0.07928571428571428 0.04583333333333334
0 0.9103571428571429 0.48250000000000004 0.08071428571428571 0.04
