0 0.041428571428571426 0.5045833333333334 0.07571428571428572 0.0425
0 0.09607142857142857 0.4970833333333334 0.08785714285714286 0.05916666666666667
0 0.15392857142857141 0.49750000000000005 0.08214285714285714 0.05166666666666667
0 0.2225 0.4816666666666667 0.10785714285714286 0.07166666666666667
0 0.3157142857142857 0.4741666666666667 0.13285714285714287 0.04166666666666667
0 0.3989285714285714 0.49333333333333335 0.10785714285714286 0.05166666666666667
0 0.48428571428571426 0.465 0.11428571428571428 0.058333333333333334
0 0.5646428571428571 0.45375000000000004 0.10928571428571429 0.0575
0 0.6396428571428572 0.4466666666666667 0.10071428571428571 0.055
0 0.7085714285714285 0.4516666666666667 0.1 0.04
0 0.8007142857142857 0.44375000000000003 0.11428571428571428 0.0475
0 0.9528571428571428 0.4608333333333334 0.09142857142857143 0.03833333333333334
