0 0.05035714285714286 0.46166666666666667 0.08071428571428571 0.043333333333333335
0 0.13714285714285715 0.4729166666666667 0.07714285714285714 0.0475
0 0.21607142857142858 0.47250000000000003 0.07071428571428572 0.043333333333333335
0 0.29892857142857143 0.46458333333333335 0.08642857142857142 0.0425
0 0.385 0.4475 0.07428571428571429 0.05166666666666667
0 0.43642857142857144 0.42583333333333334 0.08857142857142856 0.05166666666666667
0 0.5160714285714286 0.42875 0.105 0.03416666666666667
0 0.5942857142857143 0.4454166666666667 0.10285714285714286 0.03916666666666667
0 0.6839285714285714 0.4320833333333334 0.11071428571428571 0.030833333333333334
0 0.7410714285714286 0.4470833333333334 0.08357142857142857 0.037500000000000006
