0 0.056428571428571425 0.5308333333333334 0.08142857142857143 0.04
0 0.09821428571428571 0.52875 0.08357142857142857 0.0575
0 0.16785714285714284 0.5337500000000001 0.09 0.04583333333333334
0 0.4828571428571429 0.535 0.08285714285714285 0.04
0 0.5235714285714286 0.5345833333333334 0.07714285714285714 0.04416666666666667
0 0.5764285714285714 0.51375 0.07857142857142857 0.06583333333333334
0 0.6546428571428572 0.4945833333333334 0.115 0.03916666666666667
0 0.7110714285714286 0.5083333333333334 0.08642857142857142 0.03333333333333333
0 0.7614285714285715 0.5145833333333334 0.07428571428571429 0.03916666666666667
0 0.8132142857142857 0.5170833333333333 0.08928571428571429 0.03916666666666667
0 0.8475 0.5095833333333334 0.08357142857142857 0.037500000000000006
