0 0.055 0.3504166666666667 0.09142857142857143 0.0475
0 0.1367857142857143 0.36333333333333334 0.105 0.043333333333333335
0 0.1792857142857143 0.3720833333333334 0.07714285714285714 0.035833333333333335
0 0.27035714285714285 0.37833333333333335 0.09214285714285714 0.04833333333333334
0 0.31464285714285717 0.36375 0.095 0.04416666666666667
0 0.3867857142857143 0.35500000000000004 0.10785714285714286 0.05
0 0.45964285714285713 0.34458333333333335 0.095 0.0475
0 0.5235714285714286 0.34833333333333333 0.08714285714285715 0.04
0 0.6032142857142857 0.3541666666666667 0.10071428571428571 0.055
0 0.6875 0.3891666666666667 0.10357142857142858 0.043333333333333335
0 0.7596428571428572 0.39125000000000004 0.08642857142857142 0.0575
0 0.8207142857142857 0.37833333333333335 0.09285714285714286 0.04833333333333334
0 0.8742857142857143 0.3666666666666667 0.07857142857142857 0.04833333333333334
0 0.9296428571428571 0.35875 0.08357142857142857 0.052500000000000005
0 0.965 0.34625 0.06714285714285714 0.06416666666666668
