0 0.05678571428571429 0.6404166666666667 0.09785714285714285 0.052500000000000005
0 0.13392857142857142 0.6470833333333333 0.11785714285714285 0.04583333333333334
0 0.20892857142857144 0.6491666666666667 0.09357142857142857 0.04166666666666667
0 0.25892857142857145 0.655 0.095 0.04166666666666667
0 0.3267857142857143 0.65625 0.09642857142857143 0.06583333333333334
0 0.375 0.6904166666666667 0.09285714285714286 0.04916666666666667
0 0.44857142857142857 0.6795833333333334 0.10285714285714286 0.05416666666666667
0 0.5178571428571429 0.6687500000000001 0.09285714285714286 0.060833333333333336
0 0.5753571428571429 0.6466666666666667 0.085 0.065
0 0.6332142857142857 0.6579166666666667 0.07785714285714286 0.06416666666666668
0 0.68 0.64125 0.08714285714285715 0.06916666666666667
0 0.7485714285714286 0.62375 0.10571428571428572 0.0675
0 0.8046428571428571 0.6133333333333334 0.07642857142857143 0.05333333333333334
