0 0.27964285714285714 0.41875 0.10214285714285715 0.04916666666666667
0 0.3414285714285714 0.4079166666666667 0.10714285714285714 0.050833333333333335
0 0.41464285714285715 0.41958333333333336 0.10071428571428571 0.04083333333333333
0 0.48 0.4345833333333334 0.08428571428571428 0.04583333333333334
0 0.5428571428571428 0.42625 0.09857142857142857 0.04916666666666667
0 0.6192857142857143 0.4466666666666667 0.08571428571428572 0.043333333333333335
0 0.6828571428571428 0.43125 0.08285714285714285 0.0475
0 0.7521428571428571 0.4395833333333334 0.08857142857142856 0.04083333333333333
0 0.8242857142857143 0.43583333333333335 0.11571428571428571 0.055
0 0.8992857142857142 0.44625000000000004 0.09428571428571429 0.04916666666666667
