0 0.05857142857142857 0.4604166666666667 0.09571428571428571 0.04083333333333333
0 0.12107142857142857 0.46375000000000005 0.095 0.0425
0 0.19285714285714287 0.4633333333333334 0.10428571428571429 0.055
0 0.32821428571428574 0.4579166666666667 0.08357142857142857 0.037500000000000006
0 0.38107142857142856 0.44625000000000004 0.08214285714285714 0.04583333333333334
0 0.44857142857142857 0.4470833333333334 0.08714285714285715 0.04416666666666667
0 0.5335714285714286 0.4354166666666667 0.10714285714285714 0.035833333333333335
0 0.5982142857142857 0.45083333333333336 0.09071428571428572 0.035
0 0.6628571428571428 0.4395833333333334 0.07714285714285714 0.0475
0 0.7164285714285714 0.455 0.09571428571428571 0.03833333333333334
0 0.7810714285714285 0.45333333333333337 0.09214285714285714 0.05166666666666667
0 0.8553571428571428 0.44833333333333336 0.08928571428571429 0.035
0 0.9128571428571428 0.4379166666666667 0.08 0.0475
0 0.9582142857142857 0.4266666666666667 0.07357142857142857 0.04833333333333334
