0 0.048214285714285716 0.4154166666666667 0.085 0.04416666666666667
0 0.0675 0.42375 0.085 0.04416666666666667
0 0.09392857142857143 0.43125 0.085 0.04416666666666667
0 0.11321428571428571 0.43625 0.085 0.04416666666666667
0 0.13607142857142857 0.4445833333333334 0.085 0.04416666666666667
0 0.1775 0.44958333333333333 0.085 0.04416666666666667
0 0.21892857142857142 0.44958333333333333 0.085 0.04416666666666667
0 0.25035714285714283 0.44375000000000003 0.085 0.04416666666666667
0 0.3053571428571429 0.4395833333333334 0.085 0.04416666666666667
0 0.3482142857142857 0.4479166666666667 0.085 0.04416666666666667
0 0.38107142857142856 0.46125000000000005 0.085 0.04416666666666667
0 0.4232142857142857 0.46208333333333335 0.085 0.04416666666666667
0 0.48892857142857143 0.4554166666666667 0.085 0.04416666666666667
0 0.5503571428571429 0.43291666666666667 0.085 0.04416666666666667
0 0.6132142857142857 0.43291666666666667 0.085 0.04416666666666667
0 0.8667857142857143 0.45208333333333334 0.085 0.04416666666666667
0 0.8939285714285714 0.4354166666666667 0.085 0.04416666666666667
0 0.9389285714285714 0.4420833333333334 0.085 0.04416666666666667
