0 0.07571428571428572 0.41125 0.09 0.04583333333333334
0 0.10142857142857142 0.4079166666666667 0.09 0.04583333333333334
0 0.13214285714285715 0.41458333333333336 0.09 0.04583333333333334
0 0.17857142857142858 0.42875 0.09 0.04583333333333334
0 0.225 0.44875000000000004 0.09 0.04583333333333334
0 0.27071428571428574 0.46375000000000005 0.09 0.04583333333333334
0 0.3221428571428571 0.46125000000000005 0.09 0.04583333333333334
0 0.6 0.4379166666666667 0.09 0.04583333333333334
0 0.6314285714285715 0.43291666666666667 0.09 0.04583333333333334
0 0.7392857142857143 0.4354166666666667 0.09 0.04583333333333334
0 0.8078571428571428 0.43875000000000003 0.09 0.04583333333333334
