0 0.05857142857142857 0.5066666666666667 0.07142857142857142 0.03833333333333334
0 0.11107142857142857 0.4945833333333334 0.075 0.04583333333333334
0 0.1717857142857143 0.4929166666666667 0.07642857142857143 0.03916666666666667
0 0.23 0.47625 0.07142857142857142 0.0425
0 0.2975 0.4654166666666667 0.10642857142857143 0.035833333333333335
0 0.3796428571428571 0.47750000000000004 0.09928571428571428 0.04
0 0.445 0.47125000000000006 0.09714285714285714 0.052500000000000005
0 0.5239285714285714 0.4633333333333334 0.09071428571428572 0.055
0 0.5957142857142858 0.45625000000000004 0.10571428571428572 0.037500000000000006
0 0.6721428571428572 0.46166666666666667 0.10857142857142857 0.03833333333333334
0 0.7492857142857143 0.4579166666666667 0.10714285714285714 0.04416666666666667
0 0.8253571428571429 0.47750000000000004 0.07785714285714286 0.04
0 0.9610714285714286 0.4758333333333334 0.07785714285714286 0.03833333333333334
