0 0.1925 0.4654166666666667 0.085 0.050833333333333335
0 0.23785714285714285 0.44375000000000003 0.09 0.05583333333333334
0 0.315 0.43625 0.10285714285714286 0.052500000000000005
0 0.3575 0.4445833333333334 0.08214285714285714 0.04583333333333334
0 0.42178571428571426 0.44875000000000004 0.09928571428571428 0.050833333333333335
0 0.4764285714285714 0.43250000000000005 0.10142857142857142 0.05
0 0.5471428571428572 0.4229166666666667 0.10285714285714286 0.050833333333333335
0 0.5967857142857143 0.4404166666666667 0.07928571428571428 0.0425
0 0.6592857142857143 0.45458333333333334 0.11428571428571428 0.03416666666666667
0 0.9560714285714286 0.4625 0.06357142857142857 0.030000000000000002
