0 0.04392857142857143 0.4504166666666667 0.08357142857142857 0.04916666666666667
0 0.08214285714285714 0.4395833333333334 0.10285714285714286 0.04416666666666667
0 0.14 0.4445833333333334 0.10142857142857142 0.0425
0 0.19392857142857142 0.445 0.08642857142857142 0.04
0 0.26 0.42458333333333337 0.07571428571428572 0.037500000000000006
0 0.32035714285714284 0.41958333333333336 0.08785714285714286 0.0475
0 0.37464285714285717 0.4004166666666667 0.11214285714285714 0.037500000000000006
0 0.445 0.39583333333333337 0.10571428571428572 0.04
0 0.5564285714285714 0.405 0.08857142857142856 0.04166666666666667
0 0.5782142857142857 0.43125 0.08642857142857142 0.04583333333333334
