0 0.07642857142857143 0.36541666666666667 0.08285714285714285 0.050833333333333335
0 0.12321428571428572 0.35750000000000004 0.09357142857142857 0.055
0 0.19714285714285715 0.34625 0.11285714285714285 0.05416666666666667
0 0.25392857142857145 0.33958333333333335 0.09928571428571428 0.0575
0 0.3317857142857143 0.3254166666666667 0.11642857142857142 0.0575
0 0.3964285714285714 0.31125 0.11285714285714285 0.0575
0 0.4610714285714286 0.30000000000000004 0.10785714285714286 0.05
0 0.525 0.32083333333333336 0.11857142857142858 0.043333333333333335
0 0.5892857142857143 0.3120833333333334 0.10285714285714286 0.05416666666666667
0 0.7175 0.30125 0.11071428571428571 0.03916666666666667
0 0.7996428571428571 0.32375000000000004 0.105 0.04416666666666667
