0 0.0475 0.6987500000000001 0.06928571428571428 0.03416666666666667
0 0.13 0.6837500000000001 0.09142857142857143 0.03916666666666667
0 0.18821428571428572 0.6937500000000001 0.10642857142857143 0.035833333333333335
0 0.25857142857142856 0.6845833333333334 0.10857142857142857 0.04083333333333333
0 0.36 0.6845833333333334 0.08 0.04583333333333334
0 0.4064285714285714 0.67125 0.09857142857142857 0.0475
0 0.47928571428571426 0.6629166666666667 0.1 0.0425
0 0.5389285714285714 0.65375 0.10071428571428571 0.04416666666666667
0 0.6146428571428572 0.6570833333333334 0.12071428571428572 0.037500000000000006
0 0.6871428571428572 0.66 0.10285714285714286 0.055
0 0.7507142857142857 0.6525000000000001 0.10142857142857142 0.05166666666666667
0 0.8132142857142857 0.6679166666666667 0.08928571428571429 0.037500000000000006
