0 0.05892857142857143 0.5083333333333334 0.08357142857142857 0.04166666666666667
0 0.12214285714285714 0.5129166666666667 0.11 0.03916666666666667
0 0.20714285714285716 0.5154166666666667 0.11428571428571428 0.05583333333333334
0 0.28 0.5095833333333334 0.1 0.0575
0 0.3628571428571429 0.5020833333333333 0.10857142857142857 0.05416666666666667
0 0.4564285714285714 0.5091666666666667 0.11857142857142858 0.05166666666666667
0 0.5175 0.51375 0.09357142857142857 0.04583333333333334
0 0.5885714285714285 0.5154166666666667 0.12285714285714286 0.06583333333333334
0 0.6342857142857142 0.5033333333333334 0.11 0.05666666666666667
0 0.7096428571428571 0.5195833333333334 0.08785714285714286 0.050833333333333335
0 0.91 0.5270833333333333 0.08571428571428572 0.04416666666666667
0 0.9567857142857142 0.5129166666666667 0.08071428571428571 0.0475
