0 0.036071428571428574 0.5158333333333334 0.06642857142857143 0.045000000000000005
0 0.061785714285714284 0.5308333333333334 0.06642857142857143 0.045000000000000005
0 0.10678571428571429 0.535 0.06642857142857143 0.045000000000000005
0 0.1525 0.5383333333333333 0.06642857142857143 0.045000000000000005
0 0.2325 0.515 0.06642857142857143 0.045000000000000005
0 0.19892857142857143 0.5258333333333334 0.06642857142857143 0.045000000000000005
0 0.2775 0.5191666666666667 0.06642857142857143 0.045000000000000005
0 0.32035714285714284 0.5258333333333334 0.06642857142857143 0.045000000000000005
0 0.3610714285714286 0.5191666666666667 0.06642857142857143 0.045000000000000005
0 0.40035714285714286 0.5258333333333334 0.06642857142857143 0.045000000000000005
0 0.44035714285714284 0.5333333333333333 0.06642857142857143 0.045000000000000005
0 0.5032142857142857 0.5383333333333333 0.06642857142857143 0.045000000000000005
0 0.47964285714285715 0.5375000000000001 0.06642857142857143 0.045000000000000005
0 0.5475 0.5683333333333334 0.06642857142857143 0.045000000000000005
0 0.6003571428571428 0.5833333333333334 0.06642857142857143 0.045000000000000005
0 0.6560714285714285 0.5833333333333334 0.06642857142857143 0.045000000000000005
0 0.5396428571428571 0.5416666666666667 0.06642857142857143 0.045000000000000005
