0 0.02214285714285714 0.5270833333333333 0.03857142857142857 0.0275
0 0.05285714285714286 0.5245833333333334 0.03857142857142857 0.0275
0 0.08928571428571429 0.5329166666666667 0.03857142857142857 0.0275
0 0.11571428571428571 0.5120833333333333 0.03857142857142857 0.0275
0 0.12428571428571429 0.4829166666666667 0.03857142857142857 0.0275
0 0.16214285714285714 0.48125 0.03857142857142857 0.0275
0 0.18428571428571427 0.4904166666666667 0.03857142857142857 0.0275
0 0.21214285714285713 0.48375 0.03857142857142857 0.0275
0 0.24357142857142858 0.48625 0.03857142857142857 0.0275
0 0.2835714285714286 0.4929166666666667 0.03857142857142857 0.0275
0 0.29642857142857143 0.4995833333333334 0.03857142857142857 0.0275
0 0.3271428571428571 0.50375 0.03857142857142857 0.0275
0 0.35928571428571426 0.49625 0.03857142857142857 0.0275
0 0.3807142857142857 0.49625 0.03857142857142857 0.0275
0 0.41 0.4970833333333334 0.03857142857142857 0.0275
0 0.4357142857142857 0.5012500000000001 0.03857142857142857 0.0275
0 0.465 0.49375 0.03857142857142857 0.0275
0 0.4857142857142857 0.5054166666666667 0.03857142857142857 0.0275
0 0.515 0.50875 0.03857142857142857 0.0275
0 0.5442857142857143 0.50375 0.03857142857142857 0.0275
0 0.5685714285714286 0.5020833333333333 0.03857142857142857 0.0275
0 0.5942857142857143 0.5120833333333333 0.03857142857142857 0.0275
0 0.6164285714285714 0.5279166666666667 0.03857142857142857 0.0275
0 0.6435714285714286 0.54125 0.03857142857142857 0.0275
0 0.6685714285714286 0.5454166666666667 0.03857142857142857 0.0275
0 0.7007142857142857 0.5470833333333334 0.03857142857142857 0.0275
0 0.7335714285714285 0.5495833333333334 0.03857142857142857 0.0275
0 0.7492857142857143 0.5604166666666667 0.03857142857142857 0.0275
0 0.7728571428571429 0.5779166666666667 0.03857142857142857 0.0275
0 0.8028571428571428 0.58125 0.03857142857142857 0.0275
0 0.8364285714285714 0.57875 0.03857142857142857 0.0275
0 0.8571428571428571 0.5879166666666668 0.03857142857142857 0.0275
0 0.8928571428571429 0.59875 0.03857142857142857 0.0275
0 0.9185714285714286 0.6054166666666667 0.03857142857142857 0.0275
0 0.9464285714285714 0.6112500000000001 0.03857142857142857 0.0275
0 0.9728571428571429 0.6095833333333334 0.03857142857142857 0.0275
