0 0.025 0.5716666666666667 0.047142857142857146 0.03333333333333333
0 0.04357142857142857 0.5775 0.047142857142857146 0.03333333333333333
0 0.07071428571428572 0.5883333333333334 0.047142857142857146 0.03333333333333333
0 0.10214285714285715 0.5941666666666667 0.047142857142857146 0.03333333333333333
0 0.1407142857142857 0.5975 0.047142857142857146 0.03333333333333333
0 0.1657142857142857 0.5991666666666667 0.047142857142857146 0.03333333333333333
0 0.19642857142857142 0.5941666666666667 0.047142857142857146 0.03333333333333333
0 0.2307142857142857 0.6008333333333333 0.047142857142857146 0.03333333333333333
0 0.25857142857142856 0.6083333333333334 0.047142857142857146 0.03333333333333333
0 0.295 0.6125 0.047142857142857146 0.03333333333333333
0 0.33 0.6166666666666667 0.047142857142857146 0.03333333333333333
0 0.36 0.6183333333333334 0.047142857142857146 0.03333333333333333
0 0.2757142857142857 0.5566666666666668 0.047142857142857146 0.03333333333333333
0 0.30142857142857143 0.5491666666666667 0.047142857142857146 0.03333333333333333
0 0.32857142857142857 0.5458333333333334 0.047142857142857146 0.03333333333333333
0 0.36214285714285716 0.555 0.047142857142857146 0.03333333333333333
0 0.3871428571428571 0.5591666666666667 0.047142857142857146 0.03333333333333333
0 0.4228571428571429 0.5675 0.047142857142857146 0.03333333333333333
0 0.4592857142857143 0.5716666666666667 0.047142857142857146 0.03333333333333333
0 0.49 0.5716666666666667 0.047142857142857146 0.03333333333333333
0 0.52 0.5641666666666667 0.047142857142857146 0.03333333333333333
0 0.5428571428571428 0.55 0.047142857142857146 0.03333333333333333
0 0.5735714285714286 0.5416666666666667 0.047142857142857146 0.03333333333333333
0 0.6028571428571429 0.5275000000000001 0.047142857142857146 0.03333333333333333
0 0.6392857142857142 0.525 0.047142857142857146 0.03333333333333333
0 0.6685714285714286 0.5225000000000001 0.047142857142857146 0.03333333333333333
0 0.7014285714285714 0.5225000000000001 0.047142857142857146 0.03333333333333333
0 0.7321428571428571 0.5275000000000001 0.047142857142857146 0.03333333333333333
0 0.7642857142857142 0.5283333333333333 0.047142857142857146 0.03333333333333333
0 0.7985714285714286 0.53 0.047142857142857146 0.03333333333333333
0 0.8257142857142857 0.5475 0.047142857142857146 0.03333333333333333
0 0.8535714285714285 0.5558333333333334 0.047142857142857146 0.03333333333333333
0 0.8828571428571429 0.5708333333333334 0.047142857142857146 0.03333333333333333
0 0.9085714285714286 0.5883333333333334 0.047142857142857146 0.03333333333333333
0 0.9492857142857143 0.5925 0.047142857142857146 0.03333333333333333
0 0.9764285714285714 0.5950000000000001 0.047142857142857146 0.03333333333333333
