0 0.028214285714285713 0.51125 0.055 0.035833333333333335
0 0.05357142857142857 0.5204166666666667 0.055714285714285716 0.035833333333333335
0 0.095 0.5204166666666667 0.055714285714285716 0.035833333333333335
0 0.13642857142857143 0.5320833333333334 0.055714285714285716 0.035833333333333335
0 0.175 0.5504166666666667 0.055714285714285716 0.035833333333333335
0 0.19785714285714287 0.5745833333333333 0.055714285714285716 0.035833333333333335
0 0.24571428571428572 0.58375 0.055714285714285716 0.035833333333333335
0 0.2864285714285714 0.5845833333333333 0.055714285714285716 0.035833333333333335
0 0.32 0.5829166666666667 0.055714285714285716 0.035833333333333335
0 0.3628571428571429 0.5754166666666667 0.055714285714285716 0.035833333333333335
0 0.40285714285714286 0.5779166666666667 0.055714285714285716 0.035833333333333335
0 0.4060714285714286 0.535 0.05357142857142857 0.03166666666666667
0 0.4332142857142857 0.5308333333333334 0.05357142857142857 0.03166666666666667
0 0.46964285714285714 0.5308333333333334 0.05357142857142857 0.03166666666666667
0 0.5175 0.5341666666666667 0.05357142857142857 0.03166666666666667
0 0.5460714285714285 0.5241666666666667 0.05357142857142857 0.03166666666666667
0 0.5782142857142857 0.5116666666666667 0.05357142857142857 0.03166666666666667
0 0.6196428571428572 0.5108333333333334 0.05357142857142857 0.03166666666666667
0 0.6510714285714285 0.5391666666666667 0.05357142857142857 0.03166666666666667
0 0.6689285714285714 0.5691666666666667 0.05357142857142857 0.03166666666666667
0 0.6953571428571429 0.5925 0.05357142857142857 0.03166666666666667
0 0.7196428571428571 0.6208333333333333 0.05357142857142857 0.03166666666666667
0 0.7582142857142857 0.6425000000000001 0.05357142857142857 0.03166666666666667
