0 0.027857142857142858 0.48875 0.05285714285714286 0.04083333333333333
0 0.06642857142857143 0.4979166666666667 0.05285714285714286 0.04083333333333333
0 0.10428571428571429 0.4920833333333334 0.05285714285714286 0.04083333333333333
0 0.145 0.48458333333333337 0.05285714285714286 0.04083333333333333
0 0.18357142857142858 0.48125 0.05285714285714286 0.04083333333333333
0 0.225 0.48125 0.05285714285714286 0.04083333333333333
0 0.26071428571428573 0.47875 0.05285714285714286 0.04083333333333333
0 0.3007142857142857 0.48708333333333337 0.05285714285714286 0.04083333333333333
0 0.3385714285714286 0.4904166666666667 0.05285714285714286 0.04083333333333333
0 0.3871428571428571 0.4879166666666667 0.05285714285714286 0.04083333333333333
0 0.43142857142857144 0.48958333333333337 0.05285714285714286 0.04083333333333333
0 0.46285714285714286 0.49875 0.05285714285714286 0.04083333333333333
0 0.515 0.5020833333333333 0.05285714285714286 0.04083333333333333
0 0.5557142857142857 0.5029166666666667 0.05285714285714286 0.04083333333333333
0 0.59 0.49541666666666667 0.05285714285714286 0.04083333333333333
0 0.6285714285714286 0.5029166666666667 0.05285714285714286 0.04083333333333333
0 0.6707142857142857 0.5070833333333333 0.05285714285714286 0.04083333333333333
0 0.7142857142857143 0.5029166666666667 0.05285714285714286 0.04083333333333333
0 0.7964285714285714 0.5220833333333333 0.05285714285714286 0.04083333333333333
0 0.8278571428571428 0.5220833333333333 0.05285714285714286 0.04083333333333333
0 0.8728571428571429 0.5204166666666667 0.05285714285714286 0.04083333333333333
0 0.91 0.5229166666666667 0.05285714285714286 0.04083333333333333
0 0.9442857142857143 0.5229166666666667 0.05285714285714286 0.04083333333333333
