0 0.0425 0.34958333333333336 0.07071428571428572 0.0275
0 0.04107142857142857 0.3479166666666667 0.07071428571428572 0.0275
0 0.11964285714285715 0.34958333333333336 0.07071428571428572 0.0275
0 0.07964285714285714 0.34958333333333336 0.07071428571428572 0.0275
0 0.15892857142857142 0.35208333333333336 0.07071428571428572 0.0275
0 0.2125 0.35708333333333336 0.07071428571428572 0.0275
0 0.2882142857142857 0.3529166666666667 0.07071428571428572 0.0275
0 0.32607142857142857 0.34625 0.07071428571428572 0.0275
0 0.3775 0.34458333333333335 0.07071428571428572 0.0275
0 0.4082142857142857 0.3529166666666667 0.07071428571428572 0.0275
0 0.45535714285714285 0.34458333333333335 0.07071428571428572 0.0275
0 0.5067857142857143 0.34625 0.07071428571428572 0.0275
0 0.5617857142857143 0.3429166666666667 0.07071428571428572 0.0275
0 0.6053571428571428 0.3404166666666667 0.07071428571428572 0.0275
0 0.6610714285714285 0.33708333333333335 0.07071428571428572 0.0275
0 0.7096428571428571 0.32708333333333334 0.07071428571428572 0.0275
0 0.7539285714285714 0.31708333333333333 0.07071428571428572 0.0275
0 0.7917857142857143 0.31375000000000003 0.07071428571428572 0.0275
0 0.8582142857142857 0.31958333333333333 0.07071428571428572 0.0275
0 0.9253571428571429 0.31958333333333333 0.07071428571428572 0.0275
0 0.9589285714285715 0.28875 0.07071428571428572 0.0275
0 0.8832142857142857 0.3179166666666667 0.07071428571428572 0.0275
