0 0.04 0.44083333333333335 0.07714285714285714 0.023333333333333334
0 0.054285714285714284 0.4316666666666667 0.07714285714285714 0.023333333333333334
0 0.08785714285714286 0.42500000000000004 0.07714285714285714 0.023333333333333334
0 0.13642857142857143 0.43000000000000005 0.07714285714285714 0.023333333333333334
0 0.19 0.4341666666666667 0.07714285714285714 0.023333333333333334
0 0.2307142857142857 0.42750000000000005 0.07714285714285714 0.023333333333333334
0 0.2621428571428571 0.4116666666666667 0.07714285714285714 0.023333333333333334
0 0.29714285714285715 0.395 0.07714285714285714 0.023333333333333334
0 0.29928571428571427 0.39666666666666667 0.07714285714285714 0.023333333333333334
0 0.3442857142857143 0.3775 0.07714285714285714 0.023333333333333334
0 0.3871428571428571 0.38833333333333336 0.07714285714285714 0.023333333333333334
0 0.43285714285714283 0.41250000000000003 0.07714285714285714 0.023333333333333334
0 0.5007142857142857 0.4216666666666667 0.07714285714285714 0.023333333333333334
0 0.5578571428571428 0.40166666666666667 0.07714285714285714 0.023333333333333334
0 0.6114285714285714 0.37583333333333335 0.07714285714285714 0.023333333333333334
0 0.6714285714285714 0.39666666666666667 0.07714285714285714 0.023333333333333334
0 0.7328571428571429 0.4058333333333334 0.07714285714285714 0.023333333333333334
0 0.7742857142857142 0.42500000000000004 0.07714285714285714 0.023333333333333334
0 0.8121428571428572 0.4466666666666667 0.07714285714285714 0.023333333333333334
0 0.8607142857142858 0.4791666666666667 0.07714285714285714 0.023333333333333334
0 0.9171428571428571 0.4783333333333334 0.07714285714285714 0.023333333333333334
