0 0.033928571428571426 0.5783333333333334 0.065 0.023333333333333334
0 0.061785714285714284 0.5733333333333334 0.065 0.023333333333333334
0 0.09678571428571428 0.5725 0.065 0.023333333333333334
0 0.15535714285714286 0.5708333333333334 0.065 0.023333333333333334
0 0.20892857142857144 0.5608333333333334 0.065 0.023333333333333334
0 0.2617857142857143 0.5558333333333334 0.065 0.023333333333333334
0 0.3117857142857143 0.5458333333333334 0.065 0.023333333333333334
0 0.3582142857142857 0.5383333333333333 0.065 0.023333333333333334
0 0.4025 0.5408333333333334 0.065 0.023333333333333334
0 0.45107142857142857 0.54 0.065 0.023333333333333334
0 0.5103571428571428 0.5266666666666667 0.065 0.023333333333333334
0 0.5482142857142858 0.5175000000000001 0.065 0.023333333333333334
0 0.5910714285714286 0.5191666666666667 0.065 0.023333333333333334
0 0.6275 0.52 0.065 0.023333333333333334
0 0.6667857142857143 0.525 0.065 0.023333333333333334
0 0.6967857142857142 0.53 0.065 0.023333333333333334
0 0.7382142857142857 0.5341666666666667 0.065 0.023333333333333334
0 0.7775 0.5341666666666667 0.065 0.023333333333333334
0 0.8175 0.5475 0.065 0.023333333333333334
0 0.8539285714285715 0.5241666666666667 0.065 0.023333333333333334
0 0.8825 0.5025000000000001 0.065 0.023333333333333334
0 0.9239285714285714 0.5008333333333334 0.065 0.023333333333333334
0 0.9625 0.5108333333333334 0.065 0.023333333333333334
