0 0.027142857142857142 0.5766666666666667 0.05142857142857143 0.03333333333333333
0 0.06285714285714286 0.5816666666666667 0.05142857142857143 0.03333333333333333
0 0.09071428571428572 0.5916666666666667 0.05142857142857143 0.03333333333333333
0 0.12857142857142856 0.6050000000000001 0.05142857142857143 0.03333333333333333
0 0.16714285714285715 0.5941666666666667 0.05142857142857143 0.03333333333333333
0 0.2057142857142857 0.5891666666666667 0.05142857142857143 0.03333333333333333
0 0.23714285714285716 0.5925 0.05142857142857143 0.03333333333333333
0 0.2742857142857143 0.6033333333333334 0.05142857142857143 0.03333333333333333
0 0.315 0.6158333333333333 0.05142857142857143 0.03333333333333333
0 0.3514285714285714 0.625 0.05142857142857143 0.03333333333333333
0 0.38857142857142857 0.6333333333333334 0.05142857142857143 0.03333333333333333
0 0.42857142857142855 0.6441666666666667 0.05142857142857143 0.03333333333333333
0 0.4085714285714286 0.64 0.05142857142857143 0.03333333333333333
0 0.45785714285714285 0.6533333333333333 0.05142857142857143 0.03333333333333333
0 0.49857142857142855 0.6491666666666667 0.05142857142857143 0.03333333333333333
0 0.5435714285714286 0.6483333333333334 0.05142857142857143 0.03333333333333333
0 0.5814285714285714 0.6591666666666667 0.05142857142857143 0.03333333333333333
0 0.625 0.68 0.05142857142857143 0.03333333333333333
0 0.6557142857142857 0.7000000000000001 0.05142857142857143 0.03333333333333333
0 0.7492857142857143 0.8358333333333334 0.05142857142857143 0.03333333333333333
0 0.7914285714285715 0.8425 0.05142857142857143 0.03333333333333333
