0 0.03214285714285714 0.5170833333333333 0.05714285714285714 0.035833333333333335
0 0.08892857142857143 0.5129166666666667 0.06357142857142857 0.03416666666666667
0 0.12821428571428573 0.4754166666666667 0.062142857142857146 0.03416666666666667
0 0.1757142857142857 0.4716666666666667 0.06857142857142857 0.035
0 0.34214285714285714 0.465 0.06857142857142857 0.035
0 0.3842857142857143 0.4741666666666667 0.06857142857142857 0.035
0 0.4157142857142857 0.48500000000000004 0.06857142857142857 0.035
0 0.45714285714285713 0.5008333333333334 0.06857142857142857 0.035
0 0.5057142857142857 0.5083333333333334 0.06857142857142857 0.035
0 0.5542857142857143 0.5191666666666667 0.06857142857142857 0.035
0 0.5921428571428572 0.525 0.06857142857142857 0.035
