0 0.036071428571428574 0.4154166666666667 0.05928571428571429 0.029166666666666667
0 0.06321428571428571 0.42708333333333337 0.05928571428571429 0.029166666666666667
0 0.09964285714285714 0.43875000000000003 0.05928571428571429 0.029166666666666667
0 0.1432142857142857 0.46375000000000005 0.05928571428571429 0.029166666666666667
0 0.19321428571428573 0.45458333333333334 0.05928571428571429 0.029166666666666667
0 0.22535714285714287 0.44625000000000004 0.05928571428571429 0.029166666666666667
0 0.2717857142857143 0.4504166666666667 0.05928571428571429 0.029166666666666667
0 0.31464285714285717 0.45458333333333334 0.05928571428571429 0.029166666666666667
0 0.3675 0.4504166666666667 0.05928571428571429 0.029166666666666667
0 0.39535714285714285 0.45125000000000004 0.05928571428571429 0.029166666666666667
0 0.44392857142857145 0.45708333333333334 0.05928571428571429 0.029166666666666667
0 0.49178571428571427 0.44875000000000004 0.05928571428571429 0.029166666666666667
0 0.5260714285714285 0.4454166666666667 0.05928571428571429 0.029166666666666667
0 0.5717857142857142 0.4354166666666667 0.05928571428571429 0.029166666666666667
0 0.6132142857142857 0.4370833333333334 0.05928571428571429 0.029166666666666667
0 0.6675 0.4470833333333334 0.05928571428571429 0.029166666666666667
0 0.7010714285714286 0.4579166666666667 0.05928571428571429 0.029166666666666667
0 0.7496428571428572 0.46708333333333335 0.05928571428571429 0.029166666666666667
0 0.7939285714285714 0.4679166666666667 0.05928571428571429 0.029166666666666667
0 0.8425 0.47208333333333335 0.05928571428571429 0.029166666666666667
0 0.8910714285714286 0.45208333333333334 0.05928571428571429 0.029166666666666667
0 0.9360714285714286 0.4479166666666667 0.05928571428571429 0.029166666666666667
0 0.9696428571428571 0.45125000000000004 0.05928571428571429 0.029166666666666667
