0 0.0275 0.5625 0.052142857142857144 0.023333333333333334
0 0.05964285714285714 0.55 0.052142857142857144 0.023333333333333334
0 0.09178571428571429 0.5616666666666666 0.052142857142857144 0.023333333333333334
0 0.14392857142857143 0.5675 0.052142857142857144 0.023333333333333334
0 0.1982142857142857 0.5725 0.052142857142857144 0.023333333333333334
0 0.2475 0.5675 0.052142857142857144 0.023333333333333334
0 0.2867857142857143 0.5525 0.052142857142857144 0.023333333333333334
0 0.33107142857142857 0.5316666666666667 0.052142857142857144 0.023333333333333334
0 0.3782142857142857 0.5283333333333333 0.052142857142857144 0.023333333333333334
0 0.42964285714285716 0.5425 0.052142857142857144 0.023333333333333334
0 0.4675 0.5508333333333334 0.052142857142857144 0.023333333333333334
0 0.5125 0.5591666666666667 0.052142857142857144 0.023333333333333334
0 0.5603571428571429 0.5666666666666667 0.052142857142857144 0.023333333333333334
0 0.7353571428571428 0.5808333333333334 0.052142857142857144 0.023333333333333334
0 0.7753571428571429 0.5716666666666667 0.052142857142857144 0.023333333333333334
0 0.8167857142857143 0.5666666666666667 0.052142857142857144 0.023333333333333334
0 0.8610714285714286 0.5750000000000001 0.052142857142857144 0.023333333333333334
0 0.8996428571428572 0.5691666666666667 0.052142857142857144 0.023333333333333334
0 0.9439285714285715 0.5666666666666667 0.052142857142857144 0.023333333333333334
0 0.9739285714285715 0.5666666666666667 0.052142857142857144 0.023333333333333334
