0 0.03428571428571429 0.5320833333333334 0.06714285714285714 0.0325
0 0.07285714285714286 0.54125 0.06714285714285714 0.0325
0 0.12857142857142856 0.5620833333333334 0.06714285714285714 0.0325
0 0.175 0.5470833333333334 0.06714285714285714 0.0325
0 0.225 0.55625 0.06714285714285714 0.0325
0 0.2671428571428571 0.5687500000000001 0.06714285714285714 0.0325
0 0.31357142857142856 0.57875 0.06714285714285714 0.0325
0 0.36214285714285716 0.5720833333333334 0.06714285714285714 0.0325
0 0.4235714285714286 0.56125 0.06714285714285714 0.0325
0 0.5057142857142857 0.53125 0.06714285714285714 0.0325
0 0.5664285714285714 0.51625 0.06714285714285714 0.0325
0 0.6192857142857143 0.50625 0.06714285714285714 0.0325
0 0.6685714285714286 0.5079166666666667 0.06714285714285714 0.0325
