0 0.03357142857142857 0.57375 0.03142857142857143 0.04083333333333333
0 0.07392857142857143 0.5483333333333333 0.05785714285714286 0.030000000000000002
0 0.1125 0.5433333333333333 0.05785714285714286 0.030000000000000002
0 0.15392857142857141 0.5408333333333334 0.05785714285714286 0.030000000000000002
0 0.18821428571428572 0.54 0.05785714285714286 0.030000000000000002
0 0.23892857142857143 0.5566666666666668 0.05785714285714286 0.030000000000000002
0 0.29178571428571426 0.5483333333333333 0.05785714285714286 0.030000000000000002
0 0.32821428571428574 0.5516666666666667 0.05785714285714286 0.030000000000000002
0 0.3582142857142857 0.5591666666666667 0.05785714285714286 0.030000000000000002
0 0.3960714285714286 0.5608333333333334 0.05785714285714286 0.030000000000000002
0 0.44107142857142856 0.5566666666666668 0.05785714285714286 0.030000000000000002
0 0.4825 0.5466666666666667 0.05785714285714286 0.030000000000000002
0 0.5239285714285714 0.5416666666666667 0.05785714285714286 0.030000000000000002
0 0.5732142857142857 0.5291666666666667 0.05785714285714286 0.030000000000000002
0 0.6039285714285715 0.5308333333333334 0.05785714285714286 0.030000000000000002
0 0.6510714285714285 0.5341666666666667 0.05785714285714286 0.030000000000000002
0 0.6896428571428571 0.5266666666666667 0.05785714285714286 0.030000000000000002
0 0.7232142857142857 0.525 0.05785714285714286 0.030000000000000002
0 0.7746428571428572 0.5258333333333334 0.05785714285714286 0.030000000000000002
0 0.8325 0.5375000000000001 0.05785714285714286 0.030000000000000002
0 0.8867857142857143 0.5416666666666667 0.05785714285714286 0.030000000000000002
0 0.9317857142857143 0.5408333333333334 0.05785714285714286 0.030000000000000002
0 0.9532142857142857 0.55 0.05785714285714286 0.030000000000000002
