0 0.03214285714285714 0.46708333333333335 0.06285714285714286 0.04083333333333333
0 0.06928571428571428 0.46958333333333335 0.06285714285714286 0.04083333333333333
0 0.11071428571428571 0.46708333333333335 0.06285714285714286 0.04083333333333333
0 0.15142857142857144 0.4629166666666667 0.06285714285714286 0.04083333333333333
0 0.2 0.47458333333333336 0.06285714285714286 0.04083333333333333
0 0.245 0.47375 0.06285714285714286 0.04083333333333333
0 0.2757142857142857 0.46625000000000005 0.06285714285714286 0.04083333333333333
0 0.32 0.4554166666666667 0.06285714285714286 0.04083333333333333
0 0.3707142857142857 0.4604166666666667 0.06285714285714286 0.04083333333333333
0 0.41928571428571426 0.45125000000000004 0.06285714285714286 0.04083333333333333
0 0.4685714285714286 0.44625000000000004 0.06285714285714286 0.04083333333333333
0 0.5092857142857142 0.43291666666666667 0.06285714285714286 0.04083333333333333
0 0.5685714285714286 0.40875 0.06285714285714286 0.04083333333333333
0 0.6071428571428571 0.4204166666666667 0.06285714285714286 0.04083333333333333
0 0.6528571428571428 0.4320833333333334 0.06285714285714286 0.04083333333333333
0 0.7014285714285714 0.43041666666666667 0.06285714285714286 0.04083333333333333
0 0.745 0.4295833333333334 0.06285714285714286 0.04083333333333333
0 0.7785714285714286 0.4320833333333334 0.06285714285714286 0.04083333333333333
0 0.8235714285714286 0.43041666666666667 0.06285714285714286 0.04083333333333333
0 0.8685714285714285 0.43041666666666667 0.06285714285714286 0.04083333333333333
0 0.9021428571428571 0.4479166666666667 0.06285714285714286 0.04083333333333333
0 0.9557142857142857 0.4629166666666667 0.06285714285714286 0.04083333333333333
