0 0.03964285714285714 0.39 0.06357142857142857 0.03833333333333334
0 0.07678571428571429 0.3691666666666667 0.06357142857142857 0.03833333333333334
0 0.1225 0.3616666666666667 0.06357142857142857 0.03833333333333334
0 0.16535714285714287 0.35750000000000004 0.06357142857142857 0.03833333333333334
0 0.20964285714285713 0.36083333333333334 0.06357142857142857 0.03833333333333334
0 0.2546428571428571 0.35250000000000004 0.06357142857142857 0.03833333333333334
0 0.2960714285714286 0.3541666666666667 0.06357142857142857 0.03833333333333334
0 0.3410714285714286 0.3591666666666667 0.06357142857142857 0.03833333333333334
0 0.3867857142857143 0.35500000000000004 0.06357142857142857 0.03833333333333334
0 0.43107142857142855 0.35333333333333333 0.06357142857142857 0.03833333333333334
0 0.47535714285714287 0.35833333333333334 0.06357142857142857 0.03833333333333334
0 0.5175 0.3616666666666667 0.06357142857142857 0.03833333333333334
0 0.5625 0.3741666666666667 0.06357142857142857 0.03833333333333334
0 0.6082142857142857 0.38333333333333336 0.06357142857142857 0.03833333333333334
0 0.6667857142857143 0.3891666666666667 0.06357142857142857 0.03833333333333334
0 0.7139285714285715 0.39583333333333337 0.06357142857142857 0.03833333333333334
0 0.7660714285714286 0.3983333333333334 0.06357142857142857 0.03833333333333334
0 0.8082142857142857 0.4025 0.06357142857142857 0.03833333333333334
0 0.8517857142857143 0.4083333333333334 0.06357142857142857 0.03833333333333334
0 0.8967857142857143 0.4441666666666667 0.06357142857142857 0.03833333333333334
