0 0.027857142857142858 0.42833333333333334 0.04857142857142857 0.03166666666666667
0 0.05857142857142857 0.4441666666666667 0.04857142857142857 0.03166666666666667
0 0.09285714285714286 0.44833333333333336 0.04857142857142857 0.03166666666666667
0 0.1407142857142857 0.46166666666666667 0.04857142857142857 0.03166666666666667
0 0.18571428571428572 0.4541666666666667 0.04857142857142857 0.03166666666666667
0 0.2757142857142857 0.4366666666666667 0.04857142857142857 0.03166666666666667
0 0.33 0.43000000000000005 0.04857142857142857 0.03166666666666667
0 0.36357142857142855 0.42833333333333334 0.04857142857142857 0.03166666666666667
0 0.2985714285714286 0.4316666666666667 0.04857142857142857 0.03166666666666667
0 0.21142857142857144 0.4475 0.04857142857142857 0.03166666666666667
0 0.4007142857142857 0.4366666666666667 0.04857142857142857 0.03166666666666667
0 0.43714285714285717 0.4366666666666667 0.04857142857142857 0.03166666666666667
0 0.4685714285714286 0.445 0.04857142857142857 0.03166666666666667
0 0.5485714285714286 0.4625 0.04857142857142857 0.03166666666666667
0 0.5928571428571429 0.46416666666666667 0.04857142857142857 0.03166666666666667
0 0.6428571428571429 0.45583333333333337 0.04857142857142857 0.03166666666666667
