0 0.038214285714285715 0.38708333333333333 0.06357142857142857 0.04416666666666667
0 0.07892857142857143 0.3754166666666667 0.06357142857142857 0.04416666666666667
0 0.12107142857142857 0.36791666666666667 0.06357142857142857 0.04416666666666667
0 0.1675 0.3770833333333334 0.06357142857142857 0.04416666666666667
0 0.20607142857142857 0.3854166666666667 0.06357142857142857 0.04416666666666667
0 0.6175 0.42208333333333337 0.06357142857142857 0.04416666666666667
0 0.6632142857142858 0.42375 0.06357142857142857 0.04416666666666667
0 0.7096428571428571 0.42875 0.06357142857142857 0.04416666666666667
0 0.7667857142857143 0.43291666666666667 0.06357142857142857 0.04416666666666667
0 0.8332142857142857 0.42708333333333337 0.06357142857142857 0.04416666666666667
0 0.8817857142857143 0.43625 0.06357142857142857 0.04416666666666667
0 0.9303571428571429 0.4379166666666667 0.06357142857142857 0.04416666666666667
0 0.9646428571428571 0.43041666666666667 0.06357142857142857 0.04416666666666667
