0 0.03214285714285714 0.6283333333333334 0.055714285714285716 0.045000000000000005
0 0.07 0.6275000000000001 0.055714285714285716 0.045000000000000005
0 0.10428571428571429 0.6133333333333334 0.055714285714285716 0.045000000000000005
0 0.15071428571428572 0.6033333333333334 0.055714285714285716 0.045000000000000005
0 0.195 0.5991666666666667 0.055714285714285716 0.045000000000000005
0 0.23357142857142857 0.5950000000000001 0.055714285714285716 0.045000000000000005
0 0.28785714285714287 0.5866666666666667 0.055714285714285716 0.045000000000000005
0 0.31857142857142856 0.5641666666666667 0.055714285714285716 0.045000000000000005
0 0.3492857142857143 0.5783333333333334 0.055714285714285716 0.045000000000000005
0 0.39285714285714285 0.5858333333333333 0.055714285714285716 0.045000000000000005
0 0.42428571428571427 0.6008333333333333 0.055714285714285716 0.045000000000000005
0 0.4835714285714286 0.6133333333333334 0.055714285714285716 0.045000000000000005
0 0.5235714285714286 0.6091666666666667 0.055714285714285716 0.045000000000000005
0 0.5635714285714286 0.6066666666666667 0.055714285714285716 0.045000000000000005
0 0.5985714285714285 0.5891666666666667 0.055714285714285716 0.045000000000000005
0 0.6378571428571429 0.5991666666666667 0.055714285714285716 0.045000000000000005
0 0.6685714285714286 0.6050000000000001 0.055714285714285716 0.045000000000000005
0 0.7028571428571428 0.6050000000000001 0.055714285714285716 0.045000000000000005
0 0.74 0.6116666666666667 0.055714285714285716 0.045000000000000005
0 0.785 0.6133333333333334 0.055714285714285716 0.045000000000000005
0 0.83 0.5891666666666667 0.055714285714285716 0.045000000000000005
0 0.8814285714285715 0.5916666666666667 0.055714285714285716 0.045000000000000005
0 0.9264285714285714 0.6000000000000001 0.055714285714285716 0.045000000000000005
0 0.9671428571428572 0.6041666666666667 0.055714285714285716 0.045000000000000005
