0 0.02857142857142857 0.5945833333333334 0.047142857142857146 0.03916666666666667
0 0.052142857142857144 0.5979166666666667 0.047142857142857146 0.03916666666666667
0 0.09142857142857143 0.5979166666666667 0.047142857142857146 0.03916666666666667
0 0.11071428571428571 0.5845833333333333 0.047142857142857146 0.03916666666666667
0 0.14285714285714285 0.5679166666666667 0.047142857142857146 0.03916666666666667
0 0.17857142857142858 0.56625 0.047142857142857146 0.03916666666666667
0 0.21214285714285713 0.5704166666666667 0.047142857142857146 0.03916666666666667
0 0.24714285714285714 0.58375 0.047142857142857146 0.03916666666666667
0 0.27 0.5679166666666667 0.047142857142857146 0.03916666666666667
0 0.30642857142857144 0.5520833333333334 0.047142857142857146 0.03916666666666667
0 0.33785714285714286 0.5429166666666667 0.047142857142857146 0.03916666666666667
0 0.37357142857142855 0.5495833333333334 0.047142857142857146 0.03916666666666667
0 0.4042857142857143 0.5520833333333334 0.047142857142857146 0.03916666666666667
0 0.4392857142857143 0.5495833333333334 0.047142857142857146 0.03916666666666667
0 0.4642857142857143 0.5645833333333333 0.047142857142857146 0.03916666666666667
0 0.5021428571428571 0.5704166666666667 0.047142857142857146 0.03916666666666667
0 0.5307142857142857 0.5687500000000001 0.047142857142857146 0.03916666666666667
0 0.5642857142857143 0.5604166666666667 0.047142857142857146 0.03916666666666667
0 0.6064285714285714 0.5645833333333333 0.047142857142857146 0.03916666666666667
0 0.6414285714285715 0.5654166666666667 0.047142857142857146 0.03916666666666667
0 0.6778571428571428 0.5637500000000001 0.047142857142857146 0.03916666666666667
0 0.715 0.5570833333333334 0.047142857142857146 0.03916666666666667
0 0.7521428571428571 0.5670833333333334 0.047142857142857146 0.03916666666666667
0 0.8057142857142857 0.5479166666666667 0.047142857142857146 0.03916666666666667
0 0.8442857142857143 0.5404166666666667 0.047142857142857146 0.03916666666666667
0 0.8835714285714286 0.5270833333333333 0.047142857142857146 0.03916666666666667
0 0.9292857142857143 0.5329166666666667 0.047142857142857146 0.03916666666666667
0 0.9764285714285714 0.5354166666666667 0.047142857142857146 0.03916666666666667
0 0.9514285714285714 0.5395833333333334 0.047142857142857146 0.03916666666666667
0 0.9107142857142857 0.5354166666666667 0.047142857142857146 0.03916666666666667
