0 0.026785714285714284 0.5825 0.052142857142857144 0.030000000000000002
0 0.07285714285714286 0.5891666666666667 0.05285714285714286 0.030000000000000002
0 0.12357142857142857 0.5616666666666666 0.05285714285714286 0.030000000000000002
0 0.24142857142857144 0.6000000000000001 0.05285714285714286 0.030000000000000002
0 0.4057142857142857 0.5741666666666667 0.05285714285714286 0.030000000000000002
0 0.3357142857142857 0.635 0.05285714285714286 0.030000000000000002
0 0.44857142857142857 0.5533333333333333 0.05285714285714286 0.030000000000000002
0 0.4907142857142857 0.5441666666666667 0.05285714285714286 0.030000000000000002
0 0.5285714285714286 0.5366666666666667 0.05285714285714286 0.030000000000000002
0 0.5642857142857143 0.5425 0.05285714285714286 0.030000000000000002
0 0.6057142857142858 0.5366666666666667 0.05285714285714286 0.030000000000000002
0 0.6557142857142857 0.5483333333333333 0.05285714285714286 0.030000000000000002
0 0.7157142857142857 0.5883333333333334 0.05285714285714286 0.030000000000000002
0 0.7607142857142857 0.5883333333333334 0.05285714285714286 0.030000000000000002
0 0.7985714285714286 0.5900000000000001 0.05285714285714286 0.030000000000000002
0 0.8435714285714285 0.5775 0.05285714285714286 0.030000000000000002
0 0.8935714285714286 0.5883333333333334 0.05285714285714286 0.030000000000000002
0 0.9378571428571428 0.5966666666666667 0.05285714285714286 0.030000000000000002
0 0.9735714285714285 0.6016666666666667 0.05285714285714286 0.030000000000000002
