0 0.03 0.5170833333333333 0.05857142857142857 0.04083333333333333
0 0.07357142857142857 0.5279166666666667 0.05857142857142857 0.04083333333333333
0 0.11357142857142857 0.5337500000000001 0.05857142857142857 0.04083333333333333
0 0.15928571428571428 0.5545833333333333 0.05857142857142857 0.04083333333333333
0 0.21142857142857144 0.5720833333333334 0.05857142857142857 0.04083333333333333
0 0.2621428571428571 0.5654166666666667 0.05857142857142857 0.04083333333333333
0 0.31 0.5645833333333333 0.05857142857142857 0.04083333333333333
0 0.3578571428571429 0.5645833333333333 0.05857142857142857 0.04083333333333333
0 0.4107142857142857 0.5620833333333334 0.05857142857142857 0.04083333333333333
0 0.4592857142857143 0.5454166666666667 0.05857142857142857 0.04083333333333333
0 0.5121428571428571 0.5437500000000001 0.05857142857142857 0.04083333333333333
0 0.5757142857142857 0.5645833333333333 0.05857142857142857 0.04083333333333333
0 0.6357142857142857 0.5704166666666667 0.05857142857142857 0.04083333333333333
0 0.6842857142857143 0.5695833333333333 0.05857142857142857 0.04083333333333333
0 0.7321428571428571 0.5720833333333334 0.05857142857142857 0.04083333333333333
0 0.6628571428571428 0.49541666666666667 0.05857142857142857 0.04083333333333333
0 0.7242857142857143 0.49625 0.05857142857142857 0.04083333333333333
0 0.7735714285714286 0.4945833333333334 0.05857142857142857 0.04083333333333333
0 0.825 0.51625 0.05857142857142857 0.04083333333333333
0 0.8742857142857143 0.5254166666666668 0.05857142857142857 0.04083333333333333
0 0.9192857142857143 0.5179166666666667 0.05857142857142857 0.04083333333333333
0 0.9707142857142858 0.5254166666666668 0.05857142857142857 0.04083333333333333
