0 0.03642857142857143 0.3754166666666667 0.05714285714285714 0.037500000000000006
0 0.08142857142857143 0.3979166666666667 0.05714285714285714 0.037500000000000006
0 0.19357142857142856 0.3929166666666667 0.05714285714285714 0.037500000000000006
0 0.13214285714285715 0.39208333333333334 0.05714285714285714 0.037500000000000006
0 0.24357142857142858 0.39708333333333334 0.05714285714285714 0.037500000000000006
0 0.28785714285714287 0.38875000000000004 0.05714285714285714 0.037500000000000006
0 0.32357142857142857 0.39625000000000005 0.05714285714285714 0.037500000000000006
0 0.3678571428571429 0.39625000000000005 0.05714285714285714 0.037500000000000006
0 0.41 0.39375000000000004 0.05714285714285714 0.037500000000000006
0 0.44857142857142857 0.38458333333333333 0.05714285714285714 0.037500000000000006
0 0.48928571428571427 0.3929166666666667 0.05714285714285714 0.037500000000000006
0 0.5307142857142857 0.38625000000000004 0.05714285714285714 0.037500000000000006
0 0.575 0.3745833333333334 0.05714285714285714 0.037500000000000006
0 0.6128571428571429 0.36375 0.05714285714285714 0.037500000000000006
0 0.6485714285714286 0.35458333333333336 0.05714285714285714 0.037500000000000006
0 0.6885714285714286 0.3529166666666667 0.05714285714285714 0.037500000000000006
0 0.7435714285714285 0.35208333333333336 0.05714285714285714 0.037500000000000006
0 0.7928571428571428 0.36125 0.05714285714285714 0.037500000000000006
0 0.8435714285714285 0.38958333333333334 0.05714285714285714 0.037500000000000006
0 0.8885714285714286 0.40708333333333335 0.05714285714285714 0.037500000000000006
0 0.9521428571428572 0.40375000000000005 0.05714285714285714 0.037500000000000006
