0 0.12392857142857143 0.47958333333333336 0.05785714285714286 0.0275
0 0.1625 0.4679166666666667 0.05785714285714286 0.0275
0 0.1925 0.46375000000000005 0.05785714285714286 0.0275
0 0.30178571428571427 0.41875 0.05785714285714286 0.0275
0 0.34464285714285714 0.4345833333333334 0.05785714285714286 0.0275
0 0.38821428571428573 0.43375 0.05785714285714286 0.0275
0 0.42964285714285716 0.4445833333333334 0.05785714285714286 0.0275
0 0.4689285714285714 0.4554166666666667 0.05785714285714286 0.0275
0 0.5110714285714286 0.4554166666666667 0.05785714285714286 0.0275
0 0.5589285714285714 0.45125000000000004 0.05785714285714286 0.0275
0 0.6025 0.44875000000000004 0.05785714285714286 0.0275
0 0.6539285714285714 0.45458333333333334 0.05785714285714286 0.0275
0 0.6989285714285715 0.4429166666666667 0.05785714285714286 0.0275
0 0.7396428571428572 0.4529166666666667 0.05785714285714286 0.0275
0 0.7960714285714285 0.46375000000000005 0.05785714285714286 0.0275
