0 0.0775 0.5391666666666667 0.07071428571428572 0.035
0 0.12821428571428573 0.5425 0.07071428571428572 0.035
0 0.17392857142857143 0.5383333333333333 0.07071428571428572 0.035
0 0.2417857142857143 0.5216666666666667 0.07071428571428572 0.035
0 0.2982142857142857 0.5333333333333333 0.07071428571428572 0.035
0 0.3560714285714286 0.53 0.07071428571428572 0.035
0 0.4203571428571429 0.5258333333333334 0.07071428571428572 0.035
0 0.46035714285714285 0.5441666666666667 0.07071428571428572 0.035
0 0.5153571428571428 0.5475 0.07071428571428572 0.035
0 0.5710714285714286 0.5516666666666667 0.07071428571428572 0.035
0 0.6353571428571428 0.5541666666666667 0.07071428571428572 0.035
0 0.6782142857142857 0.5458333333333334 0.07071428571428572 0.035
0 0.7260714285714286 0.5533333333333333 0.07071428571428572 0.035
0 0.7946428571428571 0.545 0.07071428571428572 0.035
0 0.8432142857142857 0.5466666666666667 0.07071428571428572 0.035
0 0.9003571428571429 0.5508333333333334 0.07071428571428572 0.035
0 0.9425 0.5625 0.07071428571428572 0.035
0 0.03571428571428571 0.5466666666666667 0.07 0.035
