0 0.1742857142857143 0.6083333333333334 0.07142857142857142 0.03333333333333333
0 0.22071428571428572 0.5975 0.07142857142857142 0.03333333333333333
0 0.2792857142857143 0.6041666666666667 0.07142857142857142 0.03333333333333333
0 0.3357142857142857 0.5991666666666667 0.07142857142857142 0.03333333333333333
0 0.39571428571428574 0.6000000000000001 0.07142857142857142 0.03333333333333333
0 0.4471428571428571 0.6041666666666667 0.07142857142857142 0.03333333333333333
0 0.5057142857142857 0.5925 0.07142857142857142 0.03333333333333333
0 0.5614285714285714 0.5966666666666667 0.07142857142857142 0.03333333333333333
0 0.6085714285714285 0.5800000000000001 0.07142857142857142 0.03333333333333333
0 0.6607142857142857 0.56 0.07142857142857142 0.03333333333333333
0 0.7092857142857143 0.5441666666666667 0.07142857142857142 0.03333333333333333
0 0.7614285714285715 0.5158333333333334 0.07142857142857142 0.03333333333333333
0 0.78 0.49500000000000005 0.07142857142857142 0.03333333333333333
0 0.8185714285714286 0.4683333333333334 0.07142857142857142 0.03333333333333333
0 0.8828571428571429 0.48000000000000004 0.07142857142857142 0.03333333333333333
0 0.935 0.49083333333333334 0.07142857142857142 0.03333333333333333
0 0.9607142857142857 0.49583333333333335 0.07142857142857142 0.03333333333333333
0 0.92 0.5441666666666667 0.07142857142857142 0.03333333333333333
