0 0.0325 0.53 0.04928571428571429 0.04
0 0.05678571428571429 0.5233333333333333 0.04928571428571429 0.04
0 0.08821428571428572 0.5125000000000001 0.04928571428571429 0.04
0 0.11821428571428572 0.5183333333333333 0.04928571428571429 0.04
0 0.15321428571428572 0.5258333333333334 0.04928571428571429 0.04
0 0.18392857142857144 0.515 0.04928571428571429 0.04
0 0.22607142857142856 0.5258333333333334 0.04928571428571429 0.04
0 0.24964285714285714 0.5325000000000001 0.04928571428571429 0.04
0 0.2839285714285714 0.5358333333333334 0.04928571428571429 0.04
0 0.3225 0.5308333333333334 0.04928571428571429 0.04
0 0.3475 0.5216666666666667 0.04928571428571429 0.04
0 0.3867857142857143 0.5133333333333334 0.04928571428571429 0.04
0 0.42464285714285716 0.5183333333333333 0.04928571428571429 0.04
0 0.4517857142857143 0.5083333333333334 0.04928571428571429 0.04
0 0.49464285714285716 0.5033333333333334 0.04928571428571429 0.04
0 0.5239285714285714 0.5141666666666667 0.04928571428571429 0.04
0 0.5596428571428571 0.5241666666666667 0.04928571428571429 0.04
0 0.5989285714285715 0.5391666666666667 0.04928571428571429 0.04
0 0.6432142857142857 0.5525 0.04928571428571429 0.04
0 0.6782142857142857 0.5691666666666667 0.04928571428571429 0.04
0 0.7253571428571428 0.5716666666666667 0.04928571428571429 0.04
0 0.7575 0.5691666666666667 0.04928571428571429 0.04
0 0.8017857142857143 0.5800000000000001 0.04928571428571429 0.04
0 0.8317857142857142 0.5925 0.04928571428571429 0.04
0 0.8753571428571428 0.5854166666666667 0.060714285714285714 0.04583333333333334
0 0.9096428571428572 0.5779166666666667 0.060714285714285714 0.04583333333333334
0 0.9696428571428571 0.5629166666666667 0.060714285714285714 0.04583333333333334
0 0.9417857142857143 0.5637500000000001 0.060714285714285714 0.04583333333333334
