0 0.056428571428571425 0.27083333333333337 0.06857142857142857 0.04166666666666667
0 0.12642857142857142 0.28500000000000003 0.06857142857142857 0.04166666666666667
0 0.18071428571428572 0.30000000000000004 0.06857142857142857 0.04166666666666667
0 0.23 0.3016666666666667 0.06857142857142857 0.04166666666666667
0 0.29285714285714287 0.30083333333333334 0.06857142857142857 0.04166666666666667
0 0.35214285714285715 0.32083333333333336 0.06857142857142857 0.04166666666666667
0 0.40714285714285714 0.3325 0.06857142857142857 0.04166666666666667
0 0.4614285714285714 0.33083333333333337 0.06857142857142857 0.04166666666666667
0 0.5192857142857142 0.33 0.06857142857142857 0.04166666666666667
0 0.5921428571428572 0.33333333333333337 0.06857142857142857 0.04166666666666667
