0 0.0725 0.5791666666666667 0.055 0.035
0 0.12535714285714286 0.5741666666666667 0.055 0.035
0 0.17392857142857143 0.5700000000000001 0.055 0.035
0 0.2532142857142857 0.5316666666666667 0.055 0.035
0 0.3082142857142857 0.5258333333333334 0.055 0.035
0 0.5332142857142858 0.5408333333333334 0.055 0.035
0 0.5803571428571429 0.5566666666666668 0.055 0.035
0 0.6253571428571428 0.5483333333333333 0.055 0.035
0 0.6810714285714285 0.55 0.055 0.035
0 0.7375 0.5616666666666666 0.055 0.035
0 0.7825 0.5583333333333333 0.055 0.035
0 0.8289285714285715 0.5575 0.055 0.035
0 0.8760714285714286 0.5541666666666667 0.055 0.035
0 0.9203571428571429 0.525 0.055 0.035
0 0.9725 0.5283333333333333 0.055 0.035
