0 0.3442857142857143 0.42875 0.07 0.030833333333333334
0 0.4135714285714286 0.40958333333333335 0.07 0.030833333333333334
0 0.4757142857142857 0.41458333333333336 0.07 0.030833333333333334
0 0.6085714285714285 0.41375 0.07 0.030833333333333334
0 0.5521428571428572 0.41375 0.07 0.030833333333333334
0 0.6692857142857143 0.42375 0.07 0.030833333333333334
0 0.7264285714285714 0.42125 0.07 0.030833333333333334
0 0.7735714285714286 0.42208333333333337 0.07 0.030833333333333334
0 0.8314285714285714 0.41708333333333336 0.07 0.030833333333333334
0 0.9314285714285714 0.39458333333333334 0.07 0.030833333333333334
0 0.9635714285714285 0.35875 0.07 0.030833333333333334
0 0.2857142857142857 0.4445833333333334 0.07 0.030833333333333334
0 0.21214285714285713 0.44625000000000004 0.07 0.030833333333333334
