0 0.0225 0.4633333333333334 0.04357142857142857 0.028333333333333335
0 0.06285714285714286 0.47000000000000003 0.04428571428571428 0.028333333333333335
0 0.10428571428571429 0.465 0.04428571428571428 0.028333333333333335
0 0.14964285714285713 0.4608333333333334 0.055 0.03666666666666667
0 0.19642857142857142 0.4341666666666667 0.06 0.03666666666666667
0 0.22285714285714286 0.4266666666666667 0.06 0.03666666666666667
0 0.2735714285714286 0.4391666666666667 0.06 0.03666666666666667
0 0.325 0.45083333333333336 0.06 0.03666666666666667
0 0.37142857142857144 0.4708333333333334 0.06 0.03666666666666667
0 0.4542857142857143 0.49750000000000005 0.06 0.03666666666666667
0 0.7092857142857143 0.5425 0.06 0.03666666666666667
0 0.77 0.5341666666666667 0.06 0.03666666666666667
0 0.8271428571428572 0.5283333333333333 0.06 0.03666666666666667
0 0.8842857142857142 0.5141666666666667 0.06 0.03666666666666667
0 0.9242857142857143 0.5158333333333334 0.06 0.03666666666666667
0 0.9678571428571429 0.5175000000000001 0.06 0.03666666666666667
0 0.5014285714285714 0.5058333333333334 0.06 0.03666666666666667
