0 0.285 0.5633333333333334 0.06428571428571428 0.045000000000000005
0 0.23785714285714285 0.5766666666666667 0.06428571428571428 0.045000000000000005
0 0.12 0.7425 0.06428571428571428 0.045000000000000005
0 0.16785714285714284 0.7233333333333334 0.06428571428571428 0.045000000000000005
0 0.3364285714285714 0.5658333333333334 0.06428571428571428 0.045000000000000005
0 0.3942857142857143 0.5808333333333334 0.06428571428571428 0.045000000000000005
0 0.43642857142857144 0.5591666666666667 0.06428571428571428 0.045000000000000005
0 0.48928571428571427 0.5650000000000001 0.06428571428571428 0.045000000000000005
0 0.5385714285714286 0.5725 0.06428571428571428 0.045000000000000005
0 0.58 0.5766666666666667 0.06428571428571428 0.045000000000000005
0 0.6207142857142857 0.5800000000000001 0.06428571428571428 0.045000000000000005
0 0.6792857142857143 0.5800000000000001 0.06428571428571428 0.045000000000000005
0 0.7342857142857143 0.5783333333333334 0.06428571428571428 0.045000000000000005
0 0.7842857142857143 0.5741666666666667 0.06428571428571428 0.045000000000000005
0 0.8335714285714285 0.5783333333333334 0.06428571428571428 0.045000000000000005
0 0.8914285714285715 0.5775 0.06428571428571428 0.045000000000000005
0 0.9435714285714286 0.5825 0.06428571428571428 0.045000000000000005
0 0.9678571428571429 0.5800000000000001 0.06428571428571428 0.045000000000000005
