0 0.07892857142857143 0.6870833333333334 0.07357142857142857 0.04583333333333334
0 0.12678571428571428 0.6637500000000001 0.07357142857142857 0.04583333333333334
0 0.1717857142857143 0.64375 0.07357142857142857 0.04583333333333334
0 0.22464285714285714 0.6179166666666667 0.07357142857142857 0.04583333333333334
0 0.2546428571428571 0.59375 0.07357142857142857 0.04583333333333334
0 0.28964285714285715 0.58625 0.07357142857142857 0.04583333333333334
0 0.3267857142857143 0.5704166666666667 0.07357142857142857 0.04583333333333334
0 0.3525 0.55625 0.07357142857142857 0.04583333333333334
0 0.3889285714285714 0.5429166666666667 0.07357142857142857 0.04583333333333334
0 0.41464285714285715 0.5279166666666667 0.07357142857142857 0.04583333333333334
0 0.44821428571428573 0.5129166666666667 0.07357142857142857 0.04583333333333334
0 0.48892857142857143 0.5179166666666667 0.07357142857142857 0.04583333333333334
0 0.5217857142857143 0.53125 0.07357142857142857 0.04583333333333334
0 0.5489285714285714 0.5470833333333334 0.07357142857142857 0.04583333333333334
0 0.5760714285714286 0.5570833333333334 0.07357142857142857 0.04583333333333334
0 0.6060714285714286 0.5570833333333334 0.07357142857142857 0.04583333333333334
0 0.6589285714285714 0.5545833333333333 0.07357142857142857 0.04583333333333334
0 0.7189285714285715 0.5654166666666667 0.07357142857142857 0.04583333333333334
0 0.7803571428571429 0.5695833333333333 0.07357142857142857 0.04583333333333334
0 0.8346428571428571 0.5729166666666667 0.07357142857142857 0.04583333333333334
0 0.8717857142857143 0.5645833333333333 0.07357142857142857 0.04583333333333334
0 0.9332142857142857 0.55125 0.07357142857142857 0.04583333333333334
0 0.9603571428571429 0.54125 0.07357142857142857 0.04583333333333334
