0 0.04642857142857143 0.3691666666666667 0.07285714285714286 0.045000000000000005
0 0.10357142857142858 0.36000000000000004 0.07285714285714286 0.045000000000000005
0 0.14214285714285715 0.35583333333333333 0.07285714285714286 0.045000000000000005
0 0.2032142857142857 0.34750000000000003 0.07214285714285715 0.03333333333333333
0 0.24107142857142858 0.3408333333333334 0.07214285714285715 0.03333333333333333
0 0.29035714285714287 0.3433333333333334 0.07214285714285715 0.03333333333333333
0 0.3389285714285714 0.34833333333333333 0.07214285714285715 0.03333333333333333
0 0.3960714285714286 0.3466666666666667 0.07214285714285715 0.03333333333333333
0 0.4539285714285714 0.37083333333333335 0.07214285714285715 0.03333333333333333
0 0.5146428571428572 0.3841666666666667 0.07214285714285715 0.03333333333333333
0 0.5832142857142857 0.38583333333333336 0.07214285714285715 0.03333333333333333
0 0.6610714285714285 0.3841666666666667 0.07214285714285715 0.03333333333333333
0 0.7282142857142857 0.3891666666666667 0.07214285714285715 0.03333333333333333
0 0.8039285714285714 0.3916666666666667 0.07214285714285715 0.03333333333333333
0 0.8575 0.39333333333333337 0.07214285714285715 0.03333333333333333
0 0.8889285714285714 0.3641666666666667 0.07214285714285715 0.03333333333333333
0 0.9296428571428571 0.36500000000000005 0.07214285714285715 0.03333333333333333
