0 0.12178571428571429 0.4345833333333334 0.062142857142857146 0.03416666666666667
0 0.16964285714285715 0.42375 0.062142857142857146 0.03416666666666667
0 0.2125 0.4254166666666667 0.062142857142857146 0.03416666666666667
0 0.2546428571428571 0.42625 0.062142857142857146 0.03416666666666667
0 0.3025 0.42875 0.062142857142857146 0.03416666666666667
0 0.35035714285714287 0.43291666666666667 0.062142857142857146 0.03416666666666667
0 0.3989285714285714 0.4395833333333334 0.062142857142857146 0.03416666666666667
0 0.44035714285714284 0.44875000000000004 0.062142857142857146 0.03416666666666667
0 0.48464285714285715 0.47208333333333335 0.062142857142857146 0.03416666666666667
0 0.5210714285714285 0.49375 0.062142857142857146 0.03416666666666667
0 0.5632142857142857 0.4945833333333334 0.062142857142857146 0.03416666666666667
0 0.6039285714285715 0.4929166666666667 0.062142857142857146 0.03416666666666667
0 0.6532142857142857 0.50375 0.062142857142857146 0.03416666666666667
0 0.6975 0.5045833333333334 0.062142857142857146 0.03416666666666667
0 0.7225 0.48958333333333337 0.062142857142857146 0.03416666666666667
0 0.7732142857142857 0.46958333333333335 0.062142857142857146 0.03416666666666667
0 0.8167857142857143 0.4529166666666667 0.062142857142857146 0.03416666666666667
0 0.8503571428571428 0.43125 0.062142857142857146 0.03416666666666667
0 0.8839285714285714 0.4179166666666667 0.062142857142857146 0.03416666666666667
