0 0.5607142857142857 0.47208333333333335 0.07428571428571429 0.03916666666666667
0 0.6064285714285714 0.4479166666666667 0.07428571428571429 0.03916666666666667
0 0.6514285714285715 0.4345833333333334 0.07428571428571429 0.03916666666666667
0 0.6928571428571428 0.42125 0.07428571428571429 0.03916666666666667
0 0.7435714285714285 0.4129166666666667 0.07428571428571429 0.03916666666666667
0 0.7942857142857143 0.39375000000000004 0.07428571428571429 0.03916666666666667
0 0.8571428571428571 0.38375000000000004 0.07428571428571429 0.03916666666666667
0 0.9157142857142857 0.39958333333333335 0.07428571428571429 0.03916666666666667
0 0.9564285714285714 0.45208333333333334 0.07428571428571429 0.03916666666666667
0 0.9285714285714286 0.42125 0.07428571428571429 0.03916666666666667
