0 0.026785714285714284 0.5616666666666666 0.052142857142857144 0.04
0 0.04642857142857143 0.5658333333333334 0.05285714285714286 0.04
0 0.08214285714285714 0.5725 0.05285714285714286 0.04
0 0.11285714285714285 0.5708333333333334 0.05285714285714286 0.04
0 0.15571428571428572 0.5733333333333334 0.05285714285714286 0.04
0 0.19285714285714287 0.5691666666666667 0.05285714285714286 0.04
0 0.22285714285714286 0.5641666666666667 0.05285714285714286 0.04
0 0.24642857142857144 0.555 0.05285714285714286 0.04
0 0.2807142857142857 0.5458333333333334 0.05285714285714286 0.04
0 0.31857142857142856 0.5516666666666667 0.05285714285714286 0.04
0 0.35285714285714287 0.5408333333333334 0.05285714285714286 0.04
0 0.39714285714285713 0.5366666666666667 0.05285714285714286 0.04
0 0.42214285714285715 0.5225000000000001 0.05285714285714286 0.04
0 0.4635714285714286 0.5191666666666667 0.05285714285714286 0.04
0 0.5021428571428571 0.5275000000000001 0.05285714285714286 0.04
0 0.5435714285714286 0.5408333333333334 0.05285714285714286 0.04
