0 0.031785714285714285 0.445 0.05785714285714286 0.03666666666666667
0 0.0625 0.4491666666666667 0.05785714285714286 0.03666666666666667
0 0.09607142857142857 0.4758333333333334 0.05785714285714286 0.03666666666666667
0 0.2125 0.47250000000000003 0.05785714285714286 0.03666666666666667
0 0.27464285714285713 0.4783333333333334 0.05785714285714286 0.03666666666666667
0 0.3125 0.4691666666666667 0.05785714285714286 0.03666666666666667
0 0.34964285714285714 0.43833333333333335 0.05785714285714286 0.03666666666666667
0 0.3925 0.4425 0.05785714285714286 0.03666666666666667
0 0.4496428571428571 0.47250000000000003 0.05785714285714286 0.03666666666666667
0 0.5125 0.4816666666666667 0.05785714285714286 0.03666666666666667
0 0.5475 0.48500000000000004 0.05785714285714286 0.03666666666666667
0 0.5975 0.48750000000000004 0.05785714285714286 0.03666666666666667
0 0.6403571428571428 0.4916666666666667 0.05785714285714286 0.03666666666666667
0 0.6832142857142857 0.48833333333333334 0.05785714285714286 0.03666666666666667
0 0.7303571428571428 0.4683333333333334 0.05785714285714286 0.03666666666666667
0 0.7903571428571429 0.4716666666666667 0.05785714285714286 0.03666666666666667
0 0.8317857142857142 0.48333333333333334 0.05785714285714286 0.03666666666666667
0 0.8675 0.49500000000000005 0.05785714285714286 0.03666666666666667
0 0.9153571428571429 0.49500000000000005 0.05785714285714286 0.03666666666666667
0 0.9410714285714286 0.48250000000000004 0.05785714285714286 0.03666666666666667
0 0.9710714285714286 0.48750000000000004 0.05785714285714286 0.03666666666666667
