0 0.5014285714285714 0.41708333333333336 0.05857142857142857 0.03916666666666667
0 0.5414285714285715 0.42625 0.05857142857142857 0.03916666666666667
0 0.5921428571428572 0.41708333333333336 0.05857142857142857 0.03916666666666667
0 0.6292857142857143 0.39625000000000005 0.05857142857142857 0.03916666666666667
0 0.6635714285714286 0.3779166666666667 0.05857142857142857 0.03916666666666667
0 0.7135714285714285 0.37125 0.05857142857142857 0.03916666666666667
0 0.7521428571428571 0.36791666666666667 0.05857142857142857 0.03916666666666667
0 0.7857142857142857 0.3745833333333334 0.05857142857142857 0.03916666666666667
0 0.048928571428571425 0.42000000000000004 0.07357142857142857 0.03666666666666667
0 0.19321428571428573 0.41500000000000004 0.07357142857142857 0.03666666666666667
0 0.2760714285714286 0.42500000000000004 0.07357142857142857 0.03666666666666667
