0 0.03142857142857143 0.6458333333333334 0.06 0.04166666666666667
0 0.07357142857142857 0.6525000000000001 0.06 0.04166666666666667
0 0.13071428571428573 0.6733333333333333 0.06 0.04166666666666667
0 0.17142857142857143 0.6775 0.06 0.04166666666666667
0 0.21642857142857141 0.6833333333333333 0.06 0.04166666666666667
0 0.4257142857142857 0.7000000000000001 0.06 0.04166666666666667
0 0.455 0.6641666666666667 0.06 0.04166666666666667
0 0.28785714285714287 0.6858333333333334 0.06 0.04166666666666667
0 0.5714285714285714 0.7091666666666667 0.06 0.04166666666666667
0 0.6378571428571429 0.7075 0.06 0.04166666666666667
0 0.6978571428571428 0.6791666666666667 0.06 0.04166666666666667
0 0.7542857142857143 0.6991666666666667 0.06 0.04166666666666667
0 0.8071428571428572 0.7075 0.06 0.04166666666666667
0 0.8528571428571429 0.7025 0.06 0.04166666666666667
0 0.9107142857142857 0.6883333333333334 0.06 0.04166666666666667
0 0.7585714285714286 0.6641666666666667 0.06 0.04166666666666667
0 0.8107142857142857 0.6475000000000001 0.06 0.04166666666666667
0 0.8614285714285714 0.6366666666666667 0.06 0.04166666666666667
0 0.9314285714285714 0.6308333333333334 0.06 0.04166666666666667
0 0.9692857142857143 0.625 0.06 0.04166666666666667
