0 0.13357142857142856 0.40208333333333335 0.07285714285714286 0.04583333333333334
0 0.18285714285714286 0.36791666666666667 0.07285714285714286 0.04583333333333334
0 0.21214285714285713 0.33708333333333335 0.07285714285714286 0.04583333333333334
0 0.25857142857142856 0.32458333333333333 0.07285714285714286 0.04583333333333334
0 0.32357142857142857 0.30375 0.07285714285714286 0.04583333333333334
0 0.37642857142857145 0.29208333333333336 0.07285714285714286 0.04583333333333334
0 0.44285714285714284 0.29541666666666666 0.07285714285714286 0.04583333333333334
0 0.48214285714285715 0.30375 0.07285714285714286 0.04583333333333334
0 0.5592857142857143 0.31708333333333333 0.07285714285714286 0.04583333333333334
0 0.615 0.3229166666666667 0.07285714285714286 0.04583333333333334
0 0.6557142857142857 0.32208333333333333 0.07285714285714286 0.04583333333333334
0 0.7378571428571429 0.32458333333333333 0.07285714285714286 0.04583333333333334
0 0.7964285714285714 0.3154166666666667 0.07285714285714286 0.04583333333333334
0 0.8707142857142857 0.30875 0.07285714285714286 0.04583333333333334
0 0.925 0.3045833333333334 0.07285714285714286 0.04583333333333334
0 0.9614285714285714 0.30208333333333337 0.07285714285714286 0.04583333333333334
0 0.055 0.5745833333333333 0.07285714285714286 0.04583333333333334
0 0.03678571428571428 0.62375 0.07214285714285715 0.04583333333333334
