0 0.027857142857142858 0.4779166666666667 0.04285714285714286 0.025833333333333337
0 0.135 0.46958333333333335 0.04285714285714286 0.025833333333333337
0 0.33 0.48125 0.04285714285714286 0.025833333333333337
0 0.3678571428571429 0.46958333333333335 0.04285714285714286 0.025833333333333337
0 0.4057142857142857 0.48625 0.04285714285714286 0.025833333333333337
0 0.4407142857142857 0.5012500000000001 0.04285714285714286 0.025833333333333337
0 0.49357142857142855 0.5195833333333334 0.04285714285714286 0.025833333333333337
0 0.5378571428571428 0.5220833333333333 0.04285714285714286 0.025833333333333337
0 0.5842857142857143 0.51875 0.04285714285714286 0.025833333333333337
0 0.6228571428571429 0.51875 0.04285714285714286 0.025833333333333337
0 0.6664285714285715 0.5145833333333334 0.04285714285714286 0.025833333333333337
0 0.7028571428571428 0.5095833333333334 0.04285714285714286 0.025833333333333337
0 0.7464285714285714 0.5295833333333334 0.04285714285714286 0.025833333333333337
