0 0.05071428571428571 0.5166666666666667 0.05857142857142857 0.04166666666666667
0 0.11285714285714285 0.5275000000000001 0.05857142857142857 0.04166666666666667
0 0.15857142857142856 0.5366666666666667 0.05857142857142857 0.04166666666666667
0 0.21285714285714286 0.5408333333333334 0.05857142857142857 0.04166666666666667
0 0.26285714285714284 0.5333333333333333 0.05857142857142857 0.04166666666666667
0 0.33 0.5266666666666667 0.05857142857142857 0.04166666666666667
0 0.38642857142857145 0.5291666666666667 0.05857142857142857 0.04166666666666667
0 0.42 0.5225000000000001 0.05857142857142857 0.04166666666666667
0 0.4614285714285714 0.48750000000000004 0.05857142857142857 0.04166666666666667
0 0.5264285714285715 0.4708333333333334 0.05857142857142857 0.04166666666666667
0 0.6292857142857143 0.49250000000000005 0.05857142857142857 0.04166666666666667
0 0.6771428571428572 0.4966666666666667 0.05857142857142857 0.04166666666666667
0 0.7221428571428572 0.49250000000000005 0.05857142857142857 0.04166666666666667
0 0.8214285714285714 0.4716666666666667 0.05857142857142857 0.04166666666666667
0 0.88 0.49250000000000005 0.05857142857142857 0.04166666666666667
0 0.9164285714285715 0.5116666666666667 0.05857142857142857 0.04166666666666667
0 0.9614285714285714 0.525 0.05857142857142857 0.04166666666666667
