0 0.04071428571428572 0.4791666666666667 0.06428571428571428 0.043333333333333335
0 0.08214285714285714 0.455 0.06428571428571428 0.043333333333333335
0 0.1392857142857143 0.45083333333333336 0.06428571428571428 0.043333333333333335
0 0.18642857142857142 0.4491666666666667 0.06428571428571428 0.043333333333333335
0 0.24 0.4625 0.06428571428571428 0.043333333333333335
0 0.27785714285714286 0.45833333333333337 0.06428571428571428 0.043333333333333335
0 0.3171428571428571 0.4566666666666667 0.06428571428571428 0.043333333333333335
0 0.3585714285714286 0.4566666666666667 0.06428571428571428 0.043333333333333335
0 0.3914285714285714 0.4766666666666667 0.06428571428571428 0.043333333333333335
0 0.43642857142857144 0.48833333333333334 0.06428571428571428 0.043333333333333335
0 0.4857142857142857 0.5141666666666667 0.06428571428571428 0.043333333333333335
0 0.6335714285714286 0.5316666666666667 0.06428571428571428 0.043333333333333335
0 0.6821428571428572 0.5341666666666667 0.06428571428571428 0.043333333333333335
0 0.74 0.5283333333333333 0.06428571428571428 0.043333333333333335
0 0.9021428571428571 0.5233333333333333 0.06428571428571428 0.043333333333333335
0 0.94 0.5008333333333334 0.06428571428571428 0.043333333333333335
0 0.9614285714285714 0.49750000000000005 0.06428571428571428 0.043333333333333335
