0 0.04178571428571429 0.5016666666666667 0.052142857142857144 0.03666666666666667
0 0.08107142857142857 0.5 0.052142857142857144 0.03666666666666667
0 0.13107142857142856 0.49500000000000005 0.052142857142857144 0.03666666666666667
0 0.17107142857142857 0.4691666666666667 0.052142857142857144 0.03666666666666667
0 0.22892857142857143 0.4733333333333334 0.052142857142857144 0.03666666666666667
0 0.3289285714285714 0.4658333333333334 0.052142857142857144 0.03666666666666667
0 0.2717857142857143 0.4791666666666667 0.052142857142857144 0.03666666666666667
0 0.38607142857142857 0.4541666666666667 0.052142857142857144 0.03666666666666667
0 0.4282142857142857 0.4366666666666667 0.052142857142857144 0.03666666666666667
0 0.4682142857142857 0.41750000000000004 0.052142857142857144 0.03666666666666667
0 0.5110714285714286 0.42750000000000005 0.052142857142857144 0.03666666666666667
0 0.5496428571428571 0.45083333333333336 0.052142857142857144 0.03666666666666667
0 0.6210714285714286 0.4416666666666667 0.052142857142857144 0.03666666666666667
0 0.6596428571428572 0.42000000000000004 0.052142857142857144 0.03666666666666667
0 0.7046428571428571 0.42000000000000004 0.052142857142857144 0.03666666666666667
0 0.5925 0.4475 0.052142857142857144 0.03666666666666667
0 0.7467857142857143 0.44 0.052142857142857144 0.03666666666666667
0 0.8025 0.42500000000000004 0.052142857142857144 0.03666666666666667
0 0.8496428571428571 0.42500000000000004 0.052142857142857144 0.03666666666666667
0 0.8939285714285714 0.4466666666666667 0.052142857142857144 0.03666666666666667
0 0.9275 0.45833333333333337 0.052142857142857144 0.03666666666666667
0 0.9696428571428571 0.4608333333333334 0.052142857142857144 0.03666666666666667
