0 0.027857142857142858 0.4391666666666667 0.04857142857142857 0.035
0 0.06928571428571428 0.4291666666666667 0.04857142857142857 0.035
0 0.07571428571428572 0.38083333333333336 0.04857142857142857 0.035
0 0.12642857142857142 0.3825 0.04857142857142857 0.035
0 0.18785714285714286 0.3841666666666667 0.04857142857142857 0.035
0 0.235 0.38333333333333336 0.04857142857142857 0.035
0 0.26142857142857145 0.3891666666666667 0.04857142857142857 0.035
0 0.305 0.4141666666666667 0.04857142857142857 0.035
0 0.46285714285714286 0.41250000000000003 0.04857142857142857 0.035
0 0.5021428571428571 0.4108333333333334 0.04857142857142857 0.035
0 0.5471428571428572 0.4058333333333334 0.04857142857142857 0.035
0 0.5885714285714285 0.39333333333333337 0.04857142857142857 0.035
0 0.6378571428571429 0.39333333333333337 0.04857142857142857 0.035
0 0.6807142857142857 0.4008333333333334 0.04857142857142857 0.035
0 0.7242857142857143 0.39083333333333337 0.04857142857142857 0.035
0 0.7692857142857142 0.39083333333333337 0.04857142857142857 0.035
0 0.8157142857142857 0.3866666666666667 0.04857142857142857 0.035
0 0.8628571428571429 0.3866666666666667 0.04857142857142857 0.035
0 0.9021428571428571 0.38 0.04857142857142857 0.035
0 0.9421428571428572 0.3641666666666667 0.04857142857142857 0.035
0 0.9707142857142858 0.37333333333333335 0.04857142857142857 0.035
