0 0.038214285714285715 0.51625 0.056428571428571425 0.0325
0 0.0675 0.4979166666666667 0.056428571428571425 0.0325
0 0.1025 0.4945833333333334 0.056428571428571425 0.0325
0 0.13607142857142857 0.4904166666666667 0.056428571428571425 0.0325
0 0.18964285714285714 0.5079166666666667 0.056428571428571425 0.0325
0 0.26107142857142857 0.5154166666666667 0.056428571428571425 0.0325
0 0.3360714285714286 0.52625 0.056428571428571425 0.0325
0 0.3032142857142857 0.5195833333333334 0.056428571428571425 0.0325
0 0.38821428571428573 0.5329166666666667 0.056428571428571425 0.0325
0 0.42607142857142855 0.5320833333333334 0.056428571428571425 0.0325
0 0.48464285714285715 0.53625 0.056428571428571425 0.0325
0 0.5375 0.53125 0.056428571428571425 0.0325
0 0.5882142857142857 0.5270833333333333 0.056428571428571425 0.0325
0 0.6446428571428572 0.5320833333333334 0.056428571428571425 0.0325
0 0.6867857142857143 0.5429166666666667 0.056428571428571425 0.0325
0 0.7360714285714286 0.5370833333333334 0.056428571428571425 0.0325
0 0.8260714285714286 0.5495833333333334 0.056428571428571425 0.0325
0 0.8846428571428572 0.5637500000000001 0.056428571428571425 0.0325
0 0.9325 0.5620833333333334 0.056428571428571425 0.0325
0 0.7860714285714285 0.5429166666666667 0.056428571428571425 0.0325
