0 0.03964285714285714 0.5195833333333334 0.056428571428571425 0.03416666666666667
0 0.20607142857142857 0.51125 0.056428571428571425 0.03416666666666667
0 0.2067857142857143 0.5095833333333334 0.056428571428571425 0.03416666666666667
0 0.5639285714285714 0.45625000000000004 0.056428571428571425 0.03416666666666667
0 0.6125 0.44625000000000004 0.056428571428571425 0.03416666666666667
0 0.6653571428571429 0.43291666666666667 0.056428571428571425 0.03416666666666667
0 0.7110714285714286 0.42208333333333337 0.056428571428571425 0.03416666666666667
0 0.7553571428571428 0.40208333333333335 0.056428571428571425 0.03416666666666667
0 0.8110714285714286 0.37625000000000003 0.056428571428571425 0.03416666666666667
0 0.8617857142857143 0.3754166666666667 0.056428571428571425 0.03416666666666667
