0 0.04107142857142857 0.4004166666666667 0.05785714285714286 0.037500000000000006
0 0.09178571428571429 0.41208333333333336 0.05785714285714286 0.037500000000000006
0 0.1632142857142857 0.42375 0.05785714285714286 0.037500000000000006
0 0.20607142857142857 0.40375000000000005 0.05785714285714286 0.037500000000000006
0 0.25821428571428573 0.39958333333333335 0.05785714285714286 0.037500000000000006
0 0.3075 0.3904166666666667 0.05785714285714286 0.037500000000000006
0 0.3675 0.39208333333333334 0.05785714285714286 0.037500000000000006
0 0.4132142857142857 0.38208333333333333 0.05785714285714286 0.037500000000000006
0 0.4496428571428571 0.3695833333333334 0.05785714285714286 0.037500000000000006
0 0.5103571428571428 0.33708333333333335 0.05785714285714286 0.037500000000000006
0 0.5532142857142857 0.3329166666666667 0.05785714285714286 0.037500000000000006
0 0.6089285714285714 0.3329166666666667 0.05785714285714286 0.037500000000000006
0 0.6475 0.33875 0.05785714285714286 0.037500000000000006
0 0.7396428571428572 0.3779166666666667 0.05785714285714286 0.037500000000000006
0 0.7839285714285714 0.39458333333333334 0.05785714285714286 0.037500000000000006
0 0.8317857142857142 0.40958333333333335 0.05785714285714286 0.037500000000000006
0 0.8739285714285714 0.4154166666666667 0.05785714285714286 0.037500000000000006
0 0.9317857142857143 0.40458333333333335 0.05785714285714286 0.037500000000000006
0 0.9632142857142857 0.4079166666666667 0.05785714285714286 0.037500000000000006
