0 0.17964285714285713 0.61 0.06642857142857143 0.03666666666666667
0 0.22535714285714287 0.5825 0.06642857142857143 0.03666666666666667
0 0.25892857142857145 0.5533333333333333 0.06642857142857143 0.03666666666666667
0 0.2739285714285714 0.5216666666666667 0.06642857142857143 0.03666666666666667
0 0.28964285714285715 0.4816666666666667 0.06642857142857143 0.03666666666666667
0 0.3225 0.4658333333333334 0.06642857142857143 0.03666666666666667
0 0.38535714285714284 0.4766666666666667 0.06642857142857143 0.03666666666666667
0 0.42964285714285716 0.48583333333333334 0.06642857142857143 0.03666666666666667
0 0.49535714285714283 0.4741666666666667 0.06642857142857143 0.03666666666666667
0 0.5625 0.47000000000000003 0.06642857142857143 0.03666666666666667
0 0.6075 0.4675 0.06642857142857143 0.03666666666666667
0 0.6646428571428571 0.47000000000000003 0.06642857142857143 0.03666666666666667
0 0.7167857142857142 0.4758333333333334 0.06642857142857143 0.03666666666666667
0 0.7660714285714286 0.4708333333333334 0.06642857142857143 0.03666666666666667
0 0.8182142857142857 0.4716666666666667 0.06642857142857143 0.03666666666666667
0 0.8646428571428572 0.4741666666666667 0.06642857142857143 0.03666666666666667
0 0.9103571428571429 0.4691666666666667 0.06642857142857143 0.03666666666666667
0 0.9567857142857142 0.46 0.06642857142857143 0.03666666666666667
0 0.9667857142857142 0.46 0.06642857142857143 0.03666666666666667
