0 0.030714285714285715 0.5458333333333334 0.05142857142857143 0.045000000000000005
0 0.055 0.5491666666666667 0.05142857142857143 0.045000000000000005
0 0.09428571428571429 0.5375000000000001 0.05142857142857143 0.045000000000000005
0 0.1407142857142857 0.54 0.05142857142857143 0.045000000000000005
0 0.15214285714285714 0.56 0.05142857142857143 0.045000000000000005
0 0.19428571428571428 0.5641666666666667 0.05142857142857143 0.045000000000000005
0 0.23214285714285715 0.5666666666666667 0.05142857142857143 0.045000000000000005
0 0.2742857142857143 0.5608333333333334 0.05142857142857143 0.045000000000000005
0 0.31357142857142856 0.5566666666666668 0.05142857142857143 0.045000000000000005
0 0.3507142857142857 0.5725 0.05142857142857143 0.045000000000000005
0 0.40214285714285714 0.5741666666666667 0.05142857142857143 0.045000000000000005
0 0.38142857142857145 0.5800000000000001 0.05142857142857143 0.045000000000000005
0 0.44642857142857145 0.5866666666666667 0.05142857142857143 0.045000000000000005
0 0.485 0.5891666666666667 0.05142857142857143 0.045000000000000005
0 0.53 0.5933333333333334 0.05142857142857143 0.045000000000000005
0 0.4235714285714286 0.5425 0.05142857142857143 0.045000000000000005
0 0.46714285714285714 0.5275000000000001 0.05142857142857143 0.045000000000000005
0 0.5592857142857143 0.5833333333333334 0.05142857142857143 0.045000000000000005
0 0.5964285714285714 0.5925 0.05142857142857143 0.045000000000000005
0 0.6285714285714286 0.5891666666666667 0.05142857142857143 0.045000000000000005
0 0.6642857142857143 0.5900000000000001 0.05142857142857143 0.045000000000000005
0 0.7028571428571428 0.5841666666666667 0.05142857142857143 0.045000000000000005
0 0.7421428571428571 0.5808333333333334 0.05142857142857143 0.045000000000000005
0 0.7778571428571428 0.5725 0.05142857142857143 0.045000000000000005
0 0.8228571428571428 0.5708333333333334 0.05142857142857143 0.045000000000000005
0 0.8564285714285714 0.5833333333333334 0.05142857142857143 0.045000000000000005
0 0.9 0.5916666666666667 0.05142857142857143 0.045000000000000005
0 0.9264285714285714 0.5825 0.05142857142857143 0.045000000000000005
0 0.9714285714285714 0.5875 0.05142857142857143 0.045000000000000005
