0 0.33 0.41208333333333336 0.07857142857142857 0.04416666666666667
0 0.3707142857142857 0.41708333333333336 0.07857142857142857 0.04416666666666667
0 0.415 0.43041666666666667 0.07857142857142857 0.04416666666666667
0 0.4542857142857143 0.4395833333333334 0.07857142857142857 0.04416666666666667
0 0.5 0.42625 0.07857142857142857 0.04416666666666667
0 0.5757142857142857 0.42875 0.07857142857142857 0.04416666666666667
0 0.6178571428571429 0.43041666666666667 0.07857142857142857 0.04416666666666667
0 0.6521428571428571 0.4454166666666667 0.07857142857142857 0.04416666666666667
0 0.6864285714285714 0.45208333333333334 0.07857142857142857 0.04416666666666667
0 0.7357142857142858 0.46458333333333335 0.07857142857142857 0.04416666666666667
0 0.76 0.4679166666666667 0.07857142857142857 0.04416666666666667
0 0.8128571428571428 0.4654166666666667 0.07857142857142857 0.04416666666666667
0 0.8542857142857143 0.4679166666666667 0.07857142857142857 0.04416666666666667
0 0.8785714285714286 0.46958333333333335 0.07857142857142857 0.04416666666666667
0 0.9121428571428571 0.48625 0.07857142857142857 0.04416666666666667
0 0.945 0.5120833333333333 0.07857142857142857 0.04416666666666667
0 0.9607142857142857 0.5254166666666668 0.07857142857142857 0.04416666666666667
0 0.028214285714285713 0.42750000000000005 0.05357142857142857 0.04166666666666667
