0 0.29035714285714287 0.4808333333333334 0.05928571428571429 0.04
0 0.3325 0.4683333333333334 0.05928571428571429 0.04
0 0.37392857142857144 0.44333333333333336 0.05928571428571429 0.04
0 0.4067857142857143 0.41583333333333333 0.05928571428571429 0.04
0 0.4303571428571429 0.3766666666666667 0.05928571428571429 0.04
0 0.4789285714285714 0.35083333333333333 0.05928571428571429 0.04
0 0.5225 0.34 0.05928571428571429 0.04
0 0.5667857142857143 0.32916666666666666 0.05928571428571429 0.04
0 0.6117857142857143 0.3408333333333334 0.05928571428571429 0.04
0 0.6553571428571429 0.35000000000000003 0.05928571428571429 0.04
0 0.6903571428571429 0.3591666666666667 0.05928571428571429 0.04
0 0.7217857142857143 0.36250000000000004 0.05928571428571429 0.04
0 0.7739285714285714 0.35500000000000004 0.05928571428571429 0.04
0 0.8289285714285715 0.35083333333333333 0.05928571428571429 0.04
0 0.8760714285714286 0.35500000000000004 0.05928571428571429 0.04
0 0.9139285714285714 0.3541666666666667 0.05928571428571429 0.04
0 0.9446428571428571 0.35083333333333333 0.05928571428571429 0.04
0 0.9703571428571428 0.3441666666666667 0.05928571428571429 0.04
