0 0.305 0.5479166666666667 0.05857142857142857 0.030833333333333334
0 0.355 0.54125 0.05857142857142857 0.030833333333333334
0 0.4307142857142857 0.5170833333333333 0.05857142857142857 0.030833333333333334
0 0.5007142857142857 0.5220833333333333 0.05857142857142857 0.030833333333333334
0 0.475 0.5179166666666667 0.05857142857142857 0.030833333333333334
0 0.5607142857142857 0.5170833333333333 0.05857142857142857 0.030833333333333334
0 0.6028571428571429 0.5029166666666667 0.05857142857142857 0.030833333333333334
0 0.6564285714285715 0.4995833333333334 0.05857142857142857 0.030833333333333334
0 0.7142857142857143 0.48125 0.05857142857142857 0.030833333333333334
0 0.7657142857142857 0.47708333333333336 0.05857142857142857 0.030833333333333334
0 0.8085714285714286 0.4854166666666667 0.05857142857142857 0.030833333333333334
0 0.8542857142857143 0.48125 0.05857142857142857 0.030833333333333334
0 0.8992857142857142 0.49541666666666667 0.05857142857142857 0.030833333333333334
0 0.9535714285714286 0.50375 0.05857142857142857 0.030833333333333334
0 0.9707142857142858 0.49541666666666667 0.05857142857142857 0.030833333333333334
