0 0.039285714285714285 0.48875 0.055714285714285716 0.030833333333333334
0 0.08285714285714285 0.46958333333333335 0.055714285714285716 0.030833333333333334
0 0.12357142857142857 0.4554166666666667 0.055714285714285716 0.030833333333333334
0 0.16428571428571428 0.45375000000000004 0.055714285714285716 0.030833333333333334
0 0.21071428571428572 0.45458333333333334 0.055714285714285716 0.030833333333333334
0 0.2542857142857143 0.46208333333333335 0.055714285714285716 0.030833333333333334
0 0.29642857142857143 0.45875000000000005 0.055714285714285716 0.030833333333333334
0 0.345 0.45125000000000004 0.055714285714285716 0.030833333333333334
0 0.39 0.45208333333333334 0.055714285714285716 0.030833333333333334
0 0.43714285714285717 0.4345833333333334 0.055714285714285716 0.030833333333333334
0 0.49 0.42625 0.055714285714285716 0.030833333333333334
0 0.5228571428571429 0.42791666666666667 0.055714285714285716 0.030833333333333334
0 0.5614285714285714 0.4345833333333334 0.055714285714285716 0.030833333333333334
0 0.6071428571428571 0.43291666666666667 0.055714285714285716 0.030833333333333334
0 0.6657142857142857 0.42625 0.055714285714285716 0.030833333333333334
0 0.705 0.4229166666666667 0.055714285714285716 0.030833333333333334
0 0.7535714285714286 0.41458333333333336 0.055714285714285716 0.030833333333333334
0 0.7878571428571428 0.4104166666666667 0.055714285714285716 0.030833333333333334
0 0.825 0.42458333333333337 0.055714285714285716 0.030833333333333334
0 0.8707142857142857 0.4470833333333334 0.055714285714285716 0.030833333333333334
