0 0.2710714285714286 0.5179166666666667 0.056428571428571425 0.03916666666666667
0 0.3217857142857143 0.5104166666666667 0.056428571428571425 0.03916666666666667
0 0.37607142857142856 0.4995833333333334 0.056428571428571425 0.03916666666666667
0 0.48035714285714287 0.5012500000000001 0.056428571428571425 0.03916666666666667
0 0.5382142857142858 0.5054166666666667 0.056428571428571425 0.03916666666666667
0 0.6032142857142857 0.51875 0.056428571428571425 0.03916666666666667
0 0.6482142857142857 0.50875 0.056428571428571425 0.03916666666666667
0 0.7003571428571429 0.5020833333333333 0.056428571428571425 0.03916666666666667
0 0.7403571428571428 0.4970833333333334 0.056428571428571425 0.03916666666666667
0 0.8889285714285714 0.47708333333333336 0.056428571428571425 0.03916666666666667
0 0.8253571428571429 0.47458333333333336 0.056428571428571425 0.03916666666666667
0 0.9225 0.46708333333333335 0.056428571428571425 0.03916666666666667
0 0.9582142857142857 0.46875000000000006 0.056428571428571425 0.03916666666666667
0 0.7917857142857143 0.4829166666666667 0.056428571428571425 0.03916666666666667
