0 0.03857142857142857 0.4654166666666667 0.07285714285714286 0.03416666666666667
0 0.10285714285714286 0.4591666666666667 0.07428571428571429 0.04
0 0.15857142857142856 0.4416666666666667 0.07428571428571429 0.04
0 0.20285714285714285 0.4291666666666667 0.07428571428571429 0.04
0 0.2571428571428571 0.4241666666666667 0.07428571428571429 0.04
0 0.29928571428571427 0.42083333333333334 0.07428571428571429 0.04
0 0.3457142857142857 0.42083333333333334 0.07428571428571429 0.04
0 0.3914285714285714 0.42833333333333334 0.07428571428571429 0.04
0 0.42928571428571427 0.44583333333333336 0.07428571428571429 0.04
0 0.48214285714285715 0.45333333333333337 0.07428571428571429 0.04
0 0.5307142857142857 0.46166666666666667 0.07428571428571429 0.04
0 0.5914285714285714 0.4791666666666667 0.07428571428571429 0.04
0 0.6521428571428571 0.49333333333333335 0.07428571428571429 0.04
0 0.7207142857142858 0.47750000000000004 0.07428571428571429 0.04
