0 0.0375 0.5654166666666667 0.06642857142857143 0.04916666666666667
0 0.07035714285714285 0.5704166666666667 0.06642857142857143 0.04916666666666667
0 0.11107142857142857 0.57125 0.06642857142857143 0.04916666666666667
0 0.15821428571428572 0.5704166666666667 0.06642857142857143 0.04916666666666667
0 0.21107142857142858 0.5754166666666667 0.06642857142857143 0.04916666666666667
0 0.25607142857142856 0.5804166666666667 0.06642857142857143 0.04916666666666667
0 0.4425 0.5654166666666667 0.06642857142857143 0.04916666666666667
0 0.47035714285714286 0.5579166666666667 0.06642857142857143 0.04916666666666667
0 0.5039285714285714 0.5495833333333334 0.06642857142857143 0.04916666666666667
0 0.5510714285714285 0.5537500000000001 0.06642857142857143 0.04916666666666667
0 0.5860714285714286 0.5329166666666667 0.06642857142857143 0.04916666666666667
0 0.6303571428571428 0.53625 0.06642857142857143 0.04916666666666667
0 0.6760714285714285 0.5470833333333334 0.06642857142857143 0.04916666666666667
0 0.7182142857142857 0.5529166666666667 0.06642857142857143 0.04916666666666667
0 0.7653571428571428 0.5554166666666667 0.06642857142857143 0.04916666666666667
0 0.8632142857142857 0.5687500000000001 0.06642857142857143 0.04916666666666667
0 0.8982142857142857 0.5637500000000001 0.06642857142857143 0.04916666666666667
0 0.9467857142857142 0.5545833333333333 0.06642857142857143 0.04916666666666667
0 0.9467857142857142 0.5545833333333333 0.06642857142857143 0.04916666666666667
0 0.9667857142857142 0.5670833333333334 0.06642857142857143 0.04916666666666667
