0 0.035 0.45833333333333337 0.05714285714285714 0.035
0 0.075 0.4316666666666667 0.05714285714285714 0.035
0 0.12142857142857143 0.4116666666666667 0.05714285714285714 0.035
0 0.16071428571428573 0.42833333333333334 0.05714285714285714 0.035
0 0.205 0.4475 0.05714285714285714 0.035
0 0.2507142857142857 0.445 0.05714285714285714 0.035
0 0.29428571428571426 0.43250000000000005 0.05714285714285714 0.035
0 0.34785714285714286 0.43000000000000005 0.05714285714285714 0.035
0 0.3942857142857143 0.41250000000000003 0.05714285714285714 0.035
0 0.4564285714285714 0.4058333333333334 0.05714285714285714 0.035
0 0.6264285714285714 0.4108333333333334 0.05714285714285714 0.035
0 0.5035714285714286 0.43000000000000005 0.05714285714285714 0.035
0 0.5757142857142857 0.42750000000000005 0.05714285714285714 0.035
0 0.6714285714285714 0.4 0.05714285714285714 0.035
0 0.7314285714285714 0.38083333333333336 0.05714285714285714 0.035
0 0.7821428571428571 0.3691666666666667 0.05714285714285714 0.035
0 0.8292857142857143 0.37083333333333335 0.05714285714285714 0.035
0 0.8721428571428571 0.3741666666666667 0.05714285714285714 0.035
0 0.9157142857142857 0.38583333333333336 0.05714285714285714 0.035
0 0.95 0.40166666666666667 0.05714285714285714 0.035
0 0.9714285714285714 0.40750000000000003 0.05714285714285714 0.035
