0 0.3410714285714286 0.5041666666666667 0.060714285714285714 0.030000000000000002
0 0.39535714285714285 0.5125000000000001 0.060714285714285714 0.030000000000000002
0 0.45964285714285713 0.5266666666666667 0.060714285714285714 0.030000000000000002
0 0.5696428571428571 0.5583333333333333 0.060714285714285714 0.030000000000000002
0 0.6175 0.5733333333333334 0.060714285714285714 0.030000000000000002
0 0.6846428571428571 0.5741666666666667 0.060714285714285714 0.030000000000000002
0 0.7425 0.5616666666666666 0.060714285714285714 0.030000000000000002
0 0.7946428571428571 0.5441666666666667 0.060714285714285714 0.030000000000000002
0 0.8453571428571428 0.5541666666666667 0.060714285714285714 0.030000000000000002
0 0.8953571428571429 0.5525 0.060714285714285714 0.030000000000000002
0 0.9317857142857143 0.5375000000000001 0.060714285714285714 0.030000000000000002
0 0.9696428571428571 0.5341666666666667 0.060714285714285714 0.030000000000000002
