0 0.06785714285714285 0.5733333333333334 0.07 0.030000000000000002
0 0.11071428571428571 0.5866666666666667 0.07 0.030000000000000002
0 0.3492857142857143 0.5466666666666667 0.07 0.030000000000000002
0 0.6057142857142858 0.5333333333333333 0.07 0.030000000000000002
0 0.39785714285714285 0.5266666666666667 0.07 0.030000000000000002
0 0.5507142857142857 0.5258333333333334 0.07 0.030000000000000002
0 0.6628571428571428 0.535 0.07 0.030000000000000002
0 0.7164285714285714 0.5233333333333333 0.07 0.030000000000000002
0 0.7664285714285715 0.5108333333333334 0.07 0.030000000000000002
0 0.825 0.5141666666666667 0.07 0.030000000000000002
0 0.8742857142857143 0.5258333333333334 0.07 0.030000000000000002
