0 0.048928571428571425 0.48458333333333337 0.07357142857142857 0.0425
0 0.11392857142857143 0.4929166666666667 0.07357142857142857 0.0425
0 0.1732142857142857 0.4804166666666667 0.07357142857142857 0.0425
0 0.23892857142857143 0.49375 0.07357142857142857 0.0425
0 0.29464285714285715 0.4929166666666667 0.07357142857142857 0.0425
0 0.3767857142857143 0.50625 0.07357142857142857 0.0425
0 0.43464285714285716 0.5195833333333334 0.07357142857142857 0.0425
0 0.5082142857142857 0.5354166666666667 0.07357142857142857 0.0425
0 0.5789285714285715 0.5379166666666667 0.07357142857142857 0.0425
0 0.6496428571428572 0.5245833333333334 0.07357142857142857 0.0425
0 0.7103571428571429 0.52375 0.07357142857142857 0.0425
0 0.7739285714285714 0.51625 0.07357142857142857 0.0425
0 0.8682142857142857 0.5120833333333333 0.07357142857142857 0.0425
0 0.9303571428571429 0.5079166666666667 0.07357142857142857 0.0425
0 0.9625 0.5070833333333333 0.07357142857142857 0.0425
0 0.8225 0.5145833333333334 0.07357142857142857 0.0425
