0 0.040357142857142855 0.41458333333333336 0.06785714285714285 0.035833333333333335
0 0.07821428571428571 0.4004166666666667 0.06785714285714285 0.035833333333333335
0 0.12964285714285714 0.41208333333333336 0.06785714285714285 0.035833333333333335
0 0.17821428571428571 0.40125000000000005 0.06785714285714285 0.035833333333333335
0 0.2225 0.38125000000000003 0.06785714285714285 0.035833333333333335
0 0.2725 0.39458333333333334 0.06785714285714285 0.035833333333333335
0 0.29678571428571426 0.42125 0.06785714285714285 0.035833333333333335
0 0.3575 0.41458333333333336 0.06785714285714285 0.035833333333333335
0 0.44035714285714284 0.43041666666666667 0.06785714285714285 0.035833333333333335
0 0.5067857142857143 0.42375 0.06785714285714285 0.035833333333333335
0 0.5689285714285715 0.41625 0.06785714285714285 0.035833333333333335
0 0.6139285714285714 0.4154166666666667 0.06785714285714285 0.035833333333333335
0 0.6632142857142858 0.4154166666666667 0.06785714285714285 0.035833333333333335
0 0.7075 0.41208333333333336 0.06785714285714285 0.035833333333333335
0 0.7075 0.41208333333333336 0.06785714285714285 0.035833333333333335
0 0.7560714285714286 0.4345833333333334 0.06785714285714285 0.035833333333333335
0 0.7896428571428571 0.4479166666666667 0.06785714285714285 0.035833333333333335
0 0.8575 0.46208333333333335 0.06785714285714285 0.035833333333333335
0 0.9110714285714285 0.4445833333333334 0.06785714285714285 0.035833333333333335
0 0.9489285714285715 0.4429166666666667 0.06785714285714285 0.035833333333333335
0 0.9653571428571428 0.4429166666666667 0.06785714285714285 0.035833333333333335
