0 0.05071428571428571 0.41833333333333333 0.08714285714285715 0.043333333333333335
0 0.11857142857142858 0.4441666666666667 0.08714285714285715 0.043333333333333335
0 0.195 0.4441666666666667 0.08714285714285715 0.043333333333333335
0 0.24857142857142858 0.44333333333333336 0.08714285714285715 0.043333333333333335
0 0.3192857142857143 0.43833333333333335 0.08714285714285715 0.043333333333333335
0 0.41 0.4625 0.08714285714285715 0.043333333333333335
0 0.5028571428571429 0.465 0.08714285714285715 0.043333333333333335
0 0.5721428571428572 0.4575 0.08714285714285715 0.043333333333333335
0 0.6392857142857142 0.4516666666666667 0.08714285714285715 0.043333333333333335
0 0.7064285714285714 0.4366666666666667 0.08714285714285715 0.043333333333333335
0 0.7792857142857142 0.44 0.08714285714285715 0.043333333333333335
0 0.8342857142857143 0.4541666666666667 0.08714285714285715 0.043333333333333335
0 0.7514285714285714 0.4416666666666667 0.08714285714285715 0.043333333333333335
