0 0.03357142857142857 0.42375 0.054285714285714284 0.04083333333333333
0 0.08928571428571429 0.4470833333333334 0.054285714285714284 0.04083333333333333
0 0.1357142857142857 0.4754166666666667 0.054285714285714284 0.04083333333333333
0 0.18428571428571427 0.47958333333333336 0.054285714285714284 0.04083333333333333
0 0.25214285714285717 0.48208333333333336 0.054285714285714284 0.04083333333333333
0 0.225 0.48208333333333336 0.054285714285714284 0.04083333333333333
0 0.3007142857142857 0.47625 0.054285714285714284 0.04083333333333333
0 0.355 0.4779166666666667 0.054285714285714284 0.04083333333333333
0 0.4142857142857143 0.4704166666666667 0.054285714285714284 0.04083333333333333
0 0.465 0.4529166666666667 0.054285714285714284 0.04083333333333333
0 0.5242857142857142 0.4445833333333334 0.054285714285714284 0.04083333333333333
0 0.5642857142857143 0.43041666666666667 0.054285714285714284 0.04083333333333333
0 0.6242857142857143 0.4429166666666667 0.054285714285714284 0.04083333333333333
0 0.6792857142857143 0.45708333333333334 0.054285714285714284 0.04083333333333333
0 0.7471428571428571 0.4754166666666667 0.054285714285714284 0.04083333333333333
0 0.8335714285714285 0.4979166666666667 0.054285714285714284 0.04083333333333333
0 0.8871428571428571 0.5012500000000001 0.054285714285714284 0.04083333333333333
0 0.9614285714285714 0.49875 0.054285714285714284 0.04083333333333333
0 0.935 0.5012500000000001 0.054285714285714284 0.04083333333333333
0 0.6628571428571428 0.45458333333333334 0.054285714285714284 0.04083333333333333
0 0.5921428571428572 0.4370833333333334 0.054285714285714284 0.04083333333333333
0 0.495 0.4429166666666667 0.054285714285714284 0.04083333333333333
