0 0.02892857142857143 0.4741666666666667 0.04928571428571429 0.035
0 0.06892857142857142 0.45833333333333337 0.04928571428571429 0.035
0 0.1075 0.43333333333333335 0.04928571428571429 0.035
0 0.1525 0.4425 0.04928571428571429 0.035
0 0.22535714285714287 0.46166666666666667 0.04928571428571429 0.035
0 0.2732142857142857 0.4675 0.04928571428571429 0.035
0 0.3389285714285714 0.4808333333333334 0.04928571428571429 0.035
0 0.38392857142857145 0.4841666666666667 0.04928571428571429 0.035
0 0.4182142857142857 0.48000000000000004 0.04928571428571429 0.035
0 0.45535714285714285 0.4683333333333334 0.04928571428571429 0.035
0 0.5289285714285714 0.4491666666666667 0.04928571428571429 0.035
0 0.4903571428571429 0.4475 0.04928571428571429 0.035
0 0.5203571428571429 0.44583333333333336 0.04928571428571429 0.035
0 0.5646428571428571 0.44 0.04928571428571429 0.035
0 0.6010714285714286 0.43500000000000005 0.04928571428571429 0.035
0 0.6439285714285714 0.43750000000000006 0.04928571428571429 0.035
0 0.6817857142857143 0.43500000000000005 0.04928571428571429 0.035
0 0.7603571428571428 0.43000000000000005 0.04928571428571429 0.035
0 0.7296428571428571 0.43000000000000005 0.04928571428571429 0.035
0 0.8046428571428571 0.43500000000000005 0.04928571428571429 0.035
0 0.8425 0.42583333333333334 0.04928571428571429 0.035
0 0.8860714285714286 0.4091666666666667 0.04928571428571429 0.035
0 0.9275 0.41250000000000003 0.04928571428571429 0.035
0 0.9639285714285715 0.4291666666666667 0.04928571428571429 0.035
