0 0.029285714285714286 0.54125 0.05285714285714286 0.052500000000000005
0 0.155 0.5554166666666667 0.05285714285714286 0.052500000000000005
0 0.19714285714285715 0.5379166666666667 0.05285714285714286 0.052500000000000005
0 0.22857142857142856 0.5470833333333334 0.05285714285714286 0.052500000000000005
0 0.27285714285714285 0.5554166666666667 0.05285714285714286 0.052500000000000005
0 0.32142857142857145 0.5637500000000001 0.05285714285714286 0.052500000000000005
0 0.36357142857142855 0.56625 0.05285714285714286 0.052500000000000005
0 0.4085714285714286 0.5679166666666667 0.05285714285714286 0.052500000000000005
0 0.4607142857142857 0.5720833333333334 0.05285714285714286 0.052500000000000005
0 0.5078571428571429 0.5704166666666667 0.05285714285714286 0.052500000000000005
0 0.5471428571428572 0.56625 0.05285714285714286 0.052500000000000005
0 0.5728571428571428 0.6079166666666667 0.05285714285714286 0.052500000000000005
0 0.5757142857142857 0.6645833333333334 0.05285714285714286 0.052500000000000005
0 0.5721428571428572 0.6304166666666667 0.05285714285714286 0.052500000000000005
0 0.5792857142857143 0.6987500000000001 0.05285714285714286 0.052500000000000005
0 0.5942857142857143 0.7354166666666667 0.05285714285714286 0.052500000000000005
0 0.6128571428571429 0.7704166666666667 0.05285714285714286 0.052500000000000005
0 0.65 0.76375 0.05285714285714286 0.052500000000000005
0 0.6828571428571428 0.75375 0.05285714285714286 0.052500000000000005
0 0.7014285714285714 0.7462500000000001 0.05285714285714286 0.052500000000000005
