0 0.48464285714285715 0.4679166666666667 0.06928571428571428 0.04583333333333334
0 0.5403571428571429 0.4779166666666667 0.06928571428571428 0.04583333333333334
0 0.6025 0.4829166666666667 0.06928571428571428 0.04583333333333334
0 0.6567857142857143 0.47875 0.06928571428571428 0.04583333333333334
0 0.7075 0.4704166666666667 0.06928571428571428 0.04583333333333334
0 0.7560714285714286 0.44375000000000003 0.06928571428571428 0.04583333333333334
0 0.8017857142857143 0.4204166666666667 0.06928571428571428 0.04583333333333334
0 0.8489285714285715 0.42708333333333337 0.06928571428571428 0.04583333333333334
0 0.9075 0.4345833333333334 0.06928571428571428 0.04583333333333334
0 0.9567857142857142 0.45208333333333334 0.06928571428571428 0.04583333333333334
0 0.4375 0.45625000000000004 0.06928571428571428 0.04583333333333334
0 0.3796428571428571 0.45875000000000005 0.06928571428571428 0.04583333333333334
0 0.3167857142857143 0.45958333333333334 0.06928571428571428 0.04583333333333334
0 0.25607142857142856 0.45375000000000004 0.06928571428571428 0.04583333333333334
