0 0.029642857142857144 0.5229166666666667 0.05785714285714286 0.04083333333333333
0 0.06535714285714286 0.5270833333333333 0.05785714285714286 0.04083333333333333
0 0.10964285714285714 0.5370833333333334 0.05785714285714286 0.04083333333333333
0 0.15678571428571428 0.5420833333333334 0.05785714285714286 0.04083333333333333
0 0.21035714285714285 0.5320833333333334 0.05785714285714286 0.04083333333333333
0 0.25035714285714283 0.5129166666666667 0.05785714285714286 0.04083333333333333
0 0.29035714285714287 0.4879166666666667 0.05785714285714286 0.04083333333333333
0 0.32535714285714284 0.48375 0.05785714285714286 0.04083333333333333
0 0.3575 0.4945833333333334 0.05785714285714286 0.04083333333333333
0 0.3896428571428571 0.4904166666666667 0.05785714285714286 0.04083333333333333
0 0.43892857142857145 0.4929166666666667 0.05785714285714286 0.04083333333333333
0 0.4739285714285714 0.49375 0.05785714285714286 0.04083333333333333
0 0.5139285714285714 0.5012500000000001 0.05785714285714286 0.04083333333333333
0 0.5453571428571429 0.5104166666666667 0.05785714285714286 0.04083333333333333
0 0.6003571428571428 0.53125 0.05785714285714286 0.04083333333333333
0 0.6496428571428572 0.52875 0.05785714285714286 0.04083333333333333
0 0.6846428571428571 0.5204166666666667 0.05785714285714286 0.04083333333333333
0 0.7167857142857142 0.5204166666666667 0.05785714285714286 0.04083333333333333
0 0.7510714285714286 0.5254166666666668 0.05785714285714286 0.04083333333333333
0 0.7889285714285714 0.5254166666666668 0.05785714285714286 0.04083333333333333
0 0.8146428571428571 0.52875 0.05785714285714286 0.04083333333333333
0 0.8575 0.53125 0.05785714285714286 0.04083333333333333
0 0.985 0.5408333333333334 0.03 0.04
