0 0.09642857142857143 0.6095833333333334 0.07142857142857142 0.030833333333333334
0 0.295 0.5454166666666667 0.06428571428571428 0.03416666666666667
0 0.3964285714285714 0.5345833333333334 0.06428571428571428 0.03416666666666667
0 0.45571428571428574 0.5204166666666667 0.06428571428571428 0.03416666666666667
0 0.5014285714285714 0.5070833333333333 0.06428571428571428 0.03416666666666667
0 0.5807142857142857 0.4779166666666667 0.06428571428571428 0.03416666666666667
0 0.6314285714285715 0.4979166666666667 0.06428571428571428 0.03416666666666667
0 0.7928571428571428 0.5354166666666667 0.06428571428571428 0.03416666666666667
0 0.8557142857142858 0.5279166666666667 0.06428571428571428 0.03416666666666667
0 0.9142857142857143 0.5095833333333334 0.06428571428571428 0.03416666666666667
0 0.9678571428571429 0.5029166666666667 0.06428571428571428 0.03416666666666667
