0 0.03428571428571429 0.4033333333333334 0.06 0.03166666666666667
0 0.09 0.4116666666666667 0.06 0.03166666666666667
0 0.13357142857142856 0.4166666666666667 0.06 0.03166666666666667
0 0.17785714285714285 0.4191666666666667 0.06 0.03166666666666667
0 0.2342857142857143 0.4341666666666667 0.06 0.03166666666666667
0 0.27785714285714286 0.43833333333333335 0.06 0.03166666666666667
0 0.34785714285714286 0.43500000000000005 0.06 0.03166666666666667
0 0.415 0.4266666666666667 0.06 0.03166666666666667
0 0.4421428571428571 0.42250000000000004 0.06 0.03166666666666667
0 0.5007142857142857 0.39916666666666667 0.06 0.03166666666666667
0 0.5621428571428572 0.40750000000000003 0.06 0.03166666666666667
0 0.6192857142857143 0.4133333333333334 0.06 0.03166666666666667
0 0.6721428571428572 0.42583333333333334 0.06 0.03166666666666667
0 0.7307142857142858 0.43333333333333335 0.06 0.03166666666666667
0 0.7685714285714286 0.4141666666666667 0.06 0.03166666666666667
0 0.8214285714285714 0.41833333333333333 0.06 0.03166666666666667
0 0.8664285714285714 0.43500000000000005 0.06 0.03166666666666667
0 0.9071428571428571 0.44333333333333336 0.06 0.03166666666666667
0 0.9557142857142857 0.4425 0.06 0.03166666666666667
0 0.97 0.44333333333333336 0.06 0.03166666666666667
