0 0.02857142857142857 0.5695833333333333 0.055714285714285716 0.03916666666666667
0 0.07535714285714286 0.5879166666666668 0.056428571428571425 0.03916666666666667
0 0.12678571428571428 0.5954166666666667 0.056428571428571425 0.03916666666666667
0 0.17892857142857144 0.5962500000000001 0.056428571428571425 0.03916666666666667
0 0.22392857142857142 0.59875 0.056428571428571425 0.03916666666666667
0 0.2725 0.60875 0.056428571428571425 0.03916666666666667
0 0.3082142857142857 0.6112500000000001 0.056428571428571425 0.03916666666666667
0 0.3417857142857143 0.6154166666666667 0.056428571428571425 0.03916666666666667
0 0.2860714285714286 0.5579166666666667 0.056428571428571425 0.03916666666666667
0 0.3339285714285714 0.5470833333333334 0.056428571428571425 0.03916666666666667
0 0.3717857142857143 0.5579166666666667 0.056428571428571425 0.03916666666666667
0 0.4203571428571429 0.5695833333333333 0.056428571428571425 0.03916666666666667
0 0.4610714285714286 0.57375 0.056428571428571425 0.03916666666666667
0 0.5110714285714286 0.5629166666666667 0.056428571428571425 0.03916666666666667
0 0.5525 0.5520833333333334 0.056428571428571425 0.03916666666666667
0 0.5960714285714286 0.5345833333333334 0.056428571428571425 0.03916666666666667
0 0.6403571428571428 0.5179166666666667 0.056428571428571425 0.03916666666666667
0 0.6796428571428571 0.52375 0.056428571428571425 0.03916666666666667
0 0.7225 0.5245833333333334 0.056428571428571425 0.03916666666666667
0 0.7696428571428572 0.53125 0.056428571428571425 0.03916666666666667
0 0.8096428571428571 0.5395833333333334 0.056428571428571425 0.03916666666666667
0 0.8532142857142857 0.5587500000000001 0.056428571428571425 0.03916666666666667
0 0.8925 0.5804166666666667 0.056428571428571425 0.03916666666666667
0 0.9367857142857143 0.5962500000000001 0.056428571428571425 0.03916666666666667
0 0.9714285714285714 0.5995833333333334 0.05714285714285714 0.03916666666666667
