0 0.027857142857142858 0.66 0.054285714285714284 0.04
0 0.07035714285714285 0.6425000000000001 0.055 0.04
0 0.10607142857142857 0.6166666666666667 0.055 0.04
0 0.16107142857142856 0.6208333333333333 0.055 0.04
0 0.2175 0.64 0.055 0.04
0 0.26107142857142857 0.6325000000000001 0.055 0.04
0 0.3425 0.65 0.055 0.04
0 0.3382142857142857 0.6708333333333334 0.055 0.04
0 0.3003571428571429 0.6433333333333334 0.055 0.04
0 0.4017857142857143 0.6808333333333334 0.055 0.04
0 0.4446428571428571 0.68 0.055 0.04
0 0.4610714285714286 0.68 0.055 0.04
0 0.5110714285714286 0.6708333333333334 0.055 0.04
0 0.5667857142857143 0.6683333333333333 0.055 0.04
0 0.6103571428571428 0.6708333333333334 0.055 0.04
0 0.6739285714285714 0.7350000000000001 0.055 0.04
0 0.7860714285714285 0.8716666666666667 0.055 0.04
0 0.8182142857142857 0.8741666666666668 0.055 0.04
