0 0.03892857142857143 0.41458333333333336 0.065 0.035833333333333335
0 0.10678571428571429 0.4104166666666667 0.065 0.035833333333333335
0 0.2567857142857143 0.40208333333333335 0.065 0.035833333333333335
0 0.3289285714285714 0.3904166666666667 0.065 0.035833333333333335
0 0.3846428571428571 0.38125000000000003 0.065 0.035833333333333335
0 0.4417857142857143 0.3929166666666667 0.065 0.035833333333333335
0 0.5660714285714286 0.41458333333333336 0.065 0.035833333333333335
0 0.6410714285714286 0.41708333333333336 0.065 0.035833333333333335
0 0.7075 0.40875 0.065 0.035833333333333335
0 0.7660714285714286 0.39375000000000004 0.065 0.035833333333333335
0 0.8217857142857142 0.38875000000000004 0.065 0.035833333333333335
0 0.8667857142857143 0.38125000000000003 0.065 0.035833333333333335
0 0.9125 0.37125 0.065 0.035833333333333335
0 0.9567857142857142 0.3720833333333334 0.065 0.035833333333333335
0 0.9675 0.3729166666666667 0.065 0.035833333333333335
