0 0.30357142857142855 0.4633333333333334 0.06857142857142857 0.03833333333333334
0 0.36 0.4608333333333334 0.06857142857142857 0.03833333333333334
0 0.42 0.45 0.06857142857142857 0.03833333333333334
0 0.47785714285714287 0.45 0.06857142857142857 0.03833333333333334
0 0.5157142857142857 0.46416666666666667 0.06857142857142857 0.03833333333333334
0 0.5657142857142857 0.455 0.06857142857142857 0.03833333333333334
0 0.6128571428571429 0.4366666666666667 0.06857142857142857 0.03833333333333334
0 0.67 0.42583333333333334 0.06857142857142857 0.03833333333333334
0 0.7128571428571429 0.4066666666666667 0.06857142857142857 0.03833333333333334
0 0.7821428571428571 0.35000000000000003 0.06857142857142857 0.03833333333333334
0 0.15571428571428572 0.49833333333333335 0.06857142857142857 0.03833333333333334
0 0.2342857142857143 0.4608333333333334 0.06857142857142857 0.03833333333333334
