0 0.6410714285714286 0.47458333333333336 0.06357142857142857 0.037500000000000006
0 0.13892857142857143 0.4904166666666667 0.06357142857142857 0.037500000000000006
0 0.05678571428571429 0.4945833333333334 0.06357142857142857 0.037500000000000006
0 0.1025 0.4995833333333334 0.06357142857142857 0.037500000000000006
0 0.6946428571428571 0.47375 0.06357142857142857 0.037500000000000006
0 0.7446428571428572 0.47375 0.06357142857142857 0.037500000000000006
0 0.7989285714285714 0.47375 0.06357142857142857 0.037500000000000006
0 0.8482142857142857 0.46375000000000005 0.06357142857142857 0.037500000000000006
0 0.9060714285714285 0.4154166666666667 0.06357142857142857 0.037500000000000006
0 0.9625 0.4204166666666667 0.06357142857142857 0.037500000000000006
