0 0.032857142857142856 0.4291666666666667 0.05857142857142857 0.04833333333333334
0 0.06285714285714286 0.4116666666666667 0.05857142857142857 0.04833333333333334
0 0.09785714285714285 0.4033333333333334 0.05857142857142857 0.04833333333333334
0 0.13428571428571429 0.4133333333333334 0.05857142857142857 0.04833333333333334
0 0.17642857142857143 0.4066666666666667 0.05857142857142857 0.04833333333333334
0 0.21428571428571427 0.41250000000000003 0.05857142857142857 0.04833333333333334
0 0.24571428571428572 0.41500000000000004 0.05857142857142857 0.04833333333333334
0 0.2757142857142857 0.41250000000000003 0.05857142857142857 0.04833333333333334
0 0.30785714285714283 0.4116666666666667 0.05857142857142857 0.04833333333333334
0 0.3392857142857143 0.4066666666666667 0.05857142857142857 0.04833333333333334
0 0.3842857142857143 0.4091666666666667 0.05857142857142857 0.04833333333333334
0 0.41714285714285715 0.4008333333333334 0.05857142857142857 0.04833333333333334
0 0.4471428571428571 0.3925 0.05857142857142857 0.04833333333333334
0 0.48928571428571427 0.3983333333333334 0.05857142857142857 0.04833333333333334
0 0.5207142857142857 0.4025 0.05857142857142857 0.04833333333333334
0 0.5585714285714286 0.39666666666666667 0.05857142857142857 0.04833333333333334
0 0.5942857142857143 0.3866666666666667 0.05857142857142857 0.04833333333333334
0 0.6221428571428571 0.3741666666666667 0.05857142857142857 0.04833333333333334
0 0.6671428571428571 0.36500000000000005 0.05857142857142857 0.04833333333333334
0 0.7021428571428572 0.35583333333333333 0.05857142857142857 0.04833333333333334
0 0.7421428571428571 0.34500000000000003 0.05857142857142857 0.04833333333333334
0 0.7828571428571428 0.3416666666666667 0.05857142857142857 0.04833333333333334
0 0.8235714285714286 0.3591666666666667 0.05857142857142857 0.04833333333333334
0 0.8678571428571429 0.3725 0.05857142857142857 0.04833333333333334
0 0.9128571428571428 0.3766666666666667 0.05857142857142857 0.04833333333333334
0 0.9514285714285714 0.39 0.05857142857142857 0.04833333333333334
0 0.9707142857142858 0.39583333333333337 0.05857142857142857 0.04833333333333334
