0 0.055714285714285716 0.46375000000000005 0.06 0.029166666666666667
0 0.09357142857142857 0.48708333333333337 0.06 0.029166666666666667
0 0.25785714285714284 0.4629166666666667 0.06 0.029166666666666667
0 0.31357142857142856 0.47125000000000006 0.06 0.029166666666666667
0 0.39 0.48708333333333337 0.06 0.029166666666666667
0 0.5978571428571429 0.48958333333333337 0.06 0.029166666666666667
0 0.6835714285714286 0.4445833333333334 0.06 0.029166666666666667
0 0.7471428571428571 0.4179166666666667 0.06 0.029166666666666667
0 0.8228571428571428 0.4254166666666667 0.06 0.029166666666666667
0 0.8778571428571429 0.4379166666666667 0.06 0.029166666666666667
0 0.9578571428571429 0.45125000000000004 0.06 0.029166666666666667
0 0.8042857142857143 0.5895833333333333 0.06 0.029166666666666667
0 0.8807142857142857 0.5687500000000001 0.06 0.029166666666666667
0 0.03214285714285714 0.45375000000000004 0.06 0.029166666666666667
