0 0.04357142857142857 0.42500000000000004 0.08428571428571428 0.03833333333333334
0 0.09428571428571429 0.40166666666666667 0.08428571428571428 0.03833333333333334
0 0.13 0.3775 0.08428571428571428 0.03833333333333334
0 0.19642857142857142 0.3816666666666667 0.08428571428571428 0.03833333333333334
0 0.2592857142857143 0.3841666666666667 0.08428571428571428 0.03833333333333334
0 0.30357142857142855 0.3775 0.08428571428571428 0.03833333333333334
0 0.36714285714285716 0.3916666666666667 0.08428571428571428 0.03833333333333334
0 0.415 0.40166666666666667 0.08428571428571428 0.03833333333333334
0 0.48857142857142855 0.4025 0.08428571428571428 0.03833333333333334
0 0.48928571428571427 0.42750000000000005 0.08428571428571428 0.03833333333333334
0 0.55 0.4108333333333334 0.08428571428571428 0.03833333333333334
0 0.6042857142857143 0.4 0.08428571428571428 0.03833333333333334
0 0.6671428571428571 0.39583333333333337 0.08428571428571428 0.03833333333333334
0 0.71 0.36750000000000005 0.08428571428571428 0.03833333333333334
0 0.7635714285714286 0.36833333333333335 0.08428571428571428 0.03833333333333334
0 0.8157142857142857 0.3791666666666667 0.08428571428571428 0.03833333333333334
0 0.8685714285714285 0.3916666666666667 0.08428571428571428 0.03833333333333334
0 0.925 0.39583333333333337 0.08428571428571428 0.03833333333333334
0 0.9578571428571429 0.3916666666666667 0.08428571428571428 0.03833333333333334
