0 0.030714285714285715 0.64875 0.055714285714285716 0.030833333333333334
0 0.05785714285714286 0.6329166666666667 0.055714285714285716 0.030833333333333334
0 0.095 0.6495833333333334 0.055714285714285716 0.030833333333333334
0 0.13857142857142857 0.6620833333333334 0.055714285714285716 0.030833333333333334
0 0.17714285714285713 0.6620833333333334 0.055714285714285716 0.030833333333333334
0 0.22 0.6587500000000001 0.055714285714285716 0.030833333333333334
0 0.24928571428571428 0.6329166666666667 0.055714285714285716 0.030833333333333334
0 0.31 0.6095833333333334 0.055714285714285716 0.030833333333333334
0 0.3578571428571429 0.6170833333333334 0.055714285714285716 0.030833333333333334
0 0.4042857142857143 0.6212500000000001 0.055714285714285716 0.030833333333333334
0 0.4542857142857143 0.61875 0.055714285714285716 0.030833333333333334
0 0.49857142857142855 0.6354166666666667 0.055714285714285716 0.030833333333333334
0 0.5485714285714286 0.6554166666666668 0.055714285714285716 0.030833333333333334
0 0.6021428571428571 0.6570833333333334 0.055714285714285716 0.030833333333333334
0 0.6485714285714286 0.6620833333333334 0.055714285714285716 0.030833333333333334
0 0.7035714285714286 0.6745833333333334 0.055714285714285716 0.030833333333333334
0 0.7578571428571429 0.6854166666666667 0.055714285714285716 0.030833333333333334
0 0.8071428571428572 0.6920833333333334 0.055714285714285716 0.030833333333333334
0 0.8557142857142858 0.7004166666666667 0.055714285714285716 0.030833333333333334
0 0.8942857142857142 0.71375 0.055714285714285716 0.030833333333333334
0 0.9135714285714286 0.7312500000000001 0.055714285714285716 0.030833333333333334
