0 0.03571428571428571 0.5687500000000001 0.06571428571428571 0.04083333333333333
0 0.09428571428571429 0.57125 0.06571428571428571 0.04083333333333333
0 0.14785714285714285 0.5829166666666667 0.06571428571428571 0.04083333333333333
0 0.2007142857142857 0.5770833333333334 0.06571428571428571 0.04083333333333333
0 0.24285714285714285 0.5754166666666667 0.06571428571428571 0.04083333333333333
0 0.29285714285714287 0.5804166666666667 0.06571428571428571 0.04083333333333333
0 0.33785714285714286 0.5770833333333334 0.06571428571428571 0.04083333333333333
0 0.3842857142857143 0.57625 0.06571428571428571 0.04083333333333333
0 0.42857142857142855 0.5720833333333334 0.06571428571428571 0.04083333333333333
0 0.48857142857142855 0.5720833333333334 0.06571428571428571 0.04083333333333333
0 0.5457142857142857 0.5962500000000001 0.06571428571428571 0.04083333333333333
0 0.5992857142857143 0.6029166666666667 0.06571428571428571 0.04083333333333333
0 0.6564285714285715 0.5970833333333334 0.06571428571428571 0.04083333333333333
0 0.6521428571428571 0.5470833333333334 0.06571428571428571 0.04083333333333333
0 0.5528571428571428 0.5379166666666667 0.06571428571428571 0.04083333333333333
0 0.7278571428571429 0.6004166666666667 0.06571428571428571 0.04083333333333333
0 0.7464285714285714 0.54625 0.06571428571428571 0.04083333333333333
0 0.7914285714285715 0.52875 0.06571428571428571 0.04083333333333333
0 0.7935714285714286 0.6104166666666667 0.06571428571428571 0.04083333333333333
0 0.8692857142857143 0.6112500000000001 0.06571428571428571 0.04083333333333333
0 0.9442857142857143 0.6220833333333333 0.06571428571428571 0.04083333333333333
0 0.9157142857142857 0.5337500000000001 0.06571428571428571 0.04083333333333333
0 0.8428571428571429 0.5170833333333333 0.06571428571428571 0.04083333333333333
0 0.9628571428571429 0.5545833333333333 0.06571428571428571 0.04083333333333333
