0 0.23357142857142857 0.4104166666666667 0.08428571428571428 0.04416666666666667
0 0.305 0.3929166666666667 0.08428571428571428 0.04416666666666667
0 0.36357142857142855 0.3729166666666667 0.08428571428571428 0.04416666666666667
0 0.4307142857142857 0.3729166666666667 0.08428571428571428 0.04416666666666667
0 0.4878571428571429 0.37125 0.08428571428571428 0.04416666666666667
0 0.5528571428571428 0.37125 0.08428571428571428 0.04416666666666667
0 0.6342857142857142 0.38208333333333333 0.08428571428571428 0.04416666666666667
0 0.7014285714285714 0.3979166666666667 0.08428571428571428 0.04416666666666667
0 0.7764285714285715 0.40208333333333335 0.08428571428571428 0.04416666666666667
0 0.8485714285714285 0.40125000000000005 0.08428571428571428 0.04416666666666667
0 0.8957142857142857 0.39458333333333334 0.08428571428571428 0.04416666666666667
0 0.94 0.3879166666666667 0.08428571428571428 0.04416666666666667
