0 0.031785714285714285 0.48958333333333337 0.062142857142857146 0.04083333333333333
0 0.07785714285714286 0.5204166666666667 0.06285714285714286 0.04083333333333333
0 0.12428571428571429 0.54125 0.06285714285714286 0.04083333333333333
0 0.18428571428571427 0.5495833333333334 0.06285714285714286 0.04083333333333333
0 0.23857142857142857 0.5495833333333334 0.06285714285714286 0.04083333333333333
0 0.31 0.5395833333333334 0.06285714285714286 0.04083333333333333
0 0.3607142857142857 0.5345833333333334 0.06285714285714286 0.04083333333333333
0 0.44571428571428573 0.5420833333333334 0.06285714285714286 0.04083333333333333
0 0.40714285714285714 0.5387500000000001 0.06285714285714286 0.04083333333333333
0 0.5071428571428571 0.5545833333333333 0.06285714285714286 0.04083333333333333
0 0.8707142857142857 0.5679166666666667 0.06285714285714286 0.04083333333333333
0 0.9257142857142857 0.5620833333333334 0.06285714285714286 0.04083333333333333
0 0.9621428571428572 0.5520833333333334 0.06285714285714286 0.04083333333333333
