0 0.03642857142857143 0.5083333333333334 0.06285714285714286 0.04666666666666667
0 0.07785714285714286 0.5016666666666667 0.06285714285714286 0.04666666666666667
0 0.11642857142857142 0.5141666666666667 0.06285714285714286 0.04666666666666667
0 0.16357142857142856 0.5216666666666667 0.06285714285714286 0.04666666666666667
0 0.20285714285714285 0.5191666666666667 0.06285714285714286 0.04666666666666667
0 0.25285714285714284 0.52 0.06285714285714286 0.04666666666666667
0 0.29285714285714287 0.5291666666666667 0.06285714285714286 0.04666666666666667
0 0.335 0.5275000000000001 0.06285714285714286 0.04666666666666667
0 0.38785714285714284 0.5308333333333334 0.06285714285714286 0.04666666666666667
0 0.5021428571428571 0.5183333333333333 0.06285714285714286 0.04666666666666667
0 0.5471428571428572 0.5066666666666667 0.06285714285714286 0.04666666666666667
0 0.5885714285714285 0.5016666666666667 0.06285714285714286 0.04666666666666667
0 0.6285714285714286 0.5033333333333334 0.06285714285714286 0.04666666666666667
0 0.6721428571428572 0.5075000000000001 0.06285714285714286 0.04666666666666667
0 0.7135714285714285 0.505 0.06285714285714286 0.04666666666666667
0 0.75 0.5 0.06285714285714286 0.04666666666666667
0 0.7914285714285715 0.4966666666666667 0.06285714285714286 0.04666666666666667
0 0.8342857142857143 0.49500000000000005 0.06285714285714286 0.04666666666666667
0 0.8842857142857142 0.4891666666666667 0.06285714285714286 0.04666666666666667
0 0.9371428571428572 0.48583333333333334 0.06285714285714286 0.04666666666666667
0 0.9685714285714285 0.505 0.06285714285714286 0.04666666666666667
