0 0.03857142857142857 0.35500000000000004 0.07571428571428572 0.055
0 0.07892857142857143 0.36250000000000004 0.07642857142857143 0.055
0 0.12892857142857142 0.37333333333333335 0.07642857142857143 0.055
0 0.17107142857142857 0.3825 0.07642857142857143 0.055
0 0.2275 0.38833333333333336 0.07642857142857143 0.055
0 0.2732142857142857 0.39333333333333337 0.07642857142857143 0.055
0 0.33107142857142857 0.385 0.07642857142857143 0.055
0 0.36964285714285716 0.3516666666666667 0.07642857142857143 0.055
0 0.42464285714285716 0.36083333333333334 0.07642857142857143 0.055
0 0.4675 0.35500000000000004 0.07642857142857143 0.055
0 0.5153571428571428 0.35000000000000003 0.07642857142857143 0.055
0 0.5703571428571429 0.35083333333333333 0.07642857142857143 0.055
0 0.6217857142857143 0.36250000000000004 0.07642857142857143 0.055
0 0.6746428571428571 0.37083333333333335 0.07642857142857143 0.055
0 0.7267857142857143 0.3741666666666667 0.07642857142857143 0.055
0 0.7846428571428572 0.36500000000000005 0.07642857142857143 0.055
0 0.8310714285714286 0.36250000000000004 0.07642857142857143 0.055
0 0.8889285714285714 0.36000000000000004 0.07642857142857143 0.055
0 0.9232142857142858 0.35500000000000004 0.07642857142857143 0.055
0 0.9617857142857142 0.35833333333333334 0.07642857142857143 0.055
