0 0.05107142857142857 0.36500000000000005 0.07214285714285715 0.04166666666666667
0 0.11964285714285715 0.3433333333333334 0.07214285714285715 0.04166666666666667
0 0.1875 0.335 0.07214285714285715 0.04166666666666667
0 0.24464285714285713 0.3091666666666667 0.07214285714285715 0.04166666666666667
0 0.31464285714285717 0.29833333333333334 0.07214285714285715 0.04166666666666667
0 0.38535714285714284 0.3241666666666667 0.07214285714285715 0.04166666666666667
0 0.4546428571428571 0.3275 0.07214285714285715 0.04166666666666667
0 0.5203571428571429 0.31583333333333335 0.07214285714285715 0.04166666666666667
0 0.5875 0.3175 0.07214285714285715 0.04166666666666667
0 0.6239285714285714 0.32083333333333336 0.07214285714285715 0.04166666666666667
0 0.7082142857142857 0.33916666666666667 0.07214285714285715 0.04166666666666667
0 0.7725 0.3425 0.07214285714285715 0.04166666666666667
0 0.8275 0.3458333333333334 0.07214285714285715 0.04166666666666667
0 0.8982142857142857 0.3641666666666667 0.07214285714285715 0.04166666666666667
0 0.9417857142857143 0.3725 0.07214285714285715 0.04166666666666667
0 0.9639285714285715 0.39416666666666667 0.07214285714285715 0.04166666666666667
