0 0.23285714285714285 0.62875 0.06857142857142857 0.030833333333333334
0 0.29642857142857143 0.61875 0.06857142857142857 0.030833333333333334
0 0.35642857142857143 0.6012500000000001 0.06857142857142857 0.030833333333333334
0 0.45 0.5979166666666667 0.06857142857142857 0.030833333333333334
0 0.4957142857142857 0.5970833333333334 0.06857142857142857 0.030833333333333334
0 0.4157142857142857 0.5995833333333334 0.06857142857142857 0.030833333333333334
0 0.5564285714285714 0.5879166666666668 0.06857142857142857 0.030833333333333334
0 0.61 0.5829166666666667 0.06857142857142857 0.030833333333333334
0 0.6707142857142857 0.5820833333333334 0.06857142857142857 0.030833333333333334
0 0.7328571428571429 0.5695833333333333 0.06857142857142857 0.030833333333333334
0 0.7971428571428572 0.5520833333333334 0.06857142857142857 0.030833333333333334
0 0.8535714285714285 0.5404166666666667 0.06857142857142857 0.030833333333333334
0 0.9135714285714286 0.5470833333333334 0.06857142857142857 0.030833333333333334
0 0.9635714285714285 0.5420833333333334 0.06857142857142857 0.030833333333333334
