0 0.09178571428571429 0.48208333333333336 0.056428571428571425 0.030833333333333334
0 0.14035714285714285 0.4945833333333334 0.056428571428571425 0.030833333333333334
0 0.5432142857142858 0.49541666666666667 0.056428571428571425 0.030833333333333334
0 0.25892857142857145 0.5270833333333333 0.056428571428571425 0.030833333333333334
0 0.5910714285714286 0.4879166666666667 0.056428571428571425 0.030833333333333334
0 0.6396428571428572 0.48375 0.056428571428571425 0.030833333333333334
0 0.6875 0.4829166666666667 0.056428571428571425 0.030833333333333334
0 0.7460714285714286 0.46125000000000005 0.056428571428571425 0.030833333333333334
0 0.7932142857142858 0.4420833333333334 0.056428571428571425 0.030833333333333334
0 0.8253571428571429 0.4295833333333334 0.056428571428571425 0.030833333333333334
0 0.8646428571428572 0.4429166666666667 0.056428571428571425 0.030833333333333334
0 0.9117857142857143 0.46208333333333335 0.056428571428571425 0.030833333333333334
0 0.9389285714285714 0.47708333333333336 0.056428571428571425 0.030833333333333334
