0 0.03214285714285714 0.37833333333333335 0.06285714285714286 0.03666666666666667
0 0.11392857142857143 0.3795833333333334 0.065 0.0325
0 0.17107142857142857 0.38208333333333333 0.065 0.0325
0 0.23107142857142857 0.3754166666666667 0.065 0.0325
0 0.2860714285714286 0.3829166666666667 0.065 0.0325
0 0.3467857142857143 0.38875000000000004 0.065 0.0325
0 0.4032142857142857 0.37875000000000003 0.065 0.0325
0 0.45321428571428574 0.3695833333333334 0.065 0.0325
0 0.5132142857142857 0.35125 0.065 0.0325
0 0.5575 0.34375 0.065 0.0325
0 0.6032142857142857 0.3504166666666667 0.065 0.0325
0 0.6382142857142857 0.36541666666666667 0.065 0.0325
0 0.6932142857142857 0.38125000000000003 0.065 0.0325
0 0.7332142857142857 0.39375000000000004 0.065 0.0325
0 0.8096428571428571 0.39208333333333334 0.065 0.0325
0 0.8739285714285714 0.39958333333333335 0.065 0.0325
0 0.9110714285714285 0.41208333333333336 0.065 0.0325
0 0.9389285714285714 0.41458333333333336 0.065 0.0325
0 0.9660714285714286 0.4204166666666667 0.065 0.0325
