0 0.03642857142857143 0.40875 0.07142857142857142 0.03416666666666667
0 0.08821428571428572 0.40625 0.07214285714285715 0.03416666666666667
0 0.15178571428571427 0.41125 0.07214285714285715 0.03416666666666667
0 0.19178571428571428 0.3954166666666667 0.07214285714285715 0.03416666666666667
0 0.24607142857142858 0.3770833333333334 0.07214285714285715 0.03416666666666667
0 0.3339285714285714 0.34125 0.07214285714285715 0.03416666666666667
0 0.3896428571428571 0.33375000000000005 0.07214285714285715 0.03416666666666667
0 0.45321428571428574 0.33458333333333334 0.07214285714285715 0.03416666666666667
0 0.5167857142857143 0.34125 0.07214285714285715 0.03416666666666667
0 0.5667857142857143 0.3729166666666667 0.07214285714285715 0.03416666666666667
0 0.6289285714285714 0.39208333333333334 0.07214285714285715 0.03416666666666667
0 0.7103571428571429 0.39125000000000004 0.07214285714285715 0.03416666666666667
0 0.7710714285714285 0.40125000000000005 0.07214285714285715 0.03416666666666667
0 0.8310714285714286 0.4154166666666667 0.07214285714285715 0.03416666666666667
0 0.8903571428571428 0.41208333333333336 0.07214285714285715 0.03416666666666667
0 0.9546428571428571 0.39875000000000005 0.07214285714285715 0.03416666666666667
