0 0.048214285714285716 0.36000000000000004 0.08642857142857142 0.055
0 0.08892857142857143 0.35250000000000004 0.08642857142857142 0.055
0 0.15392857142857141 0.34500000000000003 0.08642857142857142 0.055
0 0.2032142857142857 0.34 0.08642857142857142 0.055
0 0.2475 0.34500000000000003 0.08642857142857142 0.055
0 0.2960714285714286 0.3466666666666667 0.08642857142857142 0.055
0 0.3460714285714286 0.3491666666666667 0.08642857142857142 0.055
0 0.39107142857142857 0.3466666666666667 0.08642857142857142 0.055
0 0.4475 0.3375 0.08642857142857142 0.055
0 0.5039285714285714 0.3433333333333334 0.08642857142857142 0.055
0 0.5539285714285714 0.32833333333333337 0.08642857142857142 0.055
0 0.6046428571428571 0.35500000000000004 0.08642857142857142 0.055
0 0.6517857142857143 0.34500000000000003 0.08642857142857142 0.055
0 0.6932142857142857 0.35083333333333333 0.08642857142857142 0.055
