0 0.13142857142857142 0.59875 0.06714285714285714 0.03416666666666667
0 0.27 0.4404166666666667 0.06714285714285714 0.03416666666666667
0 0.31357142857142856 0.4029166666666667 0.06714285714285714 0.03416666666666667
0 0.37857142857142856 0.38208333333333333 0.06714285714285714 0.03416666666666667
0 0.43285714285714283 0.35458333333333336 0.06714285714285714 0.03416666666666667
0 0.5035714285714286 0.35458333333333336 0.06714285714285714 0.03416666666666667
0 0.5478571428571428 0.36875 0.06714285714285714 0.03416666666666667
0 0.5857142857142857 0.38958333333333334 0.06714285714285714 0.03416666666666667
0 0.625 0.3929166666666667 0.06714285714285714 0.03416666666666667
0 0.6814285714285714 0.39708333333333334 0.06714285714285714 0.03416666666666667
0 0.7342857142857143 0.3554166666666667 0.06714285714285714 0.03416666666666667
0 0.7778571428571428 0.36291666666666667 0.06714285714285714 0.03416666666666667
0 0.8421428571428572 0.3720833333333334 0.06714285714285714 0.03416666666666667
0 0.8871428571428571 0.3729166666666667 0.06714285714285714 0.03416666666666667
0 0.94 0.37625000000000003 0.06714285714285714 0.03416666666666667
0 0.9607142857142857 0.37625000000000003 0.06714285714285714 0.03416666666666667
0 0.23714285714285716 0.54125 0.06714285714285714 0.03416666666666667
0 0.24214285714285713 0.5020833333333333 0.06714285714285714 0.03416666666666667
