0 0.031071428571428573 0.6470833333333333 0.060714285714285714 0.04083333333333333
0 0.10071428571428571 0.6495833333333334 0.06142857142857143 0.04083333333333333
0 0.14285714285714285 0.63375 0.06142857142857143 0.04083333333333333
0 0.21785714285714286 0.6270833333333333 0.06142857142857143 0.04083333333333333
0 0.17785714285714285 0.6312500000000001 0.06142857142857143 0.04083333333333333
0 0.27071428571428574 0.6162500000000001 0.06142857142857143 0.04083333333333333
0 0.31642857142857145 0.6054166666666667 0.06142857142857143 0.04083333333333333
0 0.3807142857142857 0.5979166666666667 0.06142857142857143 0.04083333333333333
0 0.42857142857142855 0.6062500000000001 0.06142857142857143 0.04083333333333333
0 0.475 0.63375 0.06142857142857143 0.04083333333333333
0 0.5321428571428571 0.64625 0.06142857142857143 0.04083333333333333
0 0.5857142857142857 0.6504166666666668 0.06142857142857143 0.04083333333333333
0 0.6328571428571429 0.6545833333333334 0.06142857142857143 0.04083333333333333
0 0.6842857142857143 0.65125 0.06142857142857143 0.04083333333333333
0 0.7342857142857143 0.63875 0.06142857142857143 0.04083333333333333
0 0.7892857142857143 0.6179166666666667 0.06142857142857143 0.04083333333333333
0 0.8392857142857143 0.62875 0.06142857142857143 0.04083333333333333
0 0.8764285714285714 0.6420833333333333 0.06142857142857143 0.04083333333333333
0 0.9228571428571428 0.6370833333333333 0.06142857142857143 0.04083333333333333
0 0.9685714285714285 0.6162500000000001 0.06142857142857143 0.04083333333333333
