0 0.18928571428571428 0.5058333333333334 0.07142857142857142 0.03333333333333333
0 0.25785714285714284 0.5025000000000001 0.07142857142857142 0.03333333333333333
0 0.31785714285714284 0.47750000000000004 0.07142857142857142 0.03333333333333333
0 0.365 0.45333333333333337 0.07142857142857142 0.03333333333333333
0 0.4278571428571429 0.45 0.07142857142857142 0.03333333333333333
0 0.48214285714285715 0.4491666666666667 0.07142857142857142 0.03333333333333333
0 0.5357142857142857 0.4491666666666667 0.07142857142857142 0.03333333333333333
0 0.6007142857142858 0.41750000000000004 0.07142857142857142 0.03333333333333333
0 0.6635714285714286 0.42250000000000004 0.07142857142857142 0.03333333333333333
0 0.7542857142857143 0.4675 0.07142857142857142 0.03333333333333333
