0 0.14214285714285715 0.39416666666666667 0.07142857142857142 0.04166666666666667
0 0.16785714285714284 0.35250000000000004 0.07142857142857142 0.04166666666666667
0 0.22428571428571428 0.3275 0.07142857142857142 0.04166666666666667
0 0.26357142857142857 0.31083333333333335 0.07142857142857142 0.04166666666666667
0 0.31214285714285717 0.3175 0.07142857142857142 0.04166666666666667
0 0.4085714285714286 0.3191666666666667 0.07142857142857142 0.04166666666666667
0 0.3535714285714286 0.3191666666666667 0.07142857142857142 0.04166666666666667
0 0.4714285714285714 0.32333333333333336 0.07142857142857142 0.04166666666666667
0 0.5178571428571429 0.3275 0.07142857142857142 0.04166666666666667
0 0.5735714285714286 0.33916666666666667 0.07142857142857142 0.04166666666666667
0 0.6364285714285715 0.3466666666666667 0.07142857142857142 0.04166666666666667
0 0.6914285714285714 0.3425 0.07142857142857142 0.04166666666666667
0 0.7542857142857143 0.3425 0.07142857142857142 0.04166666666666667
0 0.8042857142857143 0.3433333333333334 0.07142857142857142 0.04166666666666667
0 0.8557142857142858 0.3375 0.07142857142857142 0.04166666666666667
0 0.8907142857142857 0.32833333333333337 0.07142857142857142 0.04166666666666667
0 0.92 0.3241666666666667 0.07142857142857142 0.04166666666666667
0 0.9642857142857143 0.31083333333333335 0.07142857142857142 0.04166666666666667
