0 0.04607142857142857 0.4816666666666667 0.06357142857142857 0.03666666666666667
0 0.0925 0.55 0.06357142857142857 0.03666666666666667
0 0.1425 0.5366666666666667 0.06357142857142857 0.03666666666666667
0 0.17892857142857144 0.5058333333333334 0.06357142857142857 0.03666666666666667
0 0.23464285714285715 0.49250000000000005 0.06357142857142857 0.03666666666666667
0 0.2932142857142857 0.4816666666666667 0.06357142857142857 0.03666666666666667
0 0.3732142857142857 0.465 0.06357142857142857 0.03666666666666667
0 0.4367857142857143 0.4741666666666667 0.06357142857142857 0.03666666666666667
0 0.3289285714285714 0.4766666666666667 0.06357142857142857 0.03666666666666667
0 0.4975 0.5033333333333334 0.06357142857142857 0.03666666666666667
0 0.5653571428571429 0.5083333333333334 0.06357142857142857 0.03666666666666667
0 0.6353571428571428 0.515 0.06357142857142857 0.03666666666666667
0 0.6960714285714286 0.5041666666666667 0.06357142857142857 0.03666666666666667
0 0.7725 0.5041666666666667 0.06357142857142857 0.03666666666666667
0 0.8410714285714286 0.5133333333333334 0.06357142857142857 0.03666666666666667
0 0.8967857142857143 0.5208333333333334 0.06357142857142857 0.03666666666666667
0 0.9553571428571429 0.5075000000000001 0.06357142857142857 0.03666666666666667
0 0.9682142857142857 0.505 0.06357142857142857 0.03666666666666667
