0 0.03428571428571429 0.4529166666666667 0.06714285714285714 0.0325
0 0.10035714285714285 0.4529166666666667 0.06785714285714285 0.0325
0 0.14607142857142857 0.42875 0.06785714285714285 0.0325
0 0.2017857142857143 0.39208333333333334 0.06785714285714285 0.0325
0 0.2575 0.38875000000000004 0.06785714285714285 0.0325
0 0.3175 0.39125000000000004 0.06785714285714285 0.0325
0 0.37107142857142855 0.3979166666666667 0.06785714285714285 0.0325
0 0.4139285714285714 0.42791666666666667 0.06785714285714285 0.0325
0 0.4682142857142857 0.42125 0.06785714285714285 0.0325
0 0.5332142857142858 0.43625 0.06785714285714285 0.0325
0 0.5889285714285715 0.46208333333333335 0.06785714285714285 0.0325
0 0.6589285714285714 0.46208333333333335 0.06785714285714285 0.0325
0 0.7225 0.4704166666666667 0.06785714285714285 0.0325
0 0.7839285714285714 0.4754166666666667 0.06785714285714285 0.0325
0 0.8489285714285715 0.45625000000000004 0.06785714285714285 0.0325
0 0.9182142857142858 0.45125000000000004 0.06785714285714285 0.0325
0 0.9632142857142857 0.4370833333333334 0.06785714285714285 0.0325
