0 0.17464285714285716 0.5116666666666667 0.07357142857142857 0.03833333333333334
0 0.22535714285714287 0.4941666666666667 0.07357142857142857 0.03833333333333334
0 0.2725 0.48750000000000004 0.07357142857142857 0.03833333333333334
0 0.26607142857142857 0.3766666666666667 0.07357142857142857 0.03833333333333334
0 0.3367857142857143 0.38833333333333336 0.07357142857142857 0.03833333333333334
0 0.4032142857142857 0.4133333333333334 0.07357142857142857 0.03833333333333334
0 0.47035714285714286 0.4141666666666667 0.07357142857142857 0.03833333333333334
0 0.5282142857142857 0.4141666666666667 0.07357142857142857 0.03833333333333334
0 0.5832142857142857 0.4033333333333334 0.07357142857142857 0.03833333333333334
0 0.6489285714285714 0.39666666666666667 0.07357142857142857 0.03833333333333334
0 0.7017857142857142 0.41000000000000003 0.07357142857142857 0.03833333333333334
0 0.7603571428571428 0.4108333333333334 0.07357142857142857 0.03833333333333334
0 0.7989285714285714 0.42333333333333334 0.07357142857142857 0.03833333333333334
0 0.8603571428571428 0.44083333333333335 0.07357142857142857 0.03833333333333334
0 0.9239285714285714 0.445 0.07357142857142857 0.03833333333333334
0 0.9625 0.4366666666666667 0.07357142857142857 0.03833333333333334
