0 0.03678571428571428 0.48708333333333337 0.06785714285714285 0.04083333333333333
0 0.08392857142857142 0.46958333333333335 0.06785714285714285 0.04083333333333333
0 0.13535714285714287 0.48458333333333337 0.06785714285714285 0.04083333333333333
0 0.1825 0.4879166666666667 0.06785714285714285 0.04083333333333333
0 0.23107142857142857 0.5020833333333333 0.06785714285714285 0.04083333333333333
0 0.28035714285714286 0.51125 0.06785714285714285 0.04083333333333333
0 0.32535714285714284 0.5045833333333334 0.06785714285714285 0.04083333333333333
0 0.38392857142857145 0.5079166666666667 0.06785714285714285 0.04083333333333333
0 0.5117857142857143 0.5429166666666667 0.06785714285714285 0.04083333333333333
0 0.5546428571428571 0.5387500000000001 0.06785714285714285 0.04083333333333333
0 0.5917857142857142 0.5479166666666667 0.06785714285714285 0.04083333333333333
0 0.6310714285714286 0.5545833333333333 0.06785714285714285 0.04083333333333333
0 0.6825 0.5479166666666667 0.06785714285714285 0.04083333333333333
0 0.7367857142857143 0.5387500000000001 0.06785714285714285 0.04083333333333333
0 0.7975 0.5354166666666667 0.06785714285714285 0.04083333333333333
0 0.8617857142857143 0.5279166666666667 0.06785714285714285 0.04083333333333333
0 0.9089285714285714 0.5370833333333334 0.06785714285714285 0.04083333333333333
0 0.9660714285714286 0.5445833333333334 0.06785714285714285 0.04083333333333333
0 0.8282142857142857 0.5320833333333334 0.06785714285714285 0.04083333333333333
0 0.8746428571428572 0.5145833333333334 0.06785714285714285 0.04083333333333333
