0 0.04178571428571429 0.41958333333333336 0.06642857142857143 0.037500000000000006
0 0.11321428571428571 0.43291666666666667 0.06642857142857143 0.037500000000000006
0 0.18178571428571427 0.43125 0.06642857142857143 0.037500000000000006
0 0.2525 0.42708333333333337 0.06642857142857143 0.037500000000000006
0 0.36178571428571427 0.3979166666666667 0.06642857142857143 0.037500000000000006
0 0.4282142857142857 0.3779166666666667 0.06642857142857143 0.037500000000000006
0 0.4739285714285714 0.3729166666666667 0.06642857142857143 0.037500000000000006
0 0.5396428571428571 0.36625 0.06642857142857143 0.037500000000000006
0 0.5867857142857142 0.3795833333333334 0.06642857142857143 0.037500000000000006
0 0.6525 0.3720833333333334 0.06642857142857143 0.037500000000000006
0 0.7067857142857142 0.3579166666666667 0.06642857142857143 0.037500000000000006
0 0.7789285714285714 0.35875 0.06642857142857143 0.037500000000000006
0 0.8460714285714286 0.35958333333333337 0.06642857142857143 0.037500000000000006
0 0.9025 0.3904166666666667 0.06642857142857143 0.037500000000000006
0 0.9589285714285715 0.4079166666666667 0.06642857142857143 0.037500000000000006
