0 0.0425 0.40750000000000003 0.07928571428571428 0.030000000000000002
0 0.10107142857142858 0.39333333333333337 0.07928571428571428 0.030000000000000002
0 0.2617857142857143 0.3916666666666667 0.07928571428571428 0.030000000000000002
0 0.33964285714285714 0.3741666666666667 0.07928571428571428 0.030000000000000002
0 0.39535714285714285 0.39416666666666667 0.07928571428571428 0.030000000000000002
0 0.46464285714285714 0.395 0.07928571428571428 0.030000000000000002
0 0.5282142857142857 0.37333333333333335 0.07928571428571428 0.030000000000000002
0 0.5939285714285715 0.38833333333333336 0.07928571428571428 0.030000000000000002
0 0.6660714285714285 0.4025 0.07928571428571428 0.030000000000000002
0 0.7360714285714286 0.3916666666666667 0.07928571428571428 0.030000000000000002
0 0.8039285714285714 0.38083333333333336 0.07928571428571428 0.030000000000000002
0 0.9103571428571429 0.32666666666666666 0.07928571428571428 0.030000000000000002
