0 0.03464285714285714 0.6033333333333334 0.06785714285714285 0.043333333333333335
0 0.09178571428571429 0.6050000000000001 0.06785714285714285 0.043333333333333335
0 0.22321428571428573 0.5733333333333334 0.06785714285714285 0.043333333333333335
0 0.2860714285714286 0.5808333333333334 0.06785714285714285 0.043333333333333335
0 0.36892857142857144 0.5775 0.06785714285714285 0.043333333333333335
0 0.33035714285714285 0.5833333333333334 0.06785714285714285 0.043333333333333335
0 0.4110714285714286 0.5525 0.06785714285714285 0.043333333333333335
0 0.4782142857142857 0.5608333333333334 0.06785714285714285 0.043333333333333335
0 0.5382142857142858 0.5566666666666668 0.06785714285714285 0.043333333333333335
0 0.5939285714285715 0.5533333333333333 0.06785714285714285 0.043333333333333335
0 0.6539285714285714 0.555 0.06785714285714285 0.043333333333333335
0 0.7075 0.5683333333333334 0.06785714285714285 0.043333333333333335
0 0.7510714285714286 0.5908333333333333 0.06785714285714285 0.043333333333333335
0 0.8160714285714286 0.5941666666666667 0.06785714285714285 0.043333333333333335
0 0.8796428571428572 0.5941666666666667 0.06785714285714285 0.043333333333333335
0 0.9246428571428571 0.5800000000000001 0.06785714285714285 0.043333333333333335
0 0.9660714285714286 0.5775 0.06785714285714285 0.043333333333333335
