0 0.04535714285714286 0.5329166666666667 0.07357142857142857 0.035833333333333335
0 0.09035714285714286 0.5154166666666667 0.07357142857142857 0.035833333333333335
0 0.14035714285714285 0.5054166666666667 0.07357142857142857 0.035833333333333335
0 0.1925 0.5012500000000001 0.07357142857142857 0.035833333333333335
0 0.23964285714285713 0.47875 0.07357142857142857 0.035833333333333335
0 0.28464285714285714 0.47208333333333335 0.07357142857142857 0.035833333333333335
0 0.36464285714285716 0.46375000000000005 0.07357142857142857 0.035833333333333335
0 0.4039285714285714 0.46958333333333335 0.07357142857142857 0.035833333333333335
0 0.4689285714285714 0.47375 0.07357142857142857 0.035833333333333335
0 0.5203571428571429 0.49541666666666667 0.07357142857142857 0.035833333333333335
0 0.5896428571428571 0.5070833333333333 0.07357142857142857 0.035833333333333335
0 0.6346428571428572 0.5279166666666667 0.07357142857142857 0.035833333333333335
0 0.6725 0.5704166666666667 0.07357142857142857 0.035833333333333335
0 0.7317857142857143 0.5904166666666667 0.07357142857142857 0.035833333333333335
0 0.8032142857142857 0.58125 0.07357142857142857 0.035833333333333335
0 0.8425 0.5770833333333334 0.07357142857142857 0.035833333333333335
0 0.9175 0.5270833333333333 0.07357142857142857 0.035833333333333335
0 0.9582142857142857 0.4995833333333334 0.07357142857142857 0.035833333333333335
