0 0.023571428571428573 0.5033333333333334 0.045714285714285714 0.03666666666666667
0 0.0575 0.5125000000000001 0.04642857142857143 0.03666666666666667
0 0.0975 0.4966666666666667 0.04642857142857143 0.03666666666666667
0 0.1325 0.5133333333333334 0.04642857142857143 0.03666666666666667
0 0.1775 0.515 0.04642857142857143 0.03666666666666667
0 0.21678571428571428 0.5166666666666667 0.04642857142857143 0.03666666666666667
0 0.26821428571428574 0.5075000000000001 0.04642857142857143 0.03666666666666667
0 0.3132142857142857 0.535 0.04642857142857143 0.03666666666666667
0 0.3525 0.5533333333333333 0.04642857142857143 0.03666666666666667
0 0.40535714285714286 0.5641666666666667 0.04642857142857143 0.03666666666666667
0 0.45964285714285713 0.5616666666666666 0.04642857142857143 0.03666666666666667
0 0.5003571428571428 0.5416666666666667 0.04642857142857143 0.03666666666666667
0 0.5360714285714285 0.545 0.04642857142857143 0.03666666666666667
0 0.5939285714285715 0.545 0.04642857142857143 0.03666666666666667
0 0.6467857142857143 0.5641666666666667 0.04642857142857143 0.03666666666666667
0 0.7182142857142857 0.5800000000000001 0.04642857142857143 0.03666666666666667
0 0.7896428571428571 0.5833333333333334 0.04642857142857143 0.03666666666666667
0 0.7596428571428572 0.5858333333333333 0.04642857142857143 0.03666666666666667
0 0.6846428571428571 0.5725 0.04642857142857143 0.03666666666666667
0 0.8389285714285715 0.5925 0.04642857142857143 0.03666666666666667
0 0.9339285714285714 0.6008333333333333 0.04642857142857143 0.03666666666666667
0 0.9696428571428571 0.6033333333333334 0.04642857142857143 0.03666666666666667
0 0.8817857142857143 0.5866666666666667 0.04642857142857143 0.03666666666666667
