0 0.03214285714285714 0.37083333333333335 0.05857142857142857 0.035
0 0.06642857142857143 0.4091666666666667 0.05857142857142857 0.035
0 0.11357142857142857 0.43500000000000005 0.05857142857142857 0.035
0 0.15142857142857144 0.4525 0.05857142857142857 0.035
0 0.20285714285714285 0.46416666666666667 0.05857142857142857 0.035
0 0.2557142857142857 0.4683333333333334 0.05857142857142857 0.035
0 0.29285714285714287 0.4491666666666667 0.05857142857142857 0.035
0 0.33785714285714286 0.44583333333333336 0.05857142857142857 0.035
0 0.38142857142857145 0.4475 0.05857142857142857 0.035
0 0.4342857142857143 0.4683333333333334 0.05857142857142857 0.035
0 0.5035714285714286 0.48583333333333334 0.05857142857142857 0.035
0 0.5592857142857143 0.48500000000000004 0.05857142857142857 0.035
0 0.6157142857142857 0.4791666666666667 0.05857142857142857 0.035
0 0.675 0.4783333333333334 0.05857142857142857 0.035
0 0.7228571428571429 0.4658333333333334 0.05857142857142857 0.035
0 0.7764285714285715 0.47500000000000003 0.05857142857142857 0.035
0 0.8092857142857143 0.49000000000000005 0.05857142857142857 0.035
0 0.875 0.4941666666666667 0.05857142857142857 0.035
0 0.9378571428571428 0.5025000000000001 0.05857142857142857 0.035
0 0.9707142857142858 0.5108333333333334 0.05857142857142857 0.035
