0 0.05178571428571429 0.5095833333333334 0.07785714285714286 0.04416666666666667
0 0.08321428571428571 0.5220833333333333 0.07785714285714286 0.04416666666666667
0 0.1432142857142857 0.5320833333333334 0.07785714285714286 0.04416666666666667
0 0.1775 0.51375 0.07785714285714286 0.04416666666666667
0 0.22607142857142856 0.5120833333333333 0.07785714285714286 0.04416666666666667
0 0.25821428571428573 0.52375 0.07785714285714286 0.04416666666666667
0 0.3867857142857143 0.5329166666666667 0.07785714285714286 0.04416666666666667
0 0.4282142857142857 0.52625 0.07785714285714286 0.04416666666666667
0 0.48392857142857143 0.5170833333333333 0.07785714285714286 0.04416666666666667
0 0.5246428571428572 0.5095833333333334 0.07785714285714286 0.04416666666666667
0 0.5639285714285714 0.5229166666666667 0.07785714285714286 0.04416666666666667
0 0.6239285714285714 0.5254166666666668 0.07785714285714286 0.04416666666666667
0 0.6767857142857143 0.51875 0.07785714285714286 0.04416666666666667
0 0.7282142857142857 0.51375 0.07785714285714286 0.04416666666666667
0 0.7746428571428572 0.5079166666666667 0.07785714285714286 0.04416666666666667
0 0.8146428571428571 0.4995833333333334 0.07785714285714286 0.04416666666666667
0 0.8746428571428572 0.49541666666666667 0.07785714285714286 0.04416666666666667
0 0.9125 0.5120833333333333 0.07785714285714286 0.04416666666666667
0 0.9610714285714286 0.53625 0.07785714285714286 0.04416666666666667
