0 0.09107142857142857 0.7795833333333334 0.056428571428571425 0.0275
0 0.14107142857142857 0.77875 0.056428571428571425 0.0275
0 0.17821428571428571 0.7445833333333334 0.056428571428571425 0.0275
0 0.2075 0.7004166666666667 0.056428571428571425 0.0275
0 0.22678571428571428 0.6579166666666667 0.056428571428571425 0.0275
0 0.2732142857142857 0.6504166666666668 0.056428571428571425 0.0275
0 0.31464285714285717 0.6345833333333334 0.056428571428571425 0.0275
0 0.3846428571428571 0.6179166666666667 0.056428571428571425 0.0275
0 0.45964285714285713 0.6529166666666667 0.056428571428571425 0.0275
0 0.5082142857142857 0.64125 0.056428571428571425 0.0275
0 0.5553571428571429 0.6395833333333334 0.056428571428571425 0.0275
0 0.5996428571428571 0.62875 0.056428571428571425 0.0275
0 0.6425 0.6262500000000001 0.056428571428571425 0.0275
0 0.6867857142857143 0.62375 0.056428571428571425 0.0275
0 0.7553571428571428 0.6279166666666667 0.056428571428571425 0.0275
0 0.8217857142857142 0.63375 0.056428571428571425 0.0275
0 0.9446428571428571 0.5929166666666668 0.056428571428571425 0.0275
0 0.9717857142857143 0.5929166666666668 0.056428571428571425 0.0275
