0 0.0325 0.40166666666666667 0.05785714285714286 0.030000000000000002
0 0.10892857142857143 0.4025 0.05785714285714286 0.030000000000000002
0 0.16392857142857142 0.38333333333333336 0.05785714285714286 0.030000000000000002
0 0.1982142857142857 0.35500000000000004 0.05785714285714286 0.030000000000000002
0 0.25821428571428573 0.34500000000000003 0.05785714285714286 0.030000000000000002
0 0.3225 0.35250000000000004 0.05785714285714286 0.030000000000000002
0 0.3925 0.37083333333333335 0.05785714285714286 0.030000000000000002
0 0.4432142857142857 0.38833333333333336 0.05785714285714286 0.030000000000000002
0 0.5132142857142857 0.39083333333333337 0.05785714285714286 0.030000000000000002
0 0.5660714285714286 0.3825 0.05785714285714286 0.030000000000000002
0 0.6439285714285714 0.39416666666666667 0.05785714285714286 0.030000000000000002
0 0.7017857142857142 0.3841666666666667 0.05785714285714286 0.030000000000000002
0 0.7432142857142857 0.3891666666666667 0.05785714285714286 0.030000000000000002
0 0.7910714285714285 0.39083333333333337 0.05785714285714286 0.030000000000000002
0 0.8982142857142857 0.38833333333333336 0.05785714285714286 0.030000000000000002
0 0.9660714285714286 0.37583333333333335 0.05785714285714286 0.030000000000000002
