0 0.04428571428571428 0.36083333333333334 0.06714285714285714 0.03666666666666667
0 0.09142857142857143 0.3383333333333334 0.06714285714285714 0.03666666666666667
0 0.15857142857142856 0.32833333333333337 0.06714285714285714 0.03666666666666667
0 0.21142857142857144 0.3141666666666667 0.06714285714285714 0.03666666666666667
0 0.25285714285714284 0.29583333333333334 0.06714285714285714 0.03666666666666667
0 0.305 0.3016666666666667 0.06714285714285714 0.03666666666666667
0 0.3535714285714286 0.3358333333333334 0.06714285714285714 0.03666666666666667
0 0.42214285714285715 0.35500000000000004 0.06714285714285714 0.03666666666666667
0 0.4835714285714286 0.37000000000000005 0.06714285714285714 0.03666666666666667
0 0.5378571428571428 0.3766666666666667 0.06714285714285714 0.03666666666666667
0 0.5871428571428572 0.38333333333333336 0.06714285714285714 0.03666666666666667
0 0.6464285714285715 0.3875 0.06714285714285714 0.03666666666666667
0 0.8457142857142858 0.36250000000000004 0.06714285714285714 0.03666666666666667
0 0.7721428571428571 0.3641666666666667 0.06714285714285714 0.03666666666666667
0 0.7778571428571428 0.3691666666666667 0.06714285714285714 0.03666666666666667
0 0.9 0.35833333333333334 0.06714285714285714 0.03666666666666667
0 0.9571428571428572 0.3591666666666667 0.06714285714285714 0.03666666666666667
0 0.7235714285714285 0.38 0.06714285714285714 0.03666666666666667
