0 0.09 0.5179166666666667 0.10142857142857142 0.037500000000000006
0 0.17785714285714285 0.4995833333333334 0.10142857142857142 0.037500000000000006
0 0.2507142857142857 0.4995833333333334 0.10142857142857142 0.037500000000000006
0 0.32 0.5120833333333333 0.10142857142857142 0.037500000000000006
0 0.39071428571428574 0.5295833333333334 0.10142857142857142 0.037500000000000006
0 0.4635714285714286 0.5054166666666667 0.10142857142857142 0.037500000000000006
0 0.5214285714285715 0.4829166666666667 0.10142857142857142 0.037500000000000006
0 0.5771428571428572 0.5012500000000001 0.10142857142857142 0.037500000000000006
0 0.6292857142857143 0.55625 0.10142857142857142 0.037500000000000006
0 0.7228571428571429 0.5220833333333333 0.10142857142857142 0.037500000000000006
0 0.795 0.5154166666666667 0.10142857142857142 0.037500000000000006
0 0.86 0.5270833333333333 0.10142857142857142 0.037500000000000006
0 0.9435714285714286 0.5220833333333333 0.10142857142857142 0.037500000000000006
