0 0.040357142857142855 0.5245833333333334 0.07214285714285715 0.037500000000000006
0 0.08964285714285715 0.53125 0.07214285714285715 0.037500000000000006
0 0.15107142857142858 0.5370833333333334 0.07214285714285715 0.037500000000000006
0 0.20607142857142857 0.5404166666666667 0.07214285714285715 0.037500000000000006
0 0.2639285714285714 0.5454166666666667 0.07214285714285715 0.037500000000000006
0 0.32821428571428574 0.5495833333333334 0.07214285714285715 0.037500000000000006
0 0.3875 0.5587500000000001 0.07214285714285715 0.037500000000000006
0 0.46464285714285714 0.5537500000000001 0.07214285714285715 0.037500000000000006
0 0.5110714285714286 0.5295833333333334 0.07214285714285715 0.037500000000000006
0 0.5675 0.5104166666666667 0.07214285714285715 0.037500000000000006
0 0.6160714285714286 0.5070833333333333 0.07214285714285715 0.037500000000000006
0 0.6567857142857143 0.5254166666666668 0.07214285714285715 0.037500000000000006
0 0.7175 0.50625 0.07214285714285715 0.037500000000000006
0 0.7832142857142858 0.5070833333333333 0.07214285714285715 0.037500000000000006
0 0.8453571428571428 0.5204166666666667 0.07214285714285715 0.037500000000000006
0 0.9053571428571429 0.5379166666666667 0.07214285714285715 0.037500000000000006
0 0.9639285714285715 0.52125 0.07214285714285715 0.037500000000000006
