0 0.036071428571428574 0.5008333333333334 0.06642857142857143 0.04
0 0.06821428571428571 0.5058333333333334 0.06642857142857143 0.04
0 0.11035714285714286 0.49333333333333335 0.06642857142857143 0.04
0 0.14964285714285713 0.48833333333333334 0.06642857142857143 0.04
0 0.2025 0.4841666666666667 0.06642857142857143 0.04
0 0.23464285714285715 0.5066666666666667 0.06642857142857143 0.04
0 0.2810714285714286 0.5266666666666667 0.06642857142857143 0.04
0 0.3267857142857143 0.5233333333333333 0.06642857142857143 0.04
0 0.3782142857142857 0.5083333333333334 0.06642857142857143 0.04
0 0.4282142857142857 0.49083333333333334 0.06642857142857143 0.04
0 0.4775 0.48250000000000004 0.06642857142857143 0.04
0 0.5225 0.4916666666666667 0.06642857142857143 0.04
0 0.5675 0.5125000000000001 0.06642857142857143 0.04
0 0.5996428571428571 0.5375000000000001 0.06642857142857143 0.04
0 0.6625 0.7133333333333334 0.06642857142857143 0.04
0 0.7096428571428571 0.7258333333333333 0.06642857142857143 0.04
0 0.6932142857142857 0.7158333333333334 0.06642857142857143 0.04
