0 0.036071428571428574 0.5337500000000001 0.07071428571428572 0.04083333333333333
0 0.09571428571428571 0.55125 0.07142857142857142 0.04083333333333333
0 0.165 0.5720833333333334 0.07142857142857142 0.04083333333333333
0 0.22785714285714287 0.5679166666666667 0.07142857142857142 0.04083333333333333
0 0.2907142857142857 0.5595833333333333 0.07142857142857142 0.04083333333333333
0 0.3628571428571429 0.5520833333333334 0.07142857142857142 0.04083333333333333
0 0.42714285714285716 0.5495833333333334 0.07142857142857142 0.04083333333333333
0 0.47785714285714287 0.52125 0.07142857142857142 0.04083333333333333
0 0.5457142857142857 0.5170833333333333 0.07142857142857142 0.04083333333333333
0 0.5957142857142858 0.54625 0.07142857142857142 0.04083333333333333
0 0.6585714285714286 0.5720833333333334 0.07142857142857142 0.04083333333333333
0 0.7164285714285714 0.5929166666666668 0.07142857142857142 0.04083333333333333
0 0.7778571428571428 0.6120833333333334 0.07142857142857142 0.04083333333333333
0 0.8407142857142857 0.6604166666666668 0.07142857142857142 0.04083333333333333
0 0.9114285714285715 0.68625 0.07142857142857142 0.04083333333333333
