0 0.12785714285714286 0.6025 0.07 0.04166666666666667
0 0.18642857142857142 0.5825 0.07 0.04166666666666667
0 0.24642857142857144 0.5791666666666667 0.07 0.04166666666666667
0 0.3171428571428571 0.5616666666666666 0.07 0.04166666666666667
0 0.3585714285714286 0.5800000000000001 0.07 0.04166666666666667
0 0.4228571428571429 0.5825 0.07 0.04166666666666667
0 0.47714285714285715 0.5833333333333334 0.07 0.04166666666666667
0 0.5228571428571429 0.5791666666666667 0.07 0.04166666666666667
0 0.5864285714285714 0.5858333333333333 0.07 0.04166666666666667
0 0.6421428571428571 0.5875 0.07 0.04166666666666667
0 0.7028571428571428 0.5608333333333334 0.07 0.04166666666666667
0 0.7585714285714286 0.5633333333333334 0.07 0.04166666666666667
0 0.8221428571428572 0.5625 0.07 0.04166666666666667
0 0.8721428571428571 0.55 0.07 0.04166666666666667
0 0.935 0.5416666666666667 0.07 0.04166666666666667
0 0.9564285714285714 0.5358333333333334 0.07 0.04166666666666667
