0 0.045 0.34375 0.07714285714285714 0.03416666666666667
0 0.12 0.35708333333333336 0.07714285714285714 0.03416666666666667
0 0.3842857142857143 0.34208333333333335 0.07714285714285714 0.03416666666666667
0 0.4542857142857143 0.32375000000000004 0.07714285714285714 0.03416666666666667
0 0.5178571428571429 0.3354166666666667 0.07714285714285714 0.03416666666666667
0 0.605 0.34875 0.07714285714285714 0.03416666666666667
0 0.6842857142857143 0.34625 0.07714285714285714 0.03416666666666667
0 0.7464285714285714 0.3354166666666667 0.07714285714285714 0.03416666666666667
0 0.8 0.3104166666666667 0.07714285714285714 0.03416666666666667
0 0.8657142857142857 0.2804166666666667 0.07714285714285714 0.03416666666666667
0 0.9392857142857143 0.28458333333333335 0.07714285714285714 0.03416666666666667
