0 0.031071428571428573 0.58625 0.060714285714285714 0.03916666666666667
0 0.09428571428571429 0.6004166666666667 0.06142857142857143 0.03916666666666667
0 0.15357142857142858 0.6062500000000001 0.06142857142857143 0.03916666666666667
0 0.19785714285714287 0.6245833333333334 0.06142857142857143 0.03916666666666667
0 0.2571428571428571 0.62875 0.06142857142857143 0.03916666666666667
0 0.315 0.6354166666666667 0.06142857142857143 0.03916666666666667
0 0.3792857142857143 0.6329166666666667 0.06142857142857143 0.03916666666666667
0 0.45071428571428573 0.6354166666666667 0.06142857142857143 0.03916666666666667
0 0.5335714285714286 0.64375 0.06142857142857143 0.03916666666666667
0 0.6135714285714285 0.6504166666666668 0.06142857142857143 0.03916666666666667
0 0.6642857142857143 0.6504166666666668 0.06142857142857143 0.03916666666666667
0 0.7228571428571429 0.6570833333333334 0.06142857142857143 0.03916666666666667
0 0.755 0.7158333333333334 0.03428571428571429 0.043333333333333335
0 0.745 0.6820833333333334 0.06142857142857143 0.03916666666666667
0 0.7764285714285715 0.7645833333333334 0.037142857142857144 0.06416666666666668
0 0.8492857142857143 0.8375 0.11 0.04166666666666667
0 0.8867857142857143 0.8350000000000001 0.08071428571428571 0.04833333333333334
