0 0.045714285714285714 0.51875 0.09 0.04416666666666667
0 0.12321428571428572 0.5454166666666667 0.09071428571428572 0.04416666666666667
0 0.21392857142857144 0.5704166666666667 0.09071428571428572 0.04416666666666667
0 0.29464285714285715 0.5745833333333333 0.09071428571428572 0.04416666666666667
0 0.4725 0.59875 0.09071428571428572 0.04416666666666667
0 0.5725 0.6012500000000001 0.09071428571428572 0.04416666666666667
0 0.5332142857142858 0.6004166666666667 0.09071428571428572 0.04416666666666667
0 0.6289285714285714 0.6095833333333334 0.09071428571428572 0.04416666666666667
0 0.6989285714285715 0.60875 0.09071428571428572 0.04416666666666667
0 0.7767857142857143 0.5687500000000001 0.09071428571428572 0.04416666666666667
0 0.8539285714285715 0.5629166666666667 0.09071428571428572 0.04416666666666667
0 0.9396428571428571 0.5795833333333333 0.09071428571428572 0.04416666666666667
0 0.9546428571428571 0.5804166666666667 0.09071428571428572 0.04416666666666667
