0 0.04178571428571429 0.5091666666666667 0.08071428571428571 0.043333333333333335
0 0.10964285714285714 0.5316666666666667 0.08071428571428571 0.043333333333333335
0 0.17535714285714285 0.5475 0.08071428571428571 0.043333333333333335
0 0.24107142857142858 0.5608333333333334 0.08071428571428571 0.043333333333333335
0 0.3125 0.56 0.08071428571428571 0.043333333333333335
0 0.38607142857142857 0.5541666666666667 0.08071428571428571 0.043333333333333335
0 0.45035714285714284 0.535 0.08071428571428571 0.043333333333333335
0 0.5010714285714286 0.5016666666666667 0.08071428571428571 0.043333333333333335
0 0.5617857142857143 0.5166666666666667 0.08071428571428571 0.043333333333333335
0 0.6217857142857143 0.5666666666666667 0.08071428571428571 0.043333333333333335
0 0.6560714285714285 0.6091666666666667 0.08071428571428571 0.043333333333333335
0 0.6896428571428571 0.6516666666666667 0.08071428571428571 0.043333333333333335
0 0.7446428571428572 0.6808333333333334 0.08071428571428571 0.043333333333333335
