0 0.03642857142857143 0.41875 0.07142857142857142 0.050833333333333335
0 0.1075 0.41708333333333336 0.07214285714285715 0.050833333333333335
0 0.1725 0.41375 0.07214285714285715 0.050833333333333335
0 0.24321428571428572 0.41625 0.07214285714285715 0.050833333333333335
0 0.2925 0.4229166666666667 0.07214285714285715 0.050833333333333335
0 0.36607142857142855 0.41875 0.07214285714285715 0.050833333333333335
0 0.42964285714285716 0.3929166666666667 0.07214285714285715 0.050833333333333335
0 0.5039285714285714 0.4004166666666667 0.07214285714285715 0.050833333333333335
0 0.5667857142857143 0.4154166666666667 0.07214285714285715 0.050833333333333335
0 0.6460714285714285 0.42208333333333337 0.07214285714285715 0.050833333333333335
0 0.7060714285714286 0.4320833333333334 0.07214285714285715 0.050833333333333335
0 0.7575 0.42708333333333337 0.07214285714285715 0.050833333333333335
0 0.8317857142857142 0.42375 0.07214285714285715 0.050833333333333335
0 0.8939285714285714 0.4054166666666667 0.07214285714285715 0.050833333333333335
0 0.9482142857142857 0.39958333333333335 0.07214285714285715 0.050833333333333335
0 0.9635714285714285 0.39875000000000005 0.07285714285714286 0.050833333333333335
