0 0.027142857142857142 0.4629166666666667 0.05285714285714286 0.0325
0 0.18178571428571427 0.47125000000000006 0.05357142857142857 0.0325
0 0.2325 0.4404166666666667 0.05357142857142857 0.0325
0 0.2982142857142857 0.42708333333333337 0.05357142857142857 0.0325
0 0.37107142857142855 0.4429166666666667 0.05357142857142857 0.0325
0 0.4539285714285714 0.46958333333333335 0.05357142857142857 0.0325
0 0.49892857142857144 0.4879166666666667 0.05357142857142857 0.0325
0 0.5717857142857142 0.5020833333333333 0.05357142857142857 0.0325
0 0.5503571428571429 0.49625 0.05357142857142857 0.0325
0 0.6196428571428572 0.5054166666666667 0.05357142857142857 0.0325
0 0.6867857142857143 0.5029166666666667 0.05357142857142857 0.0325
0 0.7482142857142857 0.48625 0.05357142857142857 0.0325
0 0.8160714285714286 0.47708333333333336 0.05357142857142857 0.0325
0 0.8617857142857143 0.45208333333333334 0.05357142857142857 0.0325
0 0.9046428571428572 0.4370833333333334 0.05357142857142857 0.0325
0 0.9482142857142857 0.4420833333333334 0.05357142857142857 0.0325
0 0.9675 0.4420833333333334 0.05357142857142857 0.0325
