0 0.26321428571428573 0.6870833333333334 0.05071428571428571 0.0475
0 0.2325 0.7395833333333334 0.05071428571428571 0.0475
0 0.31642857142857145 0.6212500000000001 0.08 0.03416666666666667
0 0.36714285714285716 0.5904166666666667 0.08 0.03416666666666667
0 0.44142857142857145 0.5779166666666667 0.08 0.03416666666666667
0 0.5392857142857143 0.57875 0.08 0.03416666666666667
0 0.6378571428571429 0.58375 0.08 0.03416666666666667
0 0.6985714285714286 0.57125 0.08 0.03416666666666667
0 0.7835714285714286 0.55125 0.08 0.03416666666666667
0 0.8278571428571428 0.55125 0.08 0.03416666666666667
0 0.8735714285714286 0.53125 0.08 0.03416666666666667
0 0.9228571428571428 0.5345833333333334 0.08 0.03416666666666667
0 0.9585714285714285 0.5337500000000001 0.08 0.03416666666666667
