0 0.04178571428571429 0.43041666666666667 0.07357142857142857 0.037500000000000006
0 0.10892857142857143 0.40458333333333335 0.07357142857142857 0.037500000000000006
0 0.1575 0.39625000000000005 0.07357142857142857 0.037500000000000006
0 0.22464285714285714 0.3795833333333334 0.07357142857142857 0.037500000000000006
0 0.2932142857142857 0.38375000000000004 0.07357142857142857 0.037500000000000006
0 0.33464285714285713 0.37125 0.07357142857142857 0.037500000000000006
0 0.3732142857142857 0.37125 0.07357142857142857 0.037500000000000006
0 0.44892857142857145 0.3729166666666667 0.07357142857142857 0.037500000000000006
0 0.5025 0.37125 0.07357142857142857 0.037500000000000006
0 0.5575 0.37125 0.07357142857142857 0.037500000000000006
0 0.6139285714285714 0.38458333333333333 0.07357142857142857 0.037500000000000006
0 0.6767857142857143 0.3829166666666667 0.07357142857142857 0.037500000000000006
0 0.7146428571428571 0.36541666666666667 0.07357142857142857 0.037500000000000006
0 0.7796428571428572 0.3504166666666667 0.07357142857142857 0.037500000000000006
0 0.8553571428571428 0.35708333333333336 0.07357142857142857 0.037500000000000006
0 0.9189285714285714 0.34708333333333335 0.07357142857142857 0.037500000000000006
0 0.9389285714285714 0.32375000000000004 0.07357142857142857 0.037500000000000006
0 0.9632142857142857 0.3479166666666667 0.07357142857142857 0.037500000000000006
