0 0.04285714285714286 0.5929166666666668 0.08428571428571428 0.04083333333333333
0 0.1125 0.6070833333333334 0.08785714285714286 0.03416666666666667
0 0.1717857142857143 0.6179166666666667 0.08785714285714286 0.03416666666666667
0 0.2475 0.6345833333333334 0.08785714285714286 0.03416666666666667
0 0.31535714285714284 0.6429166666666667 0.08785714285714286 0.03416666666666667
0 0.35892857142857143 0.6420833333333333 0.08785714285714286 0.03416666666666667
0 0.4375 0.65625 0.08785714285714286 0.03416666666666667
0 0.49392857142857144 0.6679166666666667 0.08785714285714286 0.03416666666666667
0 0.5610714285714286 0.66125 0.08785714285714286 0.03416666666666667
0 0.6225 0.6495833333333334 0.08785714285714286 0.03416666666666667
0 0.6917857142857143 0.6445833333333334 0.08785714285714286 0.03416666666666667
0 0.7525 0.6420833333333333 0.08785714285714286 0.03416666666666667
0 0.8196428571428571 0.6429166666666667 0.08785714285714286 0.03416666666666667
0 0.9075 0.6345833333333334 0.08785714285714286 0.03416666666666667
0 0.9460714285714286 0.6304166666666667 0.08785714285714286 0.03416666666666667
