0 0.026071428571428572 0.44 0.05071428571428571 0.035
0 0.07785714285714286 0.42583333333333334 0.05142857142857143 0.035
0 0.12142857142857143 0.44333333333333336 0.05142857142857143 0.035
0 0.175 0.4741666666666667 0.05142857142857143 0.035
0 0.2307142857142857 0.47250000000000003 0.05142857142857143 0.035
0 0.2764285714285714 0.46416666666666667 0.05142857142857143 0.035
0 0.33785714285714286 0.4575 0.05142857142857143 0.035
0 0.4542857142857143 0.48333333333333334 0.05142857142857143 0.035
0 0.5114285714285715 0.48833333333333334 0.05142857142857143 0.035
0 0.5785714285714286 0.47750000000000004 0.05142857142857143 0.035
0 0.6285714285714286 0.47250000000000003 0.05142857142857143 0.035
0 0.7207142857142858 0.45083333333333336 0.05142857142857143 0.035
0 0.7721428571428571 0.43833333333333335 0.05142857142857143 0.035
0 0.8407142857142857 0.45 0.05142857142857143 0.035
0 0.9014285714285715 0.4491666666666667 0.05142857142857143 0.035
0 0.9564285714285714 0.4666666666666667 0.05142857142857143 0.035
0 0.9739285714285715 0.4758333333333334 0.052142857142857144 0.035
