0 0.10107142857142858 0.6570833333333334 0.07785714285714286 0.029166666666666667
0 0.19535714285714287 0.58875 0.07785714285714286 0.029166666666666667
0 0.26821428571428574 0.5579166666666667 0.07785714285714286 0.029166666666666667
0 0.30607142857142855 0.53125 0.07785714285714286 0.029166666666666667
0 0.36892857142857144 0.5154166666666667 0.07785714285714286 0.029166666666666667
0 0.4382142857142857 0.50875 0.07785714285714286 0.029166666666666667
0 0.5103571428571428 0.5095833333333334 0.07785714285714286 0.029166666666666667
0 0.5610714285714286 0.5095833333333334 0.07785714285714286 0.029166666666666667
0 0.6446428571428572 0.5229166666666667 0.07785714285714286 0.029166666666666667
0 0.8653571428571428 0.5354166666666667 0.07785714285714286 0.029166666666666667
0 0.7246428571428571 0.51875 0.07785714285714286 0.029166666666666667
0 0.8003571428571429 0.53625 0.07785714285714286 0.029166666666666667
0 0.9432142857142857 0.5379166666666667 0.07785714285714286 0.029166666666666667
