0 0.03642857142857143 0.5041666666666667 0.07142857142857142 0.02666666666666667
0 0.08464285714285714 0.5083333333333334 0.07214285714285715 0.02666666666666667
0 0.15035714285714286 0.5025000000000001 0.07214285714285715 0.02666666666666667
0 0.21892857142857142 0.48833333333333334 0.07214285714285715 0.02666666666666667
0 0.25392857142857145 0.4691666666666667 0.07214285714285715 0.02666666666666667
0 0.3082142857142857 0.47250000000000003 0.07214285714285715 0.02666666666666667
0 0.37035714285714283 0.46 0.07214285714285715 0.02666666666666667
0 0.42964285714285716 0.4441666666666667 0.07214285714285715 0.02666666666666667
0 0.46535714285714286 0.4691666666666667 0.07214285714285715 0.02666666666666667
0 0.5175 0.48583333333333334 0.07214285714285715 0.02666666666666667
0 0.5953571428571428 0.5025000000000001 0.07214285714285715 0.02666666666666667
0 0.6439285714285714 0.49583333333333335 0.07214285714285715 0.02666666666666667
0 0.7075 0.49583333333333335 0.07214285714285715 0.02666666666666667
0 0.6403571428571428 0.45083333333333336 0.07214285714285715 0.02666666666666667
0 0.7039285714285715 0.44833333333333336 0.07214285714285715 0.02666666666666667
0 0.7489285714285714 0.455 0.07214285714285715 0.02666666666666667
0 0.7732142857142857 0.4766666666666667 0.07214285714285715 0.02666666666666667
0 0.8325 0.47000000000000003 0.07214285714285715 0.02666666666666667
0 0.8875 0.47000000000000003 0.07214285714285715 0.02666666666666667
0 0.9367857142857143 0.4783333333333334 0.07214285714285715 0.02666666666666667
0 0.9635714285714285 0.48333333333333334 0.07285714285714286 0.02666666666666667
