0 0.13142857142857142 0.5908333333333333 0.07142857142857142 0.03333333333333333
0 0.056428571428571425 0.5916666666666667 0.07142857142857142 0.03333333333333333
0 0.19428571428571428 0.5833333333333334 0.07142857142857142 0.03333333333333333
0 0.24928571428571428 0.5566666666666668 0.07142857142857142 0.03333333333333333
0 0.3 0.5375000000000001 0.07142857142857142 0.03333333333333333
0 0.3578571428571429 0.5333333333333333 0.07142857142857142 0.03333333333333333
0 0.43142857142857144 0.5308333333333334 0.07142857142857142 0.03333333333333333
0 0.4907142857142857 0.5466666666666667 0.07142857142857142 0.03333333333333333
0 0.5421428571428571 0.56 0.07142857142857142 0.03333333333333333
0 0.5964285714285714 0.5775 0.07142857142857142 0.03333333333333333
0 0.6564285714285715 0.5825 0.07142857142857142 0.03333333333333333
0 0.7214285714285714 0.5866666666666667 0.07142857142857142 0.03333333333333333
0 0.7742857142857142 0.5783333333333334 0.07142857142857142 0.03333333333333333
0 0.8364285714285714 0.5866666666666667 0.07142857142857142 0.03333333333333333
0 0.8942857142857142 0.5766666666666667 0.07142857142857142 0.03333333333333333
0 0.9257142857142857 0.5941666666666667 0.07142857142857142 0.03333333333333333
0 0.037142857142857144 0.5833333333333334 0.07142857142857142 0.03333333333333333
