0 0.11678571428571428 0.37375 0.06642857142857143 0.05416666666666667
0 0.25392857142857145 0.38083333333333336 0.09357142857142857 0.03166666666666667
0 0.4446428571428571 0.38083333333333336 0.09357142857142857 0.03166666666666667
0 0.3575 0.38083333333333336 0.09357142857142857 0.03166666666666667
0 0.5335714285714286 0.36625 0.08857142857142856 0.030833333333333334
0 0.6142857142857143 0.3458333333333334 0.07714285714285714 0.02666666666666667
0 0.6757142857142857 0.3491666666666667 0.07714285714285714 0.02666666666666667
0 0.7157142857142857 0.33083333333333337 0.07714285714285714 0.02666666666666667
0 0.7971428571428572 0.34750000000000003 0.07714285714285714 0.02666666666666667
0 0.8514285714285714 0.35250000000000004 0.07714285714285714 0.02666666666666667
0 0.9592857142857143 0.36833333333333335 0.07714285714285714 0.02666666666666667
