0 0.037142857142857144 0.3741666666666667 0.07142857142857142 0.04166666666666667
0 0.08142857142857143 0.37583333333333335 0.07142857142857142 0.04166666666666667
0 0.12214285714285714 0.3741666666666667 0.07142857142857142 0.04166666666666667
0 0.13428571428571429 0.3616666666666667 0.07142857142857142 0.04166666666666667
0 0.17785714285714285 0.3716666666666667 0.07142857142857142 0.04166666666666667
0 0.21785714285714286 0.37083333333333335 0.07142857142857142 0.04166666666666667
0 0.33785714285714286 0.3816666666666667 0.07142857142857142 0.04166666666666667
0 0.39357142857142857 0.38833333333333336 0.07142857142857142 0.04166666666666667
0 0.43857142857142856 0.39583333333333337 0.07142857142857142 0.04166666666666667
0 0.49642857142857144 0.4008333333333334 0.07142857142857142 0.04166666666666667
0 0.5557142857142857 0.4141666666666667 0.07142857142857142 0.04166666666666667
0 0.6114285714285714 0.41500000000000004 0.07142857142857142 0.04166666666666667
0 0.6514285714285715 0.4116666666666667 0.07142857142857142 0.04166666666666667
0 0.6921428571428572 0.41500000000000004 0.07142857142857142 0.04166666666666667
0 0.7371428571428571 0.42000000000000004 0.07142857142857142 0.04166666666666667
0 0.81 0.3825 0.07142857142857142 0.04166666666666667
0 0.8628571428571429 0.37000000000000005 0.07142857142857142 0.04166666666666667
0 0.9114285714285715 0.37333333333333335 0.07142857142857142 0.04166666666666667
0 0.9642857142857143 0.3716666666666667 0.07142857142857142 0.04166666666666667
