0 0.03428571428571429 0.6820833333333334 0.06142857142857143 0.035833333333333335
0 0.095 0.6687500000000001 0.06142857142857143 0.035833333333333335
0 0.14285714285714285 0.6704166666666667 0.06142857142857143 0.035833333333333335
0 0.20785714285714285 0.6737500000000001 0.06142857142857143 0.035833333333333335
0 0.2764285714285714 0.6637500000000001 0.06142857142857143 0.035833333333333335
0 0.3507142857142857 0.6720833333333334 0.06142857142857143 0.035833333333333335
0 0.46285714285714286 0.6954166666666667 0.06142857142857143 0.035833333333333335
0 0.40714285714285714 0.6837500000000001 0.06142857142857143 0.035833333333333335
0 0.5285714285714286 0.6904166666666667 0.06142857142857143 0.035833333333333335
0 0.5992857142857143 0.6904166666666667 0.06142857142857143 0.035833333333333335
0 0.6478571428571429 0.68625 0.06142857142857143 0.035833333333333335
0 0.7164285714285714 0.6837500000000001 0.06142857142857143 0.035833333333333335
0 0.7664285714285715 0.6670833333333334 0.06142857142857143 0.035833333333333335
0 0.8171428571428572 0.6320833333333333 0.06142857142857143 0.035833333333333335
0 0.8785714285714286 0.6379166666666667 0.06142857142857143 0.035833333333333335
0 0.9471428571428572 0.64625 0.06142857142857143 0.035833333333333335
0 0.9692857142857143 0.63875 0.06142857142857143 0.035833333333333335
