0 0.015714285714285715 0.7283333333333334 0.03 0.035
0 0.06535714285714286 0.6766666666666667 0.05785714285714286 0.023333333333333334
0 0.12035714285714286 0.655 0.05785714285714286 0.023333333333333334
0 0.1382142857142857 0.6075 0.05785714285714286 0.023333333333333334
0 0.18178571428571427 0.6041666666666667 0.05785714285714286 0.023333333333333334
0 0.24107142857142858 0.6033333333333334 0.05785714285714286 0.023333333333333334
0 0.30107142857142855 0.5950000000000001 0.05785714285714286 0.023333333333333334
0 0.36892857142857144 0.5900000000000001 0.05785714285714286 0.023333333333333334
0 0.4317857142857143 0.5583333333333333 0.05785714285714286 0.023333333333333334
0 0.48178571428571426 0.5466666666666667 0.05785714285714286 0.023333333333333334
0 0.5375 0.5508333333333334 0.05785714285714286 0.023333333333333334
0 0.5775 0.5808333333333334 0.05785714285714286 0.023333333333333334
0 0.6296428571428572 0.6108333333333333 0.05785714285714286 0.023333333333333334
0 0.6903571428571429 0.6016666666666667 0.05785714285714286 0.023333333333333334
0 0.7603571428571428 0.5925 0.05785714285714286 0.023333333333333334
0 0.8196428571428571 0.5625 0.05785714285714286 0.023333333333333334
0 0.8053571428571429 0.5750000000000001 0.05785714285714286 0.023333333333333334
0 0.8425 0.5433333333333333 0.05785714285714286 0.023333333333333334
0 0.8839285714285714 0.5225000000000001 0.05785714285714286 0.023333333333333334
0 0.9332142857142857 0.5291666666666667 0.05785714285714286 0.023333333333333334
0 0.9707142857142858 0.55 0.05857142857142857 0.023333333333333334
