0 0.13428571428571429 0.24291666666666667 0.07571428571428572 0.03416666666666667
0 0.1957142857142857 0.26375000000000004 0.07571428571428572 0.03416666666666667
0 0.26142857142857145 0.2804166666666667 0.07571428571428572 0.03416666666666667
0 0.31785714285714284 0.3204166666666667 0.07571428571428572 0.03416666666666667
0 0.38 0.31375000000000003 0.07571428571428572 0.03416666666666667
0 0.43857142857142856 0.29125 0.07571428571428572 0.03416666666666667
0 0.4992857142857143 0.30041666666666667 0.07571428571428572 0.03416666666666667
0 0.5421428571428571 0.31375000000000003 0.07571428571428572 0.03416666666666667
0 0.6071428571428571 0.3179166666666667 0.07571428571428572 0.03416666666666667
0 0.6735714285714286 0.3120833333333334 0.07571428571428572 0.03416666666666667
0 0.73 0.30291666666666667 0.07571428571428572 0.03416666666666667
0 0.905 0.32458333333333333 0.07571428571428572 0.03416666666666667
0 0.8392857142857143 0.3179166666666667 0.07571428571428572 0.03416666666666667
0 0.7771428571428571 0.3070833333333334 0.07571428571428572 0.03416666666666667
0 0.9585714285714285 0.3045833333333334 0.07571428571428572 0.03416666666666667
