0 0.039285714285714285 0.41208333333333336 0.07714285714285714 0.029166666666666667
0 0.12928571428571428 0.43291666666666667 0.07714285714285714 0.029166666666666667
0 0.21642857142857141 0.42208333333333337 0.07714285714285714 0.029166666666666667
0 0.2735714285714286 0.39875000000000005 0.07714285714285714 0.029166666666666667
0 0.3364285714285714 0.41958333333333336 0.07714285714285714 0.029166666666666667
0 0.4164285714285714 0.44875000000000004 0.07714285714285714 0.029166666666666667
0 0.4942857142857143 0.4554166666666667 0.07714285714285714 0.029166666666666667
0 0.57 0.4579166666666667 0.07714285714285714 0.029166666666666667
0 0.6457142857142857 0.4470833333333334 0.07714285714285714 0.029166666666666667
0 0.7171428571428572 0.4445833333333334 0.07714285714285714 0.029166666666666667
0 0.765 0.4029166666666667 0.07714285714285714 0.029166666666666667
0 0.8364285714285714 0.39708333333333334 0.07714285714285714 0.029166666666666667
0 0.9014285714285715 0.39375000000000004 0.07714285714285714 0.029166666666666667
0 0.9614285714285714 0.38375000000000004 0.07714285714285714 0.029166666666666667
