0 0.04392857142857143 0.3329166666666667 0.07928571428571428 0.030833333333333334
0 0.12535714285714286 0.33458333333333334 0.07928571428571428 0.030833333333333334
0 0.19321428571428573 0.34375 0.07928571428571428 0.030833333333333334
0 0.2725 0.36875 0.07928571428571428 0.030833333333333334
0 0.3339285714285714 0.35625 0.07928571428571428 0.030833333333333334
0 0.3610714285714286 0.33208333333333334 0.07928571428571428 0.030833333333333334
0 0.4060714285714286 0.36541666666666667 0.07928571428571428 0.030833333333333334
0 0.46964285714285714 0.37125 0.07928571428571428 0.030833333333333334
0 0.5217857142857143 0.34958333333333336 0.07928571428571428 0.030833333333333334
0 0.5939285714285715 0.3670833333333334 0.07928571428571428 0.030833333333333334
0 0.6617857142857143 0.36625 0.07928571428571428 0.030833333333333334
0 0.7239285714285715 0.36041666666666666 0.07928571428571428 0.030833333333333334
0 0.7439285714285714 0.32458333333333333 0.07928571428571428 0.030833333333333334
0 0.8046428571428571 0.28875 0.07928571428571428 0.030833333333333334
0 0.8246428571428571 0.32958333333333334 0.07928571428571428 0.030833333333333334
0 0.7975 0.36875 0.07928571428571428 0.030833333333333334
0 0.9089285714285714 0.33875 0.07928571428571428 0.030833333333333334
0 0.8782142857142857 0.31708333333333333 0.07928571428571428 0.030833333333333334
0 0.9603571428571429 0.33708333333333335 0.07928571428571428 0.030833333333333334
0 0.9510714285714286 0.39958333333333335 0.07928571428571428 0.030833333333333334
