0 0.115 0.7104166666666667 0.07714285714285714 0.03416666666666667
0 0.1692857142857143 0.6929166666666667 0.07714285714285714 0.03416666666666667
0 0.2307142857142857 0.6854166666666667 0.07714285714285714 0.03416666666666667
0 0.3028571428571429 0.6704166666666667 0.07714285714285714 0.03416666666666667
0 0.36714285714285716 0.6587500000000001 0.07714285714285714 0.03416666666666667
0 0.43357142857142855 0.6529166666666667 0.07714285714285714 0.03416666666666667
0 0.49214285714285716 0.6354166666666667 0.07714285714285714 0.03416666666666667
0 0.5357142857142857 0.6112500000000001 0.07714285714285714 0.03416666666666667
0 0.5957142857142858 0.6112500000000001 0.07714285714285714 0.03416666666666667
0 0.6492857142857142 0.6120833333333334 0.07714285714285714 0.03416666666666667
0 0.6928571428571428 0.6170833333333334 0.07714285714285714 0.03416666666666667
0 0.7507142857142857 0.6395833333333334 0.07714285714285714 0.03416666666666667
0 0.7957142857142857 0.6629166666666667 0.07714285714285714 0.03416666666666667
0 0.865 0.66125 0.07714285714285714 0.03416666666666667
0 0.9321428571428572 0.6470833333333333 0.07714285714285714 0.03416666666666667
0 0.9478571428571428 0.6445833333333334 0.07714285714285714 0.03416666666666667
