0 0.04321428571428571 0.35625 0.08357142857142857 0.03416666666666667
0 0.11035714285714286 0.3729166666666667 0.08357142857142857 0.03416666666666667
0 0.1667857142857143 0.39625000000000005 0.08357142857142857 0.03416666666666667
0 0.22392857142857142 0.4179166666666667 0.08357142857142857 0.03416666666666667
0 0.2982142857142857 0.44375000000000003 0.08357142857142857 0.03416666666666667
0 0.37892857142857145 0.4454166666666667 0.08357142857142857 0.03416666666666667
0 0.4475 0.42875 0.08357142857142857 0.03416666666666667
0 0.5132142857142857 0.42875 0.08357142857142857 0.03416666666666667
0 0.5053571428571428 0.4679166666666667 0.08357142857142857 0.03416666666666667
0 0.5903571428571428 0.4420833333333334 0.08357142857142857 0.03416666666666667
0 0.5832142857142857 0.49125 0.08357142857142857 0.03416666666666667
0 0.6425 0.52125 0.08357142857142857 0.03416666666666667
0 0.7289285714285715 0.55125 0.08357142857142857 0.03416666666666667
0 0.6717857142857143 0.45708333333333334 0.08357142857142857 0.03416666666666667
0 0.8160714285714286 0.5695833333333333 0.08357142857142857 0.03416666666666667
0 0.8382142857142857 0.5620833333333334 0.08357142857142857 0.03416666666666667
