0 0.0625 0.56 0.07928571428571428 0.03333333333333333
0 0.13392857142857142 0.5516666666666667 0.07928571428571428 0.03333333333333333
0 0.20464285714285715 0.535 0.07928571428571428 0.03333333333333333
0 0.27035714285714285 0.5216666666666667 0.07928571428571428 0.03333333333333333
0 0.3382142857142857 0.51 0.07928571428571428 0.03333333333333333
0 0.3989285714285714 0.48750000000000004 0.07928571428571428 0.03333333333333333
0 0.4717857142857143 0.505 0.07928571428571428 0.03333333333333333
0 0.5282142857142857 0.49250000000000005 0.07928571428571428 0.03333333333333333
0 0.6225 0.4966666666666667 0.07928571428571428 0.03333333333333333
0 0.7060714285714286 0.5366666666666667 0.07928571428571428 0.03333333333333333
0 0.7703571428571429 0.56 0.07928571428571428 0.03333333333333333
0 0.9360714285714286 0.48000000000000004 0.07928571428571428 0.03333333333333333
0 0.9596428571428571 0.47750000000000004 0.07928571428571428 0.03333333333333333
