0 0.08392857142857142 0.51 0.07928571428571428 0.028333333333333335
0 0.16178571428571428 0.5241666666666667 0.07928571428571428 0.028333333333333335
0 0.21535714285714286 0.5333333333333333 0.07928571428571428 0.028333333333333335
0 0.3289285714285714 0.555 0.07928571428571428 0.028333333333333335
0 0.3967857142857143 0.5475 0.07928571428571428 0.028333333333333335
0 0.4789285714285714 0.5475 0.07928571428571428 0.028333333333333335
0 0.5589285714285714 0.5608333333333334 0.07928571428571428 0.028333333333333335
0 0.7739285714285714 0.5383333333333333 0.07928571428571428 0.028333333333333335
0 0.8303571428571429 0.5233333333333333 0.07928571428571428 0.028333333333333335
0 0.9482142857142857 0.55 0.07928571428571428 0.028333333333333335
