0 0.03642857142857143 0.5095833333333334 0.07 0.025833333333333337
0 0.10071428571428571 0.5079166666666667 0.07 0.025833333333333337
0 0.16785714285714284 0.49625 0.07 0.025833333333333337
0 0.23214285714285715 0.4754166666666667 0.07 0.025833333333333337
0 0.3107142857142857 0.4704166666666667 0.07 0.025833333333333337
0 0.3657142857142857 0.4920833333333334 0.07 0.025833333333333337
0 0.41214285714285714 0.48375 0.07 0.025833333333333337
0 0.46214285714285713 0.46208333333333335 0.07 0.025833333333333337
0 0.5285714285714286 0.46125000000000005 0.07 0.025833333333333337
0 0.5857142857142857 0.45208333333333334 0.07 0.025833333333333337
0 0.635 0.4345833333333334 0.07 0.025833333333333337
0 0.7028571428571428 0.46208333333333335 0.07 0.025833333333333337
0 0.7621428571428571 0.44125000000000003 0.07 0.025833333333333337
0 0.8407142857142857 0.45458333333333334 0.07 0.025833333333333337
0 0.9207142857142857 0.46708333333333335 0.07 0.025833333333333337
0 0.965 0.46375000000000005 0.07 0.025833333333333337
