0 0.04642857142857143 0.46 0.08714285714285715 0.03833333333333334
0 0.1707142857142857 0.4791666666666667 0.08714285714285715 0.03833333333333334
0 0.25142857142857145 0.4766666666666667 0.08714285714285715 0.03833333333333334
0 0.33071428571428574 0.4708333333333334 0.08714285714285715 0.03833333333333334
0 0.4135714285714286 0.44333333333333336 0.08714285714285715 0.03833333333333334
0 0.48857142857142855 0.43333333333333335 0.08714285714285715 0.03833333333333334
0 0.5735714285714286 0.44333333333333336 0.08714285714285715 0.03833333333333334
0 0.65 0.4425 0.08714285714285715 0.03833333333333334
0 0.7271428571428571 0.44333333333333336 0.08714285714285715 0.03833333333333334
0 0.8028571428571428 0.47000000000000003 0.08714285714285715 0.03833333333333334
