0 0.18214285714285713 0.74875 0.07142857142857142 0.030833333333333334
0 0.23857142857142857 0.7429166666666667 0.07142857142857142 0.030833333333333334
0 0.29285714285714287 0.7379166666666667 0.07142857142857142 0.030833333333333334
0 0.3414285714285714 0.6770833333333334 0.07142857142857142 0.030833333333333334
0 0.4114285714285714 0.6587500000000001 0.07142857142857142 0.030833333333333334
0 0.5114285714285715 0.5554166666666667 0.07142857142857142 0.030833333333333334
0 0.5835714285714285 0.55625 0.07142857142857142 0.030833333333333334
0 0.7078571428571429 0.5545833333333333 0.07142857142857142 0.030833333333333334
0 0.7478571428571429 0.5295833333333334 0.07142857142857142 0.030833333333333334
0 0.8135714285714286 0.5245833333333334 0.07142857142857142 0.030833333333333334
0 0.8621428571428571 0.5020833333333333 0.07142857142857142 0.030833333333333334
0 0.9142857142857143 0.51125 0.07142857142857142 0.030833333333333334
0 0.9642857142857143 0.5145833333333334 0.07142857142857142 0.030833333333333334
