0 0.03964285714285714 0.5337500000000001 0.07071428571428572 0.04083333333333333
0 0.0975 0.52375 0.07071428571428572 0.04083333333333333
0 0.18035714285714285 0.5345833333333334 0.07071428571428572 0.04083333333333333
0 0.2789285714285714 0.5279166666666667 0.07071428571428572 0.04083333333333333
0 0.4617857142857143 0.5379166666666667 0.07071428571428572 0.04083333333333333
0 0.5260714285714285 0.53125 0.07071428571428572 0.04083333333333333
0 0.5782142857142857 0.5029166666666667 0.07071428571428572 0.04083333333333333
0 0.6539285714285714 0.4970833333333334 0.07071428571428572 0.04083333333333333
0 0.7267857142857143 0.5154166666666667 0.07071428571428572 0.04083333333333333
0 0.7917857142857143 0.5095833333333334 0.07071428571428572 0.04083333333333333
0 0.8425 0.5045833333333334 0.07071428571428572 0.04083333333333333
0 0.8932142857142857 0.4995833333333334 0.07071428571428572 0.04083333333333333
