0 0.030714285714285715 0.35708333333333336 0.06 0.015833333333333335
0 0.08821428571428572 0.3479166666666667 0.060714285714285714 0.015833333333333335
0 0.13035714285714287 0.3670833333333334 0.060714285714285714 0.015833333333333335
0 0.18821428571428572 0.3670833333333334 0.060714285714285714 0.015833333333333335
0 0.29178571428571426 0.3729166666666667 0.060714285714285714 0.015833333333333335
0 0.2332142857142857 0.39458333333333334 0.060714285714285714 0.015833333333333335
0 0.3489285714285714 0.37333333333333335 0.060714285714285714 0.02666666666666667
0 0.39464285714285713 0.36250000000000004 0.060714285714285714 0.02666666666666667
0 0.4425 0.3491666666666667 0.060714285714285714 0.02666666666666667
0 0.49964285714285717 0.3466666666666667 0.060714285714285714 0.02666666666666667
0 0.5517857142857143 0.35833333333333334 0.060714285714285714 0.02666666666666667
0 0.6046428571428571 0.35000000000000003 0.060714285714285714 0.02666666666666667
0 0.6510714285714285 0.37333333333333335 0.060714285714285714 0.02666666666666667
0 0.7075 0.4008333333333334 0.060714285714285714 0.02666666666666667
0 0.7632142857142857 0.395 0.060714285714285714 0.02666666666666667
0 0.8282142857142857 0.38583333333333336 0.060714285714285714 0.02666666666666667
0 0.8832142857142857 0.3691666666666667 0.060714285714285714 0.02666666666666667
0 0.9382142857142857 0.3616666666666667 0.060714285714285714 0.02666666666666667
0 0.9692857142857143 0.35083333333333333 0.06142857142857143 0.02666666666666667
0 0.6767857142857143 0.3916666666666667 0.060714285714285714 0.02666666666666667
