0 0.03535714285714286 0.6304166666666667 0.05785714285714286 0.03416666666666667
0 0.07678571428571429 0.63875 0.05785714285714286 0.03416666666666667
0 0.12964285714285714 0.65625 0.05785714285714286 0.03416666666666667
0 0.17821428571428571 0.6520833333333333 0.05785714285714286 0.03416666666666667
0 0.23392857142857143 0.65125 0.05785714285714286 0.03416666666666667
0 0.2889285714285714 0.65125 0.05785714285714286 0.03416666666666667
0 0.3296428571428571 0.6929166666666667 0.05785714285714286 0.03416666666666667
0 0.39321428571428574 0.6970833333333334 0.05785714285714286 0.03416666666666667
0 0.4782142857142857 0.68625 0.05785714285714286 0.03416666666666667
0 0.5225 0.67625 0.05785714285714286 0.03416666666666667
0 0.5682142857142857 0.6695833333333334 0.05785714285714286 0.03416666666666667
0 0.6253571428571428 0.65625 0.05785714285714286 0.03416666666666667
0 0.6825 0.6329166666666667 0.05785714285714286 0.03416666666666667
0 0.7332142857142857 0.6254166666666667 0.05785714285714286 0.03416666666666667
0 0.7753571428571429 0.6095833333333334 0.05785714285714286 0.03416666666666667
0 0.8260714285714286 0.6112500000000001 0.05785714285714286 0.03416666666666667
0 0.8767857142857143 0.6295833333333334 0.05785714285714286 0.03416666666666667
