0 0.04857142857142857 0.5045833333333334 0.06142857142857143 0.022500000000000003
0 0.105 0.4879166666666667 0.06142857142857143 0.022500000000000003
0 0.255 0.4229166666666667 0.06142857142857143 0.022500000000000003
0 0.30785714285714283 0.41208333333333336 0.06142857142857143 0.022500000000000003
0 0.3607142857142857 0.42125 0.06142857142857143 0.022500000000000003
0 0.41285714285714287 0.42625 0.06142857142857143 0.022500000000000003
0 0.4735714285714286 0.4254166666666667 0.06142857142857143 0.022500000000000003
0 0.525 0.4370833333333334 0.06142857142857143 0.022500000000000003
0 0.5821428571428572 0.44875000000000004 0.06142857142857143 0.022500000000000003
0 0.6342857142857142 0.44375000000000003 0.06142857142857143 0.022500000000000003
0 0.6807142857142857 0.43375 0.06142857142857143 0.022500000000000003
0 0.7414285714285714 0.4370833333333334 0.06142857142857143 0.022500000000000003
0 0.79 0.43625 0.06142857142857143 0.022500000000000003
0 0.8521428571428571 0.4420833333333334 0.06142857142857143 0.022500000000000003
0 0.9507142857142857 0.4704166666666667 0.06142857142857143 0.022500000000000003
