0 0.03357142857142857 0.4633333333333334 0.06142857142857143 0.028333333333333335
0 0.09214285714285714 0.4675 0.06142857142857143 0.028333333333333335
0 0.15571428571428572 0.4691666666666667 0.06142857142857143 0.028333333333333335
0 0.22142857142857142 0.4683333333333334 0.06142857142857143 0.028333333333333335
0 0.27785714285714286 0.4666666666666667 0.06142857142857143 0.028333333333333335
0 0.3435714285714286 0.46 0.06142857142857143 0.028333333333333335
0 0.4185714285714286 0.4491666666666667 0.06142857142857143 0.028333333333333335
0 0.4878571428571429 0.44 0.06142857142857143 0.028333333333333335
0 0.55 0.43583333333333335 0.06142857142857143 0.028333333333333335
0 0.6371428571428571 0.4441666666666667 0.06142857142857143 0.028333333333333335
0 0.7028571428571428 0.44083333333333335 0.06142857142857143 0.028333333333333335
0 0.6071428571428571 0.43833333333333335 0.06142857142857143 0.028333333333333335
0 0.7692857142857142 0.46166666666666667 0.06142857142857143 0.028333333333333335
0 0.84 0.4575 0.06142857142857143 0.028333333333333335
0 0.8935714285714286 0.44333333333333336 0.06142857142857143 0.028333333333333335
0 0.95 0.4341666666666667 0.06142857142857143 0.028333333333333335
