0 0.031785714285714285 0.4154166666666667 0.062142857142857146 0.0325
0 0.09928571428571428 0.42708333333333337 0.06285714285714286 0.0325
0 0.15642857142857142 0.43291666666666667 0.06285714285714286 0.0325
0 0.22285714285714286 0.44625000000000004 0.06285714285714286 0.0325
0 0.285 0.43375 0.06285714285714286 0.0325
0 0.345 0.44625000000000004 0.06285714285714286 0.0325
0 0.41 0.4629166666666667 0.06285714285714286 0.0325
0 0.4742857142857143 0.45125000000000004 0.06285714285714286 0.0325
0 0.5457142857142857 0.45125000000000004 0.06285714285714286 0.0325
0 0.59 0.42791666666666667 0.06285714285714286 0.0325
0 0.7857142857142857 0.4454166666666667 0.06285714285714286 0.0325
0 0.9107142857142857 0.4379166666666667 0.06285714285714286 0.0325
0 0.8414285714285714 0.4504166666666667 0.06285714285714286 0.0325
0 0.9678571428571429 0.4404166666666667 0.06285714285714286 0.0325
