0 0.06035714285714286 0.5579166666666667 0.05357142857142857 0.0275
0 0.11607142857142858 0.5637500000000001 0.05357142857142857 0.0275
0 0.1682142857142857 0.5495833333333334 0.05357142857142857 0.0275
0 0.21892857142857142 0.5045833333333334 0.05357142857142857 0.0275
0 0.29964285714285716 0.47208333333333335 0.05357142857142857 0.0275
0 0.34035714285714286 0.4579166666666667 0.05357142857142857 0.0275
0 0.39321428571428574 0.44958333333333333 0.05357142857142857 0.0275
0 0.45607142857142857 0.4254166666666667 0.05357142857142857 0.0275
0 0.5317857142857143 0.4254166666666667 0.05357142857142857 0.0275
0 0.6532142857142857 0.5004166666666667 0.05357142857142857 0.0275
0 0.6903571428571429 0.5270833333333333 0.05357142857142857 0.0275
