0 0.026071428571428572 0.42125 0.05071428571428571 0.015833333333333335
0 0.07428571428571429 0.4004166666666667 0.05142857142857143 0.015833333333333335
0 0.13 0.38875000000000004 0.05142857142857143 0.015833333333333335
0 0.19 0.41708333333333336 0.05142857142857143 0.015833333333333335
0 0.23714285714285716 0.45708333333333334 0.05142857142857143 0.015833333333333335
0 0.2957142857142857 0.46208333333333335 0.05142857142857143 0.015833333333333335
0 0.34714285714285714 0.4529166666666667 0.05142857142857143 0.015833333333333335
0 0.605 0.44125000000000003 0.05142857142857143 0.015833333333333335
0 0.6585714285714286 0.4229166666666667 0.05142857142857143 0.015833333333333335
0 0.7314285714285714 0.42625 0.05142857142857143 0.015833333333333335
0 0.8014285714285714 0.44958333333333333 0.05142857142857143 0.015833333333333335
0 0.8421428571428572 0.44875000000000004 0.05142857142857143 0.015833333333333335
