0 0.032857142857142856 0.5025000000000001 0.05714285714285714 0.03166666666666667
0 0.08928571428571429 0.5016666666666667 0.05714285714285714 0.03166666666666667
0 0.14785714285714285 0.49750000000000005 0.05714285714285714 0.03166666666666667
0 0.1957142857142857 0.4791666666666667 0.05714285714285714 0.03166666666666667
0 0.24142857142857144 0.4716666666666667 0.05714285714285714 0.03166666666666667
0 0.28785714285714287 0.4666666666666667 0.05714285714285714 0.03166666666666667
0 0.3414285714285714 0.47250000000000003 0.05714285714285714 0.03166666666666667
0 0.40214285714285714 0.48333333333333334 0.05714285714285714 0.03166666666666667
0 0.45571428571428574 0.4766666666666667 0.05714285714285714 0.03166666666666667
0 0.49714285714285716 0.47000000000000003 0.05714285714285714 0.03166666666666667
0 0.5471428571428572 0.4608333333333334 0.05714285714285714 0.03166666666666667
0 0.605 0.45583333333333337 0.05714285714285714 0.03166666666666667
0 0.6578571428571428 0.4541666666666667 0.05714285714285714 0.03166666666666667
0 0.7092857142857143 0.4566666666666667 0.05714285714285714 0.03166666666666667
0 0.7692857142857142 0.4591666666666667 0.05714285714285714 0.03166666666666667
0 0.8285714285714286 0.48583333333333334 0.05714285714285714 0.03166666666666667
0 0.9364285714285714 0.4791666666666667 0.05714285714285714 0.03166666666666667
0 0.9714285714285714 0.47250000000000003 0.05714285714285714 0.03166666666666667
0 0.87 0.5033333333333334 0.05714285714285714 0.03166666666666667
