0 0.029642857142857144 0.52375 0.045 0.0275
0 0.08535714285714285 0.52875 0.045 0.0275
0 0.17035714285714285 0.53625 0.045 0.0275
0 0.3489285714285714 0.5179166666666667 0.045 0.0275
0 0.5346428571428572 0.48458333333333337 0.045 0.0275
0 0.5789285714285715 0.5145833333333334 0.045 0.0275
0 0.6389285714285714 0.5129166666666667 0.045 0.0275
0 0.7117857142857142 0.5054166666666667 0.045 0.0275
0 0.6767857142857143 0.5054166666666667 0.045 0.0275
0 0.7403571428571428 0.4829166666666667 0.045 0.0275
0 0.7953571428571429 0.4804166666666667 0.045 0.0275
0 0.8696428571428572 0.4854166666666667 0.045 0.0275
