0 0.1657142857142857 0.4758333333333334 0.07142857142857142 0.02666666666666667
0 0.22357142857142856 0.455 0.07142857142857142 0.02666666666666667
0 0.2714285714285714 0.4341666666666667 0.07142857142857142 0.02666666666666667
0 0.3407142857142857 0.4341666666666667 0.07142857142857142 0.02666666666666667
0 0.39071428571428574 0.45333333333333337 0.07142857142857142 0.02666666666666667
0 0.44357142857142856 0.44 0.07142857142857142 0.02666666666666667
0 0.5121428571428571 0.43083333333333335 0.07142857142857142 0.02666666666666667
0 0.5678571428571428 0.4316666666666667 0.07142857142857142 0.02666666666666667
0 0.6264285714285714 0.45083333333333336 0.07142857142857142 0.02666666666666667
0 0.6864285714285714 0.4716666666666667 0.07142857142857142 0.02666666666666667
0 0.7507142857142857 0.47250000000000003 0.07142857142857142 0.02666666666666667
0 0.8285714285714286 0.4741666666666667 0.07142857142857142 0.02666666666666667
0 0.8864285714285715 0.4741666666666667 0.07142857142857142 0.02666666666666667
0 0.9478571428571428 0.45833333333333337 0.07142857142857142 0.02666666666666667
