0 0.04392857142857143 0.38083333333333336 0.06785714285714285 0.030000000000000002
0 0.09892857142857144 0.36250000000000004 0.06785714285714285 0.030000000000000002
0 0.15178571428571427 0.34833333333333333 0.06785714285714285 0.030000000000000002
0 0.2025 0.34500000000000003 0.06785714285714285 0.030000000000000002
0 0.2732142857142857 0.34750000000000003 0.06785714285714285 0.030000000000000002
0 0.33464285714285713 0.325 0.06785714285714285 0.030000000000000002
0 0.4039285714285714 0.31833333333333336 0.06785714285714285 0.030000000000000002
0 0.4632142857142857 0.3116666666666667 0.06785714285714285 0.030000000000000002
0 0.5196428571428572 0.31833333333333336 0.06785714285714285 0.030000000000000002
0 0.5796428571428571 0.3241666666666667 0.06785714285714285 0.030000000000000002
0 0.6360714285714286 0.3075 0.06785714285714285 0.030000000000000002
0 0.6946428571428571 0.2916666666666667 0.06785714285714285 0.030000000000000002
0 0.7639285714285714 0.31083333333333335 0.06785714285714285 0.030000000000000002
0 0.8217857142857142 0.3358333333333334 0.06785714285714285 0.030000000000000002
0 0.9010714285714285 0.34833333333333333 0.06785714285714285 0.030000000000000002
0 0.9510714285714286 0.36000000000000004 0.06785714285714285 0.030000000000000002
