0 0.18178571428571427 0.37583333333333335 0.04928571428571429 0.030000000000000002
0 0.22892857142857143 0.3891666666666667 0.04928571428571429 0.030000000000000002
0 0.28464285714285714 0.3983333333333334 0.04928571428571429 0.030000000000000002
0 0.34464285714285714 0.39916666666666667 0.04928571428571429 0.030000000000000002
0 0.4110714285714286 0.39583333333333337 0.04928571428571429 0.030000000000000002
0 0.4767857142857143 0.3666666666666667 0.04928571428571429 0.030000000000000002
0 0.5332142857142858 0.3875 0.04928571428571429 0.030000000000000002
0 0.5853571428571429 0.39083333333333337 0.04928571428571429 0.030000000000000002
0 0.6353571428571428 0.37083333333333335 0.04928571428571429 0.030000000000000002
0 0.6846428571428571 0.38 0.04928571428571429 0.030000000000000002
0 0.7339285714285714 0.39583333333333337 0.04928571428571429 0.030000000000000002
0 0.9425 0.40458333333333335 0.085 0.029166666666666667
