0 0.04071428571428572 0.7025 0.07857142857142857 0.025
0 0.11071428571428571 0.6875 0.07857142857142857 0.025
0 0.19142857142857142 0.6966666666666667 0.07857142857142857 0.025
0 0.25 0.6891666666666667 0.07857142857142857 0.025
0 0.3142857142857143 0.6975 0.07857142857142857 0.025
0 0.38357142857142856 0.6841666666666667 0.07857142857142857 0.025
0 0.42928571428571427 0.675 0.07857142857142857 0.025
0 0.45714285714285713 0.6633333333333333 0.07857142857142857 0.025
0 0.535 0.66 0.07857142857142857 0.025
0 0.6042857142857143 0.6608333333333334 0.07857142857142857 0.025
0 0.6764285714285714 0.6633333333333333 0.07857142857142857 0.025
0 0.7485714285714286 0.6616666666666667 0.07857142857142857 0.025
0 0.8114285714285714 0.6658333333333334 0.07857142857142857 0.025
0 0.8557142857142858 0.6966666666666667 0.07857142857142857 0.025
