0 0.04107142857142857 0.48833333333333334 0.07642857142857143 0.045000000000000005
0 0.07035714285714285 0.48500000000000004 0.07642857142857143 0.045000000000000005
0 0.1125 0.4808333333333334 0.07642857142857143 0.045000000000000005
0 0.16035714285714286 0.4808333333333334 0.07642857142857143 0.045000000000000005
0 0.2032142857142857 0.48333333333333334 0.07642857142857143 0.045000000000000005
0 0.2646428571428571 0.4891666666666667 0.07642857142857143 0.045000000000000005
0 0.29678571428571426 0.4941666666666667 0.07642857142857143 0.045000000000000005
0 0.33964285714285714 0.4941666666666667 0.07642857142857143 0.045000000000000005
0 0.37464285714285717 0.4758333333333334 0.07642857142857143 0.045000000000000005
0 0.41964285714285715 0.47000000000000003 0.07642857142857143 0.045000000000000005
0 0.4575 0.47250000000000003 0.07642857142857143 0.045000000000000005
0 0.5053571428571428 0.4708333333333334 0.07642857142857143 0.045000000000000005
0 0.5446428571428571 0.4708333333333334 0.07642857142857143 0.045000000000000005
0 0.5675 0.48833333333333334 0.07642857142857143 0.045000000000000005
0 0.6246428571428572 0.7441666666666668 0.07642857142857143 0.045000000000000005
0 0.6682142857142858 0.7525000000000001 0.07642857142857143 0.045000000000000005
0 0.6982142857142857 0.7725000000000001 0.07642857142857143 0.045000000000000005
0 0.7396428571428572 0.7875000000000001 0.07642857142857143 0.045000000000000005
