0 0.046785714285714285 0.50875 0.07928571428571428 0.025833333333333337
0 0.11535714285714285 0.5104166666666667 0.07928571428571428 0.025833333333333337
0 0.1875 0.5154166666666667 0.07928571428571428 0.025833333333333337
0 0.25892857142857145 0.5195833333333334 0.07928571428571428 0.025833333333333337
0 0.32392857142857145 0.51375 0.07928571428571428 0.025833333333333337
0 0.38535714285714284 0.50375 0.07928571428571428 0.025833333333333337
0 0.46035714285714285 0.5179166666666667 0.07928571428571428 0.025833333333333337
0 0.5375 0.52125 0.07928571428571428 0.025833333333333337
0 0.5982142857142857 0.5104166666666667 0.07928571428571428 0.025833333333333337
0 0.6539285714285714 0.5104166666666667 0.07928571428571428 0.025833333333333337
0 0.7025 0.5345833333333334 0.07928571428571428 0.025833333333333337
0 0.7667857142857143 0.5470833333333334 0.07928571428571428 0.025833333333333337
0 0.8325 0.53625 0.07928571428571428 0.025833333333333337
0 0.8946428571428572 0.5254166666666668 0.07928571428571428 0.025833333333333337
0 0.9589285714285715 0.5195833333333334 0.07928571428571428 0.025833333333333337
