0 0.0425 0.5954166666666667 0.05785714285714286 0.0275
0 0.1025 0.5854166666666667 0.05785714285714286 0.0275
0 0.1682142857142857 0.58375 0.05785714285714286 0.0275
0 0.22464285714285714 0.5704166666666667 0.05785714285714286 0.0275
0 0.2767857142857143 0.5537500000000001 0.05785714285714286 0.0275
0 0.34035714285714286 0.5470833333333334 0.05785714285714286 0.0275
0 0.4082142857142857 0.5679166666666667 0.05785714285714286 0.0275
0 0.4710714285714286 0.5645833333333333 0.05785714285714286 0.0275
0 0.5260714285714285 0.5520833333333334 0.05785714285714286 0.0275
0 0.5760714285714286 0.5754166666666667 0.05785714285714286 0.0275
0 0.6260714285714286 0.57375 0.05785714285714286 0.0275
0 0.6782142857142857 0.5670833333333334 0.05785714285714286 0.0275
0 0.7296428571428571 0.5620833333333334 0.05785714285714286 0.0275
0 0.7832142857142858 0.5529166666666667 0.05785714285714286 0.0275
0 0.8396428571428571 0.5420833333333334 0.05785714285714286 0.0275
0 0.8782142857142857 0.5295833333333334 0.05785714285714286 0.0275
0 0.9339285714285714 0.5079166666666667 0.05785714285714286 0.0275
0 0.9710714285714286 0.5079166666666667 0.05785714285714286 0.0275
