0 0.03428571428571429 0.37041666666666667 0.06714285714285714 0.0425
0 0.09535714285714286 0.38583333333333336 0.06357142857142857 0.035
0 0.17392857142857143 0.37875000000000003 0.06785714285714285 0.0425
0 0.2417857142857143 0.3770833333333334 0.06785714285714285 0.0425
0 0.3132142857142857 0.3670833333333334 0.06785714285714285 0.0425
0 0.38107142857142856 0.35208333333333336 0.06785714285714285 0.0425
0 0.4417857142857143 0.3720833333333334 0.06785714285714285 0.0425
0 0.5210714285714285 0.38625000000000004 0.06785714285714285 0.0425
0 0.5867857142857142 0.36291666666666667 0.06785714285714285 0.0425
0 0.6325 0.3379166666666667 0.06785714285714285 0.0425
0 0.6810714285714285 0.30291666666666667 0.06785714285714285 0.0425
0 0.7360714285714286 0.2829166666666667 0.06785714285714285 0.0425
0 0.7803571428571429 0.29208333333333336 0.06785714285714285 0.0425
0 0.8325 0.3095833333333334 0.06785714285714285 0.0425
0 0.9039285714285714 0.3179166666666667 0.06785714285714285 0.0425
0 0.9610714285714286 0.3045833333333334 0.06785714285714285 0.0425
