0 0.04642857142857143 0.4025 0.06428571428571428 0.025
0 0.2092857142857143 0.39666666666666667 0.06428571428571428 0.025
0 0.22214285714285714 0.4816666666666667 0.06428571428571428 0.025
0 0.28214285714285714 0.48000000000000004 0.06428571428571428 0.025
0 0.3485714285714286 0.4733333333333334 0.06428571428571428 0.025
0 0.2757142857142857 0.42083333333333334 0.06428571428571428 0.025
0 0.40714285714285714 0.47000000000000003 0.06428571428571428 0.025
0 0.34714285714285714 0.4291666666666667 0.06428571428571428 0.025
0 0.4692857142857143 0.4716666666666667 0.06428571428571428 0.025
0 0.5264285714285715 0.47500000000000003 0.06428571428571428 0.025
0 0.5928571428571429 0.4791666666666667 0.06428571428571428 0.025
0 0.6664285714285715 0.4941666666666667 0.06428571428571428 0.025
0 0.7464285714285714 0.5033333333333334 0.06428571428571428 0.025
0 0.8071428571428572 0.5133333333333334 0.06428571428571428 0.025
0 0.7085714285714285 0.49583333333333335 0.06428571428571428 0.025
