0 0.3082142857142857 0.4808333333333334 0.07642857142857143 0.028333333333333335
0 0.37892857142857145 0.4866666666666667 0.07642857142857143 0.028333333333333335
0 0.48035714285714287 0.5041666666666667 0.07642857142857143 0.028333333333333335
0 0.5760714285714286 0.4991666666666667 0.07642857142857143 0.028333333333333335
0 0.6517857142857143 0.48833333333333334 0.07642857142857143 0.028333333333333335
0 0.7232142857142857 0.48000000000000004 0.07642857142857143 0.028333333333333335
0 0.7925 0.47000000000000003 0.07642857142857143 0.028333333333333335
0 0.8467857142857143 0.45333333333333337 0.07642857142857143 0.028333333333333335
0 0.9132142857142858 0.43500000000000005 0.07642857142857143 0.028333333333333335
0 0.9617857142857142 0.43333333333333335 0.07642857142857143 0.028333333333333335
0 0.19392857142857142 0.48833333333333334 0.07642857142857143 0.028333333333333335
0 0.03857142857142857 0.4625 0.07571428571428572 0.028333333333333335
