0 0.036071428571428574 0.5233333333333333 0.07071428571428572 0.03333333333333333
0 0.09428571428571429 0.52 0.07142857142857142 0.03333333333333333
0 0.1442857142857143 0.5116666666666667 0.07142857142857142 0.03333333333333333
0 0.2042857142857143 0.5116666666666667 0.07142857142857142 0.03333333333333333
0 0.265 0.5458333333333334 0.07142857142857142 0.03333333333333333
0 0.3357142857142857 0.5225000000000001 0.07142857142857142 0.03333333333333333
0 0.34285714285714286 0.5591666666666667 0.07142857142857142 0.03333333333333333
0 0.4064285714285714 0.5458333333333334 0.07142857142857142 0.03333333333333333
0 0.4064285714285714 0.5166666666666667 0.07142857142857142 0.03333333333333333
0 0.4607142857142857 0.51 0.07142857142857142 0.03333333333333333
0 0.5292857142857142 0.515 0.07142857142857142 0.03333333333333333
0 0.605 0.49333333333333335 0.07142857142857142 0.03333333333333333
0 0.6728571428571428 0.49250000000000005 0.07142857142857142 0.03333333333333333
0 0.7271428571428571 0.5141666666666667 0.07142857142857142 0.03333333333333333
0 0.7885714285714286 0.545 0.07142857142857142 0.03333333333333333
0 0.8385714285714285 0.5900000000000001 0.07142857142857142 0.03333333333333333
0 0.89 0.6066666666666667 0.07142857142857142 0.03333333333333333
0 0.9542857142857143 0.6275000000000001 0.07142857142857142 0.03333333333333333
