0 0.041428571428571426 0.6012500000000001 0.08 0.030833333333333334
0 0.10785714285714286 0.5895833333333333 0.08 0.030833333333333334
0 0.195 0.5820833333333334 0.08 0.030833333333333334
0 0.27285714285714285 0.5779166666666667 0.08 0.030833333333333334
0 0.3335714285714286 0.5720833333333334 0.08 0.030833333333333334
0 0.4064285714285714 0.5404166666666667 0.08 0.030833333333333334
0 0.475 0.5404166666666667 0.08 0.030833333333333334
0 0.5378571428571428 0.5595833333333333 0.08 0.030833333333333334
0 0.6057142857142858 0.5545833333333333 0.08 0.030833333333333334
0 0.6614285714285715 0.5379166666666667 0.08 0.030833333333333334
0 0.7064285714285714 0.5120833333333333 0.08 0.030833333333333334
0 0.7971428571428572 0.5129166666666667 0.08 0.030833333333333334
0 0.8685714285714285 0.5095833333333334 0.08 0.030833333333333334
0 0.9335714285714286 0.50625 0.08 0.030833333333333334
0 0.96 0.4970833333333334 0.08 0.030833333333333334
