0 0.15107142857142858 0.38125000000000003 0.08214285714285714 0.0175
0 0.22321428571428573 0.3254166666666667 0.08214285714285714 0.0175
0 0.3196428571428571 0.3070833333333334 0.08214285714285714 0.0175
0 0.39785714285714285 0.33166666666666667 0.07142857142857142 0.021666666666666667
0 0.44642857142857145 0.33083333333333337 0.07142857142857142 0.021666666666666667
0 0.685 0.375 0.07142857142857142 0.021666666666666667
0 0.6228571428571429 0.4058333333333334 0.07142857142857142 0.021666666666666667
0 0.7507142857142857 0.3891666666666667 0.07142857142857142 0.021666666666666667
0 0.8228571428571428 0.3725 0.07142857142857142 0.021666666666666667
0 0.9007142857142857 0.39583333333333337 0.07142857142857142 0.021666666666666667
0 0.9528571428571428 0.4116666666666667 0.07142857142857142 0.021666666666666667
0 0.06535714285714286 0.36541666666666667 0.08214285714285714 0.0175
