0 0.02892857142857143 0.49750000000000005 0.056428571428571425 0.02666666666666667
0 0.08642857142857142 0.4866666666666667 0.05714285714285714 0.02666666666666667
0 0.14142857142857143 0.4891666666666667 0.05714285714285714 0.02666666666666667
0 0.19357142857142856 0.4916666666666667 0.05714285714285714 0.02666666666666667
0 0.12428571428571429 0.4608333333333334 0.05714285714285714 0.02666666666666667
0 0.24142857142857144 0.4916666666666667 0.05714285714285714 0.02666666666666667
0 0.30642857142857144 0.49750000000000005 0.05714285714285714 0.02666666666666667
0 0.38285714285714284 0.5041666666666667 0.05714285714285714 0.02666666666666667
0 0.35428571428571426 0.5033333333333334 0.05714285714285714 0.02666666666666667
0 0.4307142857142857 0.51 0.05714285714285714 0.02666666666666667
0 0.4828571428571429 0.49083333333333334 0.05714285714285714 0.02666666666666667
0 0.5278571428571428 0.48000000000000004 0.05714285714285714 0.02666666666666667
0 0.5871428571428572 0.4683333333333334 0.05714285714285714 0.02666666666666667
0 0.6442857142857142 0.47750000000000004 0.05714285714285714 0.02666666666666667
0 0.7 0.4991666666666667 0.05714285714285714 0.02666666666666667
0 0.7478571428571429 0.5283333333333333 0.05714285714285714 0.02666666666666667
0 0.7717857142857143 0.5716666666666667 0.027857142857142858 0.05
0 0.7910714285714285 0.6125 0.027857142857142858 0.05
0 0.8146428571428571 0.6616666666666667 0.027857142857142858 0.05
0 0.8457142857142858 0.6845833333333334 0.047142857142857146 0.025833333333333337
0 0.8757142857142857 0.7129166666666668 0.047142857142857146 0.025833333333333337
0 0.9042857142857142 0.73375 0.047142857142857146 0.025833333333333337
