0 0.030714285714285715 0.5516666666666667 0.06 0.030000000000000002
0 0.0875 0.5391666666666667 0.060714285714285714 0.030000000000000002
0 0.12892857142857142 0.5175000000000001 0.060714285714285714 0.030000000000000002
0 0.18107142857142858 0.4966666666666667 0.060714285714285714 0.030000000000000002
0 0.2375 0.48000000000000004 0.060714285714285714 0.030000000000000002
0 0.2760714285714286 0.4916666666666667 0.060714285714285714 0.030000000000000002
0 0.3325 0.5091666666666667 0.060714285714285714 0.030000000000000002
0 0.3889285714285714 0.5041666666666667 0.060714285714285714 0.030000000000000002
0 0.43607142857142855 0.5058333333333334 0.060714285714285714 0.030000000000000002
0 0.4760714285714286 0.4891666666666667 0.060714285714285714 0.030000000000000002
0 0.5303571428571429 0.48500000000000004 0.060714285714285714 0.030000000000000002
0 0.5846428571428571 0.4808333333333334 0.060714285714285714 0.030000000000000002
0 0.6339285714285714 0.46416666666666667 0.060714285714285714 0.030000000000000002
0 0.6860714285714286 0.4625 0.060714285714285714 0.030000000000000002
0 0.7432142857142857 0.4633333333333334 0.060714285714285714 0.030000000000000002
0 0.7882142857142858 0.49000000000000005 0.060714285714285714 0.030000000000000002
0 0.8446428571428571 0.5075000000000001 0.060714285714285714 0.030000000000000002
0 0.8960714285714285 0.5108333333333334 0.060714285714285714 0.030000000000000002
0 0.9525 0.5116666666666667 0.060714285714285714 0.030000000000000002
0 0.9696428571428571 0.52 0.060714285714285714 0.030000000000000002
