0 0.03964285714285714 0.3754166666666667 0.07785714285714286 0.030833333333333334
0 0.10178571428571428 0.3720833333333334 0.07785714285714286 0.030833333333333334
0 0.1432142857142857 0.38625000000000004 0.07785714285714286 0.030833333333333334
0 0.2017857142857143 0.41375 0.07785714285714286 0.030833333333333334
0 0.2775 0.43125 0.07785714285714286 0.030833333333333334
0 0.3489285714285714 0.4295833333333334 0.07785714285714286 0.030833333333333334
0 0.40535714285714286 0.4254166666666667 0.07785714285714286 0.030833333333333334
0 0.4432142857142857 0.41708333333333336 0.07785714285714286 0.030833333333333334
0 0.5125 0.43291666666666667 0.07785714285714286 0.030833333333333334
0 0.5789285714285715 0.4429166666666667 0.07785714285714286 0.030833333333333334
0 0.5596428571428571 0.3795833333333334 0.07785714285714286 0.030833333333333334
0 0.6310714285714286 0.39625000000000005 0.07785714285714286 0.030833333333333334
0 0.7053571428571429 0.38208333333333333 0.07785714285714286 0.030833333333333334
0 0.7803571428571429 0.3879166666666667 0.07785714285714286 0.030833333333333334
0 0.8560714285714286 0.40375000000000005 0.07785714285714286 0.030833333333333334
0 0.9496428571428571 0.4179166666666667 0.07785714285714286 0.030833333333333334
0 0.8203571428571429 0.43125 0.07785714285714286 0.030833333333333334
0 0.7375 0.45208333333333334 0.07785714285714286 0.030833333333333334
0 0.6525 0.45875000000000005 0.07785714285714286 0.030833333333333334
