0 0.03357142857142857 0.5095833333333334 0.06571428571428571 0.029166666666666667
0 0.08392857142857142 0.5370833333333334 0.06642857142857143 0.029166666666666667
0 0.14821428571428572 0.5295833333333334 0.06642857142857143 0.029166666666666667
0 0.20964285714285713 0.5220833333333333 0.06642857142857143 0.029166666666666667
0 0.26964285714285713 0.5120833333333333 0.06642857142857143 0.029166666666666667
0 0.32035714285714284 0.5020833333333333 0.06642857142857143 0.029166666666666667
0 0.36392857142857143 0.5179166666666667 0.06642857142857143 0.029166666666666667
0 0.42464285714285716 0.5354166666666667 0.06642857142857143 0.029166666666666667
0 0.47964285714285715 0.5595833333333333 0.06642857142857143 0.029166666666666667
0 0.5410714285714285 0.56125 0.06642857142857143 0.029166666666666667
0 0.5989285714285715 0.5670833333333334 0.06642857142857143 0.029166666666666667
0 0.6589285714285714 0.57125 0.06642857142857143 0.029166666666666667
0 0.6975 0.5962500000000001 0.06642857142857143 0.029166666666666667
0 0.7796428571428572 0.7179166666666668 0.06642857142857143 0.029166666666666667
0 0.8439285714285715 0.7270833333333334 0.06642857142857143 0.029166666666666667
0 0.8767857142857143 0.7404166666666667 0.06642857142857143 0.029166666666666667
