0 0.03535714285714286 0.5208333333333334 0.06928571428571428 0.030000000000000002
0 0.09428571428571429 0.515 0.07 0.030000000000000002
0 0.1457142857142857 0.5091666666666667 0.07 0.030000000000000002
0 0.21357142857142858 0.5033333333333334 0.07 0.030000000000000002
0 0.2785714285714286 0.505 0.07 0.030000000000000002
0 0.36 0.4966666666666667 0.07 0.030000000000000002
0 0.39785714285714285 0.4741666666666667 0.07 0.030000000000000002
0 0.4592857142857143 0.4816666666666667 0.07 0.030000000000000002
0 0.5235714285714286 0.5033333333333334 0.07 0.030000000000000002
0 0.5971428571428572 0.4941666666666667 0.07 0.030000000000000002
0 0.6685714285714286 0.5116666666666667 0.07 0.030000000000000002
0 0.7314285714285714 0.53 0.07 0.030000000000000002
0 0.7892857142857143 0.5383333333333333 0.07 0.030000000000000002
0 0.86 0.5466666666666667 0.07 0.030000000000000002
0 0.92 0.5441666666666667 0.07 0.030000000000000002
0 0.9646428571428571 0.5308333333333334 0.07071428571428572 0.030000000000000002
