0 0.04107142857142857 0.5083333333333334 0.06642857142857143 0.021666666666666667
0 0.09392857142857143 0.48250000000000004 0.06642857142857143 0.021666666666666667
0 0.1632142857142857 0.5 0.06642857142857143 0.021666666666666667
0 0.22035714285714286 0.505 0.06642857142857143 0.021666666666666667
0 0.2767857142857143 0.49333333333333335 0.06642857142857143 0.021666666666666667
0 0.32392857142857145 0.5083333333333334 0.06642857142857143 0.021666666666666667
0 0.4210714285714286 0.5183333333333333 0.06642857142857143 0.021666666666666667
0 0.37607142857142856 0.5025000000000001 0.06642857142857143 0.021666666666666667
0 0.4667857142857143 0.5075000000000001 0.06642857142857143 0.021666666666666667
0 0.5310714285714285 0.5025000000000001 0.06642857142857143 0.021666666666666667
0 0.6025 0.5066666666666667 0.06642857142857143 0.021666666666666667
0 0.6603571428571429 0.53 0.06642857142857143 0.021666666666666667
0 0.7203571428571428 0.5266666666666667 0.06642857142857143 0.021666666666666667
0 0.7725 0.5325000000000001 0.06642857142857143 0.021666666666666667
