0 0.037142857142857144 0.5020833333333333 0.06571428571428571 0.03916666666666667
0 0.09642857142857143 0.5095833333333334 0.06571428571428571 0.03916666666666667
0 0.16 0.5170833333333333 0.06571428571428571 0.03916666666666667
0 0.21642857142857141 0.5054166666666667 0.06571428571428571 0.03916666666666667
0 0.28214285714285714 0.4754166666666667 0.06571428571428571 0.03916666666666667
0 0.3492857142857143 0.45208333333333334 0.06571428571428571 0.03916666666666667
0 0.42428571428571427 0.42375 0.06571428571428571 0.03916666666666667
0 0.4714285714285714 0.43125 0.06571428571428571 0.03916666666666667
0 0.5307142857142857 0.44875000000000004 0.06571428571428571 0.03916666666666667
0 0.5921428571428572 0.47625 0.06571428571428571 0.03916666666666667
0 0.6514285714285715 0.4754166666666667 0.06571428571428571 0.03916666666666667
0 0.7092857142857143 0.47458333333333336 0.06571428571428571 0.03916666666666667
0 0.7742857142857142 0.4754166666666667 0.06571428571428571 0.03916666666666667
0 0.8278571428571428 0.4804166666666667 0.06571428571428571 0.03916666666666667
0 0.8835714285714286 0.4604166666666667 0.06571428571428571 0.03916666666666667
0 0.9307142857142857 0.43041666666666667 0.06571428571428571 0.03916666666666667
0 0.9671428571428572 0.41625 0.06571428571428571 0.03916666666666667
