0 0.10571428571428572 0.57875 0.06714285714285714 0.035833333333333335
0 0.04071428571428572 0.57375 0.06714285714285714 0.035833333333333335
0 0.20142857142857143 0.5687500000000001 0.06714285714285714 0.035833333333333335
0 0.2642857142857143 0.5754166666666667 0.06714285714285714 0.035833333333333335
0 0.3292857142857143 0.5754166666666667 0.06714285714285714 0.035833333333333335
0 0.39285714285714285 0.5754166666666667 0.06714285714285714 0.035833333333333335
0 0.46785714285714286 0.5745833333333333 0.06714285714285714 0.035833333333333335
0 0.5142857142857142 0.5579166666666667 0.06714285714285714 0.035833333333333335
0 0.5628571428571428 0.55625 0.06714285714285714 0.035833333333333335
0 0.63 0.5795833333333333 0.06714285714285714 0.035833333333333335
0 0.6828571428571428 0.5629166666666667 0.06714285714285714 0.035833333333333335
0 0.735 0.5679166666666667 0.06714285714285714 0.035833333333333335
0 0.7692857142857142 0.5920833333333334 0.06714285714285714 0.035833333333333335
0 0.7692857142857142 0.5920833333333334 0.06714285714285714 0.035833333333333335
0 0.8621428571428571 0.7420833333333334 0.06714285714285714 0.035833333333333335
