0 0.03428571428571429 0.46708333333333335 0.06571428571428571 0.035833333333333335
0 0.09571428571428571 0.46875000000000006 0.06571428571428571 0.035833333333333335
0 0.15357142857142858 0.47458333333333336 0.06571428571428571 0.035833333333333335
0 0.21285714285714286 0.4704166666666667 0.06571428571428571 0.035833333333333335
0 0.26857142857142857 0.4629166666666667 0.06571428571428571 0.035833333333333335
0 0.3392857142857143 0.4629166666666667 0.06571428571428571 0.035833333333333335
0 0.4185714285714286 0.4604166666666667 0.06571428571428571 0.035833333333333335
0 0.48928571428571427 0.5004166666666667 0.06571428571428571 0.035833333333333335
0 0.5557142857142857 0.5045833333333334 0.06571428571428571 0.035833333333333335
0 0.6178571428571429 0.4904166666666667 0.06571428571428571 0.035833333333333335
0 0.6685714285714286 0.4579166666666667 0.06571428571428571 0.035833333333333335
0 0.7392857142857143 0.4729166666666667 0.06571428571428571 0.035833333333333335
0 0.8028571428571428 0.47875 0.06571428571428571 0.035833333333333335
0 0.8492857142857143 0.48208333333333336 0.06571428571428571 0.035833333333333335
0 0.8978571428571429 0.48208333333333336 0.06571428571428571 0.035833333333333335
0 0.9421428571428572 0.48625 0.06571428571428571 0.035833333333333335
0 0.9671428571428572 0.48458333333333337 0.06571428571428571 0.035833333333333335
