0 0.030357142857142857 0.39083333333333337 0.05928571428571429 0.04166666666666667
0 0.09071428571428572 0.395 0.06 0.04166666666666667
0 0.1392857142857143 0.39916666666666667 0.06 0.04166666666666667
0 0.19142857142857142 0.37583333333333335 0.06 0.04166666666666667
0 0.24285714285714285 0.35750000000000004 0.06 0.04166666666666667
0 0.32 0.38 0.06 0.04166666666666667
0 0.4064285714285714 0.4083333333333334 0.06 0.04166666666666667
0 0.49142857142857144 0.39666666666666667 0.06 0.04166666666666667
0 0.595 0.40166666666666667 0.06 0.04166666666666667
0 0.6728571428571428 0.3741666666666667 0.06 0.04166666666666667
0 0.735 0.37083333333333335 0.06 0.04166666666666667
0 0.795 0.3825 0.06 0.04166666666666667
0 0.8935714285714286 0.38083333333333336 0.06 0.04166666666666667
0 0.9535714285714286 0.42833333333333334 0.06 0.04166666666666667
0 0.8464285714285714 0.37833333333333335 0.06 0.04166666666666667
0 0.6307142857142857 0.3841666666666667 0.06 0.04166666666666667
0 0.5485714285714286 0.39916666666666667 0.06 0.04166666666666667
0 0.44857142857142857 0.39916666666666667 0.06 0.04166666666666667
0 0.3585714285714286 0.3891666666666667 0.06 0.04166666666666667
0 0.285 0.3641666666666667 0.06 0.04166666666666667
