0 0.027142857142857142 0.48208333333333336 0.05285714285714286 0.03916666666666667
0 0.08357142857142857 0.48208333333333336 0.05285714285714286 0.03916666666666667
0 0.14357142857142857 0.4879166666666667 0.05285714285714286 0.03916666666666667
0 0.19428571428571428 0.48875 0.05285714285714286 0.03916666666666667
0 0.24857142857142858 0.4945833333333334 0.05285714285714286 0.03916666666666667
0 0.30142857142857143 0.5154166666666667 0.05285714285714286 0.03916666666666667
0 0.36357142857142855 0.5154166666666667 0.05285714285714286 0.03916666666666667
0 0.4157142857142857 0.5204166666666667 0.05285714285714286 0.03916666666666667
0 0.47285714285714286 0.5179166666666667 0.05285714285714286 0.03916666666666667
0 0.5314285714285715 0.5120833333333333 0.05285714285714286 0.03916666666666667
0 0.5792857142857143 0.4995833333333334 0.05285714285714286 0.03916666666666667
0 0.645 0.49625 0.05285714285714286 0.03916666666666667
0 0.6242857142857143 0.4945833333333334 0.05285714285714286 0.03916666666666667
0 0.6807142857142857 0.5145833333333334 0.05285714285714286 0.03916666666666667
0 0.7371428571428571 0.5220833333333333 0.05285714285714286 0.03916666666666667
0 0.8039285714285714 0.5325000000000001 0.07357142857142857 0.045000000000000005
0 0.8660714285714286 0.55 0.07357142857142857 0.045000000000000005
0 0.9275 0.5558333333333334 0.07357142857142857 0.045000000000000005
0 0.9575 0.5608333333333334 0.07357142857142857 0.045000000000000005
