0 0.033928571428571426 0.5591666666666667 0.06642857142857143 0.03333333333333333
0 0.06642857142857143 0.535 0.06714285714285714 0.03333333333333333
0 0.12285714285714286 0.5375000000000001 0.06714285714285714 0.03333333333333333
0 0.18142857142857144 0.5591666666666667 0.06714285714285714 0.03333333333333333
0 0.23714285714285716 0.555 0.06714285714285714 0.03333333333333333
0 0.29928571428571427 0.5391666666666667 0.06714285714285714 0.03333333333333333
0 0.355 0.5441666666666667 0.06714285714285714 0.03333333333333333
0 0.3985714285714286 0.5391666666666667 0.06714285714285714 0.03333333333333333
0 0.445 0.5225000000000001 0.06714285714285714 0.03333333333333333
0 0.5007142857142857 0.5225000000000001 0.06714285714285714 0.03333333333333333
0 0.5607142857142857 0.525 0.06714285714285714 0.03333333333333333
0 0.6221428571428571 0.5275000000000001 0.06714285714285714 0.03333333333333333
0 0.6764285714285714 0.5183333333333333 0.06714285714285714 0.03333333333333333
0 0.73 0.525 0.06714285714285714 0.03333333333333333
0 0.7864285714285715 0.5175000000000001 0.06714285714285714 0.03333333333333333
0 0.8485714285714285 0.4916666666666667 0.06714285714285714 0.03333333333333333
0 0.8942857142857142 0.48833333333333334 0.06714285714285714 0.03333333333333333
0 0.94 0.48833333333333334 0.06714285714285714 0.03333333333333333
0 0.9660714285714286 0.49250000000000005 0.06785714285714285 0.03333333333333333
