0 0.038214285714285715 0.5895833333333333 0.075 0.0425
0 0.10857142857142857 0.57625 0.07571428571428572 0.0425
0 0.15571428571428572 0.5670833333333334 0.07571428571428572 0.0425
0 0.23142857142857143 0.5520833333333334 0.07571428571428572 0.0425
0 0.29928571428571427 0.52625 0.07571428571428572 0.0425
0 0.36357142857142855 0.5337500000000001 0.07571428571428572 0.0425
0 0.42142857142857143 0.5395833333333334 0.07571428571428572 0.0425
0 0.4878571428571429 0.5320833333333334 0.07571428571428572 0.0425
0 0.5585714285714286 0.5254166666666668 0.07571428571428572 0.0425
0 0.6142857142857143 0.5320833333333334 0.07571428571428572 0.0425
0 0.7085714285714285 0.5445833333333334 0.07571428571428572 0.0425
0 0.7764285714285715 0.5495833333333334 0.07571428571428572 0.0425
0 0.8107142857142857 0.5520833333333334 0.07571428571428572 0.0425
0 0.8678571428571429 0.57125 0.07571428571428572 0.0425
0 0.9285714285714286 0.5504166666666667 0.07571428571428572 0.0425
0 0.9617857142857142 0.5520833333333334 0.07642857142857143 0.0425
