0 0.09928571428571428 0.49083333333333334 0.05 0.021666666666666667
0 0.15714285714285714 0.48750000000000004 0.05 0.021666666666666667
0 0.3171428571428571 0.5133333333333334 0.05 0.021666666666666667
0 0.37142857142857144 0.49250000000000005 0.05 0.021666666666666667
0 0.41285714285714287 0.49083333333333334 0.05 0.021666666666666667
0 0.5142857142857142 0.49083333333333334 0.05 0.021666666666666667
0 0.5707142857142857 0.4891666666666667 0.05 0.021666666666666667
0 0.6478571428571429 0.5033333333333334 0.05 0.021666666666666667
0 0.71 0.5025000000000001 0.05 0.021666666666666667
0 0.775 0.4783333333333334 0.05 0.021666666666666667
0 0.8657142857142857 0.4758333333333334 0.05 0.021666666666666667
0 0.8264285714285714 0.4783333333333334 0.05 0.021666666666666667
0 0.9192857142857143 0.46416666666666667 0.05 0.021666666666666667
0 0.975 0.46416666666666667 0.05 0.021666666666666667
