0 0.0475 0.50875 0.08071428571428571 0.052500000000000005
0 0.12464285714285714 0.5004166666666667 0.08357142857142857 0.0425
0 0.19892857142857143 0.49125 0.08928571428571429 0.04583333333333334
0 0.2739285714285714 0.4754166666666667 0.08928571428571429 0.04583333333333334
0 0.3489285714285714 0.45458333333333334 0.08928571428571429 0.04583333333333334
0 0.42 0.45875000000000005 0.07857142857142857 0.03416666666666667
0 0.47928571428571426 0.48625 0.07857142857142857 0.03416666666666667
0 0.5421428571428571 0.4929166666666667 0.07857142857142857 0.03416666666666667
0 0.6014285714285714 0.4929166666666667 0.07857142857142857 0.03416666666666667
0 0.6785714285714286 0.5195833333333334 0.07857142857142857 0.03416666666666667
0 0.7442857142857143 0.5379166666666667 0.07857142857142857 0.03416666666666667
0 0.6278571428571429 0.5004166666666667 0.07857142857142857 0.03416666666666667
