0 0.024285714285714285 0.55125 0.04 0.02416666666666667
0 0.08 0.5495833333333334 0.07142857142857142 0.0325
0 0.4135714285714286 0.5604166666666667 0.07142857142857142 0.0325
0 0.4835714285714286 0.5654166666666667 0.07142857142857142 0.0325
0 0.5442857142857143 0.5570833333333334 0.07142857142857142 0.0325
0 0.605 0.5545833333333333 0.07142857142857142 0.0325
0 0.6807142857142857 0.58125 0.07142857142857142 0.0325
0 0.7514285714285714 0.5804166666666667 0.07142857142857142 0.0325
0 0.8185714285714286 0.5770833333333334 0.07142857142857142 0.0325
0 0.88 0.57125 0.07142857142857142 0.0325
0 0.9421428571428572 0.54625 0.07142857142857142 0.0325
0 0.9642857142857143 0.5437500000000001 0.07142857142857142 0.0325
