0 0.04214285714285714 0.5866666666666667 0.04857142857142857 0.023333333333333334
0 0.10428571428571429 0.5858333333333333 0.04857142857142857 0.023333333333333334
0 0.16285714285714287 0.5816666666666667 0.04857142857142857 0.023333333333333334
0 0.21142857142857144 0.5808333333333334 0.04857142857142857 0.023333333333333334
0 0.26857142857142857 0.5883333333333334 0.04857142857142857 0.023333333333333334
0 0.3192857142857143 0.5925 0.04857142857142857 0.023333333333333334
0 0.3692857142857143 0.5925 0.04857142857142857 0.023333333333333334
0 0.4257142857142857 0.5875 0.04857142857142857 0.023333333333333334
0 0.4471428571428571 0.5625 0.04857142857142857 0.023333333333333334
0 0.49785714285714283 0.5575 0.04857142857142857 0.023333333333333334
0 0.5485714285714286 0.555 0.04857142857142857 0.023333333333333334
0 0.6142857142857143 0.53 0.04857142857142857 0.023333333333333334
0 0.6628571428571428 0.5125000000000001 0.04857142857142857 0.023333333333333334
0 0.7364285714285714 0.53 0.04857142857142857 0.023333333333333334
0 0.7842857142857143 0.5475 0.04857142857142857 0.023333333333333334
0 0.8592857142857143 0.5766666666666667 0.04857142857142857 0.023333333333333334
0 0.9092857142857143 0.5641666666666667 0.04857142857142857 0.023333333333333334
0 0.9642857142857143 0.5533333333333333 0.04857142857142857 0.023333333333333334
0 0.9757142857142858 0.5366666666666667 0.04857142857142857 0.023333333333333334
0 0.6971428571428572 0.5141666666666667 0.04857142857142857 0.023333333333333334
