0 0.03964285714285714 0.46375000000000005 0.065 0.030833333333333334
0 0.14607142857142857 0.4945833333333334 0.065 0.030833333333333334
0 0.20964285714285713 0.4804166666666667 0.065 0.030833333333333334
0 0.2725 0.47375 0.065 0.030833333333333334
0 0.33107142857142857 0.46458333333333335 0.065 0.030833333333333334
0 0.3896428571428571 0.46208333333333335 0.065 0.030833333333333334
0 0.4496428571428571 0.4604166666666667 0.065 0.030833333333333334
0 0.5025 0.4529166666666667 0.065 0.030833333333333334
0 0.5582142857142857 0.46625000000000005 0.065 0.030833333333333334
0 0.6110714285714286 0.4629166666666667 0.065 0.030833333333333334
0 0.6660714285714285 0.4904166666666667 0.065 0.030833333333333334
0 0.7203571428571428 0.48375 0.065 0.030833333333333334
0 0.7596428571428572 0.4929166666666667 0.065 0.030833333333333334
0 0.8410714285714286 0.5395833333333334 0.065 0.030833333333333334
0 0.8232142857142857 0.49625 0.065 0.030833333333333334
0 0.8946428571428572 0.5654166666666667 0.065 0.030833333333333334
