0 0.027142857142857142 0.5025000000000001 0.05285714285714286 0.025
0 0.08035714285714286 0.48333333333333334 0.05357142857142857 0.025
0 0.13107142857142856 0.4783333333333334 0.05357142857142857 0.025
0 0.18535714285714286 0.48000000000000004 0.05357142857142857 0.025
0 0.2317857142857143 0.51 0.05357142857142857 0.025
0 0.28035714285714286 0.5533333333333333 0.05357142857142857 0.025
0 0.3425 0.5616666666666666 0.05357142857142857 0.025
0 0.40035714285714286 0.5691666666666667 0.05357142857142857 0.025
0 0.4517857142857143 0.5775 0.05357142857142857 0.025
0 0.5117857142857143 0.5800000000000001 0.05357142857142857 0.025
0 0.5682142857142857 0.5766666666666667 0.05357142857142857 0.025
0 0.6060714285714286 0.5575 0.05357142857142857 0.025
0 0.6489285714285714 0.5308333333333334 0.05357142857142857 0.025
0 0.7017857142857142 0.5216666666666667 0.05357142857142857 0.025
0 0.7517857142857143 0.5308333333333334 0.05357142857142857 0.025
0 0.8025 0.5516666666666667 0.05357142857142857 0.025
0 0.8575 0.5750000000000001 0.05357142857142857 0.025
