0 0.20642857142857143 0.48583333333333334 0.07714285714285714 0.04
0 0.2792857142857143 0.4575 0.07714285714285714 0.04
0 0.3414285714285714 0.4491666666666667 0.07714285714285714 0.04
0 0.4114285714285714 0.43750000000000006 0.07714285714285714 0.04
0 0.47214285714285714 0.41500000000000004 0.07714285714285714 0.04
0 0.5407142857142857 0.41833333333333333 0.07714285714285714 0.04
0 0.5935714285714285 0.4166666666666667 0.07714285714285714 0.04
0 0.6564285714285715 0.4108333333333334 0.07714285714285714 0.04
0 0.7171428571428572 0.3891666666666667 0.07714285714285714 0.04
0 0.7878571428571428 0.37083333333333335 0.07714285714285714 0.04
0 0.8714285714285714 0.36500000000000005 0.07714285714285714 0.04
0 0.9535714285714286 0.38 0.07714285714285714 0.04
