0 0.03678571428571428 0.5516666666666667 0.05928571428571429 0.03333333333333333
0 0.09678571428571428 0.5541666666666667 0.05928571428571429 0.03333333333333333
0 0.15321428571428572 0.5641666666666667 0.05928571428571429 0.03333333333333333
0 0.20392857142857143 0.55 0.05928571428571429 0.03333333333333333
0 0.2646428571428571 0.555 0.05928571428571429 0.03333333333333333
0 0.3246428571428571 0.5375000000000001 0.05928571428571429 0.03333333333333333
0 0.3960714285714286 0.5366666666666667 0.05928571428571429 0.03333333333333333
0 0.45607142857142857 0.53 0.05928571428571429 0.03333333333333333
0 0.5089285714285714 0.5283333333333333 0.05928571428571429 0.03333333333333333
0 0.5639285714285714 0.5466666666666667 0.05928571428571429 0.03333333333333333
0 0.6282142857142857 0.5408333333333334 0.05928571428571429 0.03333333333333333
0 0.7025 0.5233333333333333 0.05928571428571429 0.03333333333333333
0 0.7610714285714286 0.5416666666666667 0.05928571428571429 0.03333333333333333
0 0.8296428571428571 0.5741666666666667 0.05928571428571429 0.03333333333333333
0 0.8817857142857143 0.5683333333333334 0.05928571428571429 0.03333333333333333
0 0.9146428571428571 0.5816666666666667 0.05928571428571429 0.03333333333333333
0 0.9653571428571428 0.5883333333333334 0.05928571428571429 0.03333333333333333
0 0.5339285714285714 0.5366666666666667 0.05928571428571429 0.03333333333333333
