0 0.07535714285714286 0.57375 0.075 0.030833333333333334
0 0.18607142857142858 0.49541666666666667 0.075 0.030833333333333334
0 0.26964285714285713 0.4945833333333334 0.075 0.030833333333333334
0 0.3575 0.4945833333333334 0.075 0.030833333333333334
0 0.4682142857142857 0.4970833333333334 0.075 0.030833333333333334
0 0.5510714285714285 0.49125 0.075 0.030833333333333334
0 0.5210714285714285 0.49541666666666667 0.075 0.030833333333333334
0 0.6017857142857143 0.48625 0.075 0.030833333333333334
0 0.6775 0.47375 0.075 0.030833333333333334
0 0.7625 0.4829166666666667 0.075 0.030833333333333334
0 0.8353571428571429 0.47875 0.075 0.030833333333333334
0 0.9125 0.48125 0.075 0.030833333333333334
0 0.9589285714285715 0.46125000000000005 0.075 0.030833333333333334
