0 0.30178571428571427 0.7541666666666668 0.060714285714285714 0.035
0 0.34535714285714286 0.7583333333333334 0.060714285714285714 0.035
0 0.38607142857142857 0.7666666666666667 0.060714285714285714 0.035
0 0.4203571428571429 0.7216666666666667 0.027857142857142858 0.06333333333333334
0 0.42892857142857144 0.66 0.027857142857142858 0.06333333333333334
0 0.4417857142857143 0.5966666666666667 0.027857142857142858 0.06333333333333334
0 0.5010714285714286 0.5666666666666667 0.08071428571428571 0.03833333333333334
0 0.5675 0.5658333333333334 0.08071428571428571 0.03833333333333334
0 0.6360714285714286 0.5633333333333334 0.08071428571428571 0.03833333333333334
0 0.7282142857142857 0.5566666666666668 0.08071428571428571 0.03833333333333334
0 0.8010714285714285 0.5458333333333334 0.08071428571428571 0.03833333333333334
0 0.9560714285714286 0.5483333333333333 0.08071428571428571 0.03833333333333334
0 0.8782142857142857 0.5604166666666667 0.05785714285714286 0.025833333333333337
