0 0.025714285714285714 0.4608333333333334 0.045714285714285714 0.02666666666666667
0 0.08428571428571428 0.4591666666666667 0.045714285714285714 0.02666666666666667
0 0.14142857142857143 0.4525 0.045714285714285714 0.02666666666666667
0 0.18714285714285714 0.4466666666666667 0.045714285714285714 0.02666666666666667
0 0.23357142857142857 0.44333333333333336 0.045714285714285714 0.02666666666666667
0 0.2842857142857143 0.45333333333333337 0.045714285714285714 0.02666666666666667
0 0.3335714285714286 0.45583333333333337 0.045714285714285714 0.02666666666666667
0 0.38285714285714284 0.4575 0.045714285714285714 0.02666666666666667
0 0.43285714285714283 0.46416666666666667 0.045714285714285714 0.02666666666666667
0 0.4878571428571429 0.4625 0.045714285714285714 0.02666666666666667
0 0.5342857142857143 0.4591666666666667 0.045714285714285714 0.02666666666666667
0 0.585 0.46 0.045714285714285714 0.02666666666666667
0 0.6314285714285715 0.47500000000000003 0.045714285714285714 0.02666666666666667
0 0.6721428571428572 0.49833333333333335 0.045714285714285714 0.02666666666666667
0 0.7028571428571428 0.5275000000000001 0.045714285714285714 0.02666666666666667
0 0.7192857142857143 0.56 0.045714285714285714 0.02666666666666667
0 0.7535714285714286 0.6258333333333334 0.045714285714285714 0.02666666666666667
0 0.8178571428571428 0.7400000000000001 0.07 0.03833333333333334
