0 0.03 0.4491666666666667 0.05714285714285714 0.028333333333333335
0 0.09071428571428572 0.4475 0.05714285714285714 0.028333333333333335
0 0.13214285714285715 0.4566666666666667 0.05714285714285714 0.028333333333333335
0 0.18428571428571427 0.4708333333333334 0.05714285714285714 0.028333333333333335
0 0.25857142857142856 0.4916666666666667 0.05714285714285714 0.028333333333333335
0 0.31214285714285717 0.47500000000000003 0.05714285714285714 0.028333333333333335
0 0.365 0.4633333333333334 0.05714285714285714 0.028333333333333335
0 0.4207142857142857 0.46 0.05714285714285714 0.028333333333333335
0 0.4764285714285714 0.4675 0.05714285714285714 0.028333333333333335
0 0.5357142857142857 0.4741666666666667 0.05714285714285714 0.028333333333333335
0 0.6035714285714285 0.4783333333333334 0.05714285714285714 0.028333333333333335
0 0.6628571428571428 0.4716666666666667 0.05714285714285714 0.028333333333333335
0 0.7121428571428572 0.47000000000000003 0.05714285714285714 0.028333333333333335
0 0.7864285714285715 0.48333333333333334 0.05714285714285714 0.028333333333333335
0 0.8371428571428572 0.49500000000000005 0.05714285714285714 0.028333333333333335
0 0.8764285714285714 0.5225000000000001 0.05714285714285714 0.028333333333333335
