0 0.03785714285714286 0.5091666666666667 0.06285714285714286 0.025
0 0.09428571428571429 0.49000000000000005 0.06285714285714286 0.025
0 0.14857142857142858 0.48833333333333334 0.06285714285714286 0.025
0 0.205 0.48333333333333334 0.06285714285714286 0.025
0 0.26285714285714284 0.47000000000000003 0.06285714285714286 0.025
0 0.3107142857142857 0.445 0.06285714285714286 0.025
0 0.3707142857142857 0.42833333333333334 0.06285714285714286 0.025
0 0.42642857142857143 0.455 0.06285714285714286 0.025
0 0.3992857142857143 0.4391666666666667 0.06285714285714286 0.025
0 0.48 0.4716666666666667 0.06285714285714286 0.025
0 0.5257142857142857 0.48500000000000004 0.06285714285714286 0.025
0 0.575 0.49083333333333334 0.06285714285714286 0.025
0 0.6385714285714286 0.5116666666666667 0.06285714285714286 0.025
0 0.7035714285714286 0.5516666666666667 0.06285714285714286 0.025
0 0.78 0.5808333333333334 0.06285714285714286 0.025
0 0.835 0.5625 0.06285714285714286 0.025
0 0.8557142857142858 0.5541666666666667 0.06285714285714286 0.025
