0 0.022857142857142857 0.52625 0.04428571428571428 0.030833333333333334
0 0.16035714285714286 0.5379166666666667 0.045 0.030833333333333334
0 0.20607142857142857 0.52375 0.045 0.030833333333333334
0 0.2689285714285714 0.5116666666666667 0.056428571428571425 0.028333333333333335
0 0.32535714285714284 0.5291666666666667 0.056428571428571425 0.028333333333333335
0 0.3846428571428571 0.5325000000000001 0.056428571428571425 0.028333333333333335
0 0.4432142857142857 0.5291666666666667 0.056428571428571425 0.028333333333333335
0 0.5332142857142858 0.4891666666666667 0.056428571428571425 0.028333333333333335
0 0.6089285714285714 0.4841666666666667 0.056428571428571425 0.028333333333333335
0 0.5882142857142857 0.4866666666666667 0.056428571428571425 0.028333333333333335
0 0.6703571428571429 0.49583333333333335 0.056428571428571425 0.028333333333333335
0 0.7896428571428571 0.5366666666666667 0.056428571428571425 0.028333333333333335
0 0.8560714285714286 0.5383333333333333 0.056428571428571425 0.028333333333333335
0 0.9146428571428571 0.5275000000000001 0.056428571428571425 0.028333333333333335
0 0.9717857142857143 0.5266666666666667 0.056428571428571425 0.028333333333333335
0 0.7225 0.5025000000000001 0.056428571428571425 0.028333333333333335
