0 0.031071428571428573 0.5104166666666667 0.060714285714285714 0.025833333333333337
0 0.10285714285714286 0.49875 0.06142857142857143 0.025833333333333337
0 0.17 0.5120833333333333 0.06142857142857143 0.025833333333333337
0 0.22785714285714287 0.5079166666666667 0.06142857142857143 0.025833333333333337
0 0.29642857142857143 0.5045833333333334 0.06142857142857143 0.025833333333333337
0 0.3514285714285714 0.4979166666666667 0.06142857142857143 0.025833333333333337
0 0.42928571428571427 0.49541666666666667 0.06142857142857143 0.025833333333333337
0 0.4757142857142857 0.48875 0.06142857142857143 0.025833333333333337
0 0.5442857142857143 0.4929166666666667 0.06142857142857143 0.025833333333333337
0 0.605 0.49375 0.06142857142857143 0.025833333333333337
0 0.6571428571428571 0.5154166666666667 0.06142857142857143 0.025833333333333337
0 0.7221428571428572 0.5120833333333333 0.06142857142857143 0.025833333333333337
0 0.7957142857142857 0.5120833333333333 0.06142857142857143 0.025833333333333337
0 0.8828571428571429 0.5170833333333333 0.06142857142857143 0.025833333333333337
0 0.9407142857142857 0.5204166666666667 0.06142857142857143 0.025833333333333337
0 0.9689285714285715 0.5045833333333334 0.062142857142857146 0.025833333333333337
