0 0.0325 0.5225000000000001 0.062142857142857146 0.02
0 0.1625 0.5016666666666667 0.062142857142857146 0.02
0 0.10321428571428572 0.49583333333333335 0.062142857142857146 0.02
0 0.22392857142857142 0.5125000000000001 0.062142857142857146 0.02
0 0.2860714285714286 0.5116666666666667 0.062142857142857146 0.02
0 0.35464285714285715 0.5233333333333333 0.062142857142857146 0.02
0 0.41892857142857143 0.5208333333333334 0.062142857142857146 0.02
0 0.4825 0.5125000000000001 0.062142857142857146 0.02
0 0.5460714285714285 0.52 0.062142857142857146 0.02
0 0.6017857142857143 0.53 0.062142857142857146 0.02
0 0.7617857142857143 0.5116666666666667 0.062142857142857146 0.02
0 0.8267857142857142 0.5133333333333334 0.062142857142857146 0.02
0 0.8860714285714286 0.5308333333333334 0.062142857142857146 0.02
0 0.9425 0.5125000000000001 0.062142857142857146 0.02
