0 0.1382142857142857 0.4783333333333334 0.07642857142857143 0.030000000000000002
0 0.0425 0.48250000000000004 0.07642857142857143 0.030000000000000002
0 0.22892857142857143 0.4991666666666667 0.07642857142857143 0.030000000000000002
0 0.31107142857142855 0.5125000000000001 0.07642857142857143 0.030000000000000002
0 0.48964285714285716 0.55 0.07642857142857143 0.030000000000000002
0 0.5782142857142857 0.5466666666666667 0.07642857142857143 0.030000000000000002
0 0.6675 0.5458333333333334 0.07642857142857143 0.030000000000000002
0 0.7489285714285714 0.5308333333333334 0.07642857142857143 0.030000000000000002
0 0.8532142857142857 0.5266666666666667 0.07642857142857143 0.030000000000000002
0 0.9417857142857143 0.5408333333333334 0.07642857142857143 0.030000000000000002
0 0.9617857142857142 0.5325000000000001 0.07642857142857143 0.030000000000000002
