0 0.03571428571428571 0.37833333333333335 0.055714285714285716 0.03833333333333334
0 0.09678571428571428 0.3891666666666667 0.085 0.03833333333333334
0 0.19107142857142856 0.4 0.085 0.03833333333333334
0 0.2725 0.4033333333333334 0.085 0.03833333333333334
0 0.3482142857142857 0.38583333333333336 0.085 0.03833333333333334
0 0.41464285714285715 0.35333333333333333 0.085 0.03833333333333334
0 0.4632142857142857 0.35250000000000004 0.085 0.03833333333333334
0 0.5632142857142857 0.4008333333333334 0.085 0.03833333333333334
0 0.6389285714285714 0.3891666666666667 0.085 0.03833333333333334
0 0.7032142857142857 0.38833333333333336 0.085 0.03833333333333334
0 0.7746428571428572 0.38083333333333336 0.085 0.03833333333333334
0 0.8003571428571429 0.3791666666666667 0.085 0.03833333333333334
