0 0.027857142857142858 0.4116666666666667 0.054285714285714284 0.02666666666666667
0 0.08392857142857142 0.4025 0.055 0.02666666666666667
0 0.12892857142857142 0.3891666666666667 0.055 0.02666666666666667
0 0.18607142857142858 0.4058333333333334 0.055 0.02666666666666667
0 0.25392857142857145 0.4058333333333334 0.055 0.02666666666666667
0 0.3182142857142857 0.41583333333333333 0.055 0.02666666666666667
0 0.3575 0.3691666666666667 0.055 0.02666666666666667
0 0.4160714285714286 0.38083333333333336 0.055 0.02666666666666667
0 0.4810714285714286 0.40166666666666667 0.055 0.02666666666666667
0 0.5496428571428571 0.4108333333333334 0.055 0.02666666666666667
0 0.6167857142857143 0.43750000000000006 0.055 0.02666666666666667
0 0.6867857142857143 0.44833333333333336 0.055 0.02666666666666667
0 0.7360714285714286 0.4241666666666667 0.055 0.02666666666666667
0 0.7910714285714285 0.4058333333333334 0.055 0.02666666666666667
0 0.8389285714285715 0.4 0.055 0.02666666666666667
0 0.8975 0.4116666666666667 0.055 0.02666666666666667
0 0.9575 0.41833333333333333 0.055 0.02666666666666667
