0 0.040357142857142855 0.4804166666666667 0.045 0.09583333333333334
0 0.09571428571428571 0.4445833333333334 0.08 0.04083333333333333
0 0.14642857142857144 0.4229166666666667 0.08 0.04083333333333333
0 0.2057142857142857 0.40958333333333335 0.08 0.04083333333333333
0 0.29214285714285715 0.41125 0.08 0.04083333333333333
0 0.3657142857142857 0.4129166666666667 0.08 0.04083333333333333
0 0.39071428571428574 0.4554166666666667 0.08 0.04083333333333333
0 0.42142857142857143 0.4254166666666667 0.08 0.04083333333333333
0 0.4692857142857143 0.46458333333333335 0.08 0.04083333333333333
0 0.5378571428571428 0.4679166666666667 0.08 0.04083333333333333
0 0.62 0.47208333333333335 0.08 0.04083333333333333
0 0.6971428571428572 0.47625 0.08 0.04083333333333333
0 0.7814285714285715 0.47708333333333336 0.08 0.04083333333333333
0 0.8528571428571429 0.4779166666666667 0.08 0.04083333333333333
0 0.9242857142857143 0.46958333333333335 0.08 0.04083333333333333
0 0.96 0.45708333333333334 0.08 0.04083333333333333
