0 0.031071428571428573 0.4608333333333334 0.060714285714285714 0.03166666666666667
0 0.085 0.4591666666666667 0.06142857142857143 0.03166666666666667
0 0.155 0.44083333333333335 0.06142857142857143 0.03166666666666667
0 0.19142857142857142 0.45083333333333336 0.06142857142857143 0.03166666666666667
0 0.2764285714285714 0.4525 0.06142857142857143 0.03166666666666667
0 0.22214285714285714 0.45625000000000004 0.07571428571428572 0.0425
0 0.3292857142857143 0.4229166666666667 0.07571428571428572 0.0425
0 0.32357142857142857 0.4854166666666667 0.07571428571428572 0.0425
0 0.3921428571428571 0.49375 0.07571428571428572 0.0425
0 0.3992857142857143 0.45708333333333334 0.07571428571428572 0.0425
0 0.48 0.49125 0.07571428571428572 0.0425
0 0.5707142857142857 0.47958333333333336 0.07571428571428572 0.0425
0 0.6342857142857142 0.4604166666666667 0.07571428571428572 0.0425
0 0.6992857142857143 0.46708333333333335 0.07571428571428572 0.0425
0 0.7728571428571429 0.46375000000000005 0.07571428571428572 0.0425
0 0.8335714285714285 0.45625000000000004 0.07571428571428572 0.0425
0 0.8735714285714286 0.46458333333333335 0.07571428571428572 0.0425
0 0.9264285714285714 0.46958333333333335 0.07571428571428572 0.0425
0 0.9585714285714285 0.45375000000000004 0.07571428571428572 0.0425
