0 0.025357142857142856 0.36041666666666666 0.04928571428571429 0.037500000000000006
0 0.052142857142857144 0.3779166666666667 0.05 0.037500000000000006
0 0.08642857142857142 0.3795833333333334 0.05 0.037500000000000006
0 0.11857142857142858 0.38625000000000004 0.05 0.037500000000000006
0 0.14785714285714285 0.38958333333333334 0.05 0.037500000000000006
0 0.18357142857142858 0.39708333333333334 0.05 0.037500000000000006
0 0.22428571428571428 0.4004166666666667 0.05 0.037500000000000006
0 0.26285714285714284 0.4029166666666667 0.05 0.037500000000000006
0 0.2978571428571429 0.3929166666666667 0.05 0.037500000000000006
0 0.33285714285714285 0.38125000000000003 0.05 0.037500000000000006
0 0.3757142857142857 0.37125 0.05 0.037500000000000006
0 0.40285714285714286 0.3579166666666667 0.05 0.037500000000000006
0 0.44 0.35875 0.05 0.037500000000000006
0 0.4764285714285714 0.35958333333333337 0.05 0.037500000000000006
0 0.5171428571428571 0.3579166666666667 0.05 0.037500000000000006
0 0.5507142857142857 0.34625 0.05 0.037500000000000006
0 0.5857142857142857 0.33708333333333335 0.05 0.037500000000000006
0 0.6214285714285714 0.3454166666666667 0.05 0.037500000000000006
0 0.6592857142857143 0.3579166666666667 0.05 0.037500000000000006
0 0.6935714285714286 0.36375 0.05 0.037500000000000006
0 0.7364285714285714 0.35708333333333336 0.05 0.037500000000000006
0 0.775 0.35708333333333336 0.05 0.037500000000000006
0 0.8164285714285714 0.34125 0.05 0.037500000000000006
0 0.8507142857142858 0.34625 0.05 0.037500000000000006
0 0.8828571428571429 0.35875 0.05 0.037500000000000006
0 0.9207142857142857 0.3670833333333334 0.05 0.037500000000000006
0 0.96 0.3720833333333334 0.05 0.037500000000000006
0 0.9746428571428571 0.3729166666666667 0.05071428571428571 0.037500000000000006
