0 0.05142857142857143 0.5366666666666667 0.08 0.035
0 0.12714285714285714 0.5283333333333333 0.08 0.035
0 0.1957142857142857 0.5258333333333334 0.08 0.035
0 0.2764285714285714 0.5091666666666667 0.08 0.035
0 0.3242857142857143 0.4941666666666667 0.08 0.035
0 0.4392857142857143 0.44333333333333336 0.08 0.035
0 0.5692857142857143 0.4758333333333334 0.08 0.035
0 0.6442857142857142 0.4791666666666667 0.08 0.035
0 0.7114285714285714 0.48000000000000004 0.08 0.035
0 0.8035714285714286 0.4625 0.08 0.035
0 0.9064285714285715 0.46 0.08 0.035
