0 0.041428571428571426 0.40125000000000005 0.07571428571428572 0.035833333333333335
0 0.10214285714285715 0.3504166666666667 0.07571428571428572 0.035833333333333335
0 0.16214285714285714 0.3379166666666667 0.07571428571428572 0.035833333333333335
0 0.235 0.33625000000000005 0.07571428571428572 0.035833333333333335
0 0.3007142857142857 0.34625 0.07571428571428572 0.035833333333333335
0 0.36642857142857144 0.3504166666666667 0.07571428571428572 0.035833333333333335
0 0.43857142857142856 0.3795833333333334 0.07571428571428572 0.035833333333333335
0 0.505 0.39875000000000005 0.07571428571428572 0.035833333333333335
0 0.5742857142857143 0.39458333333333334 0.07571428571428572 0.035833333333333335
0 0.6292857142857143 0.38125000000000003 0.07571428571428572 0.035833333333333335
0 0.695 0.3754166666666667 0.07571428571428572 0.035833333333333335
0 0.77 0.4004166666666667 0.07571428571428572 0.035833333333333335
0 0.8278571428571428 0.4104166666666667 0.07571428571428572 0.035833333333333335
0 0.9028571428571428 0.42625 0.07571428571428572 0.035833333333333335
0 0.9621428571428572 0.40708333333333335 0.07571428571428572 0.035833333333333335
0 0.8642857142857143 0.41375 0.07571428571428572 0.035833333333333335
0 0.7214285714285714 0.3804166666666667 0.07571428571428572 0.035833333333333335
