0 0.026071428571428572 0.57375 0.05071428571428571 0.0275
0 0.07357142857142857 0.56625 0.05142857142857143 0.0275
0 0.12642857142857142 0.5745833333333333 0.05142857142857143 0.0275
0 0.18357142857142858 0.5804166666666667 0.05142857142857143 0.0275
0 0.2571428571428571 0.56625 0.05142857142857143 0.0275
0 0.33 0.5854166666666667 0.05142857142857143 0.0275
0 0.37785714285714284 0.57125 0.05142857142857143 0.0275
0 0.4257142857142857 0.5504166666666667 0.05142857142857143 0.0275
0 0.48142857142857143 0.5279166666666667 0.05142857142857143 0.0275
0 0.53 0.52125 0.05142857142857143 0.0275
0 0.5657142857142857 0.5337500000000001 0.05142857142857143 0.0275
0 0.6514285714285715 0.5487500000000001 0.05142857142857143 0.0275
0 0.725 0.57875 0.05142857142857143 0.0275
0 0.7785714285714286 0.5945833333333334 0.05142857142857143 0.0275
