0 0.03428571428571429 0.32708333333333334 0.06142857142857143 0.04416666666666667
0 0.06928571428571428 0.34458333333333335 0.06142857142857143 0.04416666666666667
0 0.10928571428571429 0.35625 0.06142857142857143 0.04416666666666667
0 0.14857142857142858 0.3579166666666667 0.06142857142857143 0.04416666666666667
0 0.18928571428571428 0.35125 0.06142857142857143 0.04416666666666667
0 0.24071428571428571 0.3504166666666667 0.06142857142857143 0.04416666666666667
0 0.27785714285714286 0.3329166666666667 0.06142857142857143 0.04416666666666667
0 0.31214285714285717 0.32708333333333334 0.06142857142857143 0.04416666666666667
0 0.35285714285714287 0.3179166666666667 0.06142857142857143 0.04416666666666667
0 0.4014285714285714 0.31708333333333333 0.06142857142857143 0.04416666666666667
0 0.44142857142857145 0.3229166666666667 0.06142857142857143 0.04416666666666667
0 0.4785714285714286 0.33125000000000004 0.06142857142857143 0.04416666666666667
0 0.5207142857142857 0.35125 0.06142857142857143 0.04416666666666667
0 0.5564285714285714 0.36208333333333337 0.06142857142857143 0.04416666666666667
0 0.6 0.36208333333333337 0.06142857142857143 0.04416666666666667
0 0.6335714285714286 0.34708333333333335 0.06142857142857143 0.04416666666666667
0 0.6757142857142857 0.34625 0.06142857142857143 0.04416666666666667
0 0.7221428571428572 0.34625 0.06142857142857143 0.04416666666666667
0 0.7657142857142857 0.36125 0.06142857142857143 0.04416666666666667
0 0.8135714285714286 0.36625 0.06142857142857143 0.04416666666666667
0 0.8707142857142857 0.36208333333333337 0.06142857142857143 0.04416666666666667
0 0.8414285714285714 0.36541666666666667 0.06142857142857143 0.04416666666666667
0 0.9221428571428572 0.36291666666666667 0.06142857142857143 0.04416666666666667
0 0.9642857142857143 0.37125 0.06142857142857143 0.04416666666666667
