0 0.16428571428571428 0.5370833333333334 0.07857142857142857 0.03916666666666667
0 0.23142857142857143 0.5495833333333334 0.07857142857142857 0.03916666666666667
0 0.2935714285714286 0.5620833333333334 0.07857142857142857 0.03916666666666667
0 0.3692857142857143 0.5695833333333333 0.07857142857142857 0.03916666666666667
0 0.45571428571428574 0.5729166666666667 0.07857142857142857 0.03916666666666667
0 0.5414285714285715 0.5779166666666667 0.07857142857142857 0.03916666666666667
0 0.6171428571428571 0.57875 0.07857142857142857 0.03916666666666667
0 0.6964285714285714 0.5745833333333333 0.07857142857142857 0.03916666666666667
0 0.7742857142857142 0.5595833333333333 0.07857142857142857 0.03916666666666667
0 0.7578571428571429 0.5337500000000001 0.07857142857142857 0.03916666666666667
0 0.8571428571428571 0.56625 0.07857142857142857 0.03916666666666667
0 0.9307142857142857 0.5537500000000001 0.07857142857142857 0.03916666666666667
0 0.9307142857142857 0.5537500000000001 0.07857142857142857 0.03916666666666667
0 0.6428571428571429 0.5020833333333333 0.07857142857142857 0.03916666666666667
0 0.9607142857142857 0.5370833333333334 0.07857142857142857 0.03916666666666667
0 0.5721428571428572 0.50625 0.07857142857142857 0.03916666666666667
