0 0.12642857142857142 0.6041666666666667 0.06571428571428571 0.04833333333333334
0 0.18035714285714285 0.5791666666666667 0.08357142857142857 0.03833333333333334
0 0.23535714285714285 0.5800000000000001 0.08357142857142857 0.03833333333333334
0 0.2810714285714286 0.5583333333333333 0.08357142857142857 0.03833333333333334
0 0.29964285714285716 0.5791666666666667 0.08357142857142857 0.03833333333333334
0 0.39035714285714285 0.5800000000000001 0.08357142857142857 0.03833333333333334
0 0.4589285714285714 0.5925 0.08357142857142857 0.03833333333333334
0 0.49964285714285717 0.5708333333333334 0.08357142857142857 0.03833333333333334
0 0.5560714285714285 0.5666666666666667 0.08357142857142857 0.03833333333333334
0 0.6446428571428572 0.5666666666666667 0.08357142857142857 0.03833333333333334
0 0.7010714285714286 0.555 0.08357142857142857 0.03833333333333334
0 0.7575 0.5341666666666667 0.08357142857142857 0.03833333333333334
0 0.8310714285714286 0.5475 0.08357142857142857 0.03833333333333334
0 0.9017857142857143 0.5433333333333333 0.08357142857142857 0.03833333333333334
0 0.9582142857142857 0.5391666666666667 0.08357142857142857 0.03833333333333334
