0 0.02892857142857143 0.47375 0.052142857142857144 0.03416666666666667
0 0.08178571428571428 0.47625 0.052142857142857144 0.03416666666666667
0 0.12464285714285714 0.4679166666666667 0.052142857142857144 0.03416666666666667
0 0.1775 0.48125 0.052142857142857144 0.03416666666666667
0 0.22464285714285714 0.4904166666666667 0.052142857142857144 0.03416666666666667
0 0.28964285714285715 0.49625 0.052142857142857144 0.03416666666666667
0 0.2646428571428571 0.49541666666666667 0.052142857142857144 0.03416666666666667
0 0.335 0.49541666666666667 0.07714285714285714 0.04083333333333333
0 0.40285714285714286 0.4904166666666667 0.07714285714285714 0.04083333333333333
0 0.4735714285714286 0.48625 0.07714285714285714 0.04083333333333333
0 0.5328571428571428 0.48875 0.07714285714285714 0.04083333333333333
0 0.6264285714285714 0.4904166666666667 0.07714285714285714 0.04083333333333333
0 0.5778571428571428 0.4829166666666667 0.07714285714285714 0.04083333333333333
0 0.7085714285714285 0.48958333333333337 0.07714285714285714 0.04083333333333333
0 0.8371428571428572 0.48208333333333336 0.07714285714285714 0.04083333333333333
