0 0.04321428571428571 0.5637500000000001 0.07928571428571428 0.04083333333333333
0 0.10821428571428571 0.5829166666666667 0.07928571428571428 0.04083333333333333
0 0.18035714285714285 0.58375 0.07928571428571428 0.04083333333333333
0 0.24035714285714285 0.5745833333333333 0.07928571428571428 0.04083333333333333
0 0.3053571428571429 0.5687500000000001 0.07928571428571428 0.04083333333333333
0 0.35678571428571426 0.5479166666666667 0.07928571428571428 0.04083333333333333
0 0.43392857142857144 0.5229166666666667 0.07928571428571428 0.04083333333333333
0 0.5032142857142857 0.5020833333333333 0.07928571428571428 0.04083333333333333
0 0.5632142857142857 0.5070833333333333 0.07928571428571428 0.04083333333333333
0 0.6646428571428571 0.5179166666666667 0.07928571428571428 0.04083333333333333
0 0.7410714285714286 0.53125 0.07928571428571428 0.04083333333333333
0 0.6346428571428572 0.5170833333333333 0.07928571428571428 0.04083333333333333
0 0.7982142857142858 0.52125 0.07928571428571428 0.04083333333333333
0 0.8596428571428572 0.52125 0.07928571428571428 0.04083333333333333
0 0.9225 0.5179166666666667 0.07928571428571428 0.04083333333333333
0 0.9596428571428571 0.5245833333333334 0.07928571428571428 0.04083333333333333
