0 0.1075 0.38208333333333333 0.04928571428571429 0.07250000000000001
0 0.26107142857142857 0.38375000000000004 0.09928571428571428 0.0425
0 0.3335714285714286 0.39333333333333337 0.09 0.04833333333333334
0 0.4085714285714286 0.4083333333333334 0.09 0.04833333333333334
0 0.485 0.4566666666666667 0.09 0.04833333333333334
0 0.5589285714285714 0.47250000000000003 0.095 0.030000000000000002
0 0.6282142857142857 0.465 0.095 0.030000000000000002
0 0.6996428571428571 0.46416666666666667 0.095 0.030000000000000002
0 0.7746428571428572 0.4625 0.095 0.030000000000000002
0 0.8389285714285715 0.46416666666666667 0.095 0.030000000000000002
