0 0.03357142857142857 0.55125 0.06571428571428571 0.04916666666666667
0 0.0825 0.5754166666666667 0.06642857142857143 0.04916666666666667
0 0.2282142857142857 0.5729166666666667 0.075 0.04583333333333334
0 0.29964285714285716 0.5670833333333334 0.075 0.04583333333333334
0 0.36964285714285716 0.57125 0.075 0.04583333333333334
0 0.4496428571428571 0.5495833333333334 0.075 0.04583333333333334
0 0.5017857142857143 0.5320833333333334 0.075 0.04583333333333334
0 0.5760714285714286 0.55125 0.075 0.04583333333333334
0 0.6382142857142857 0.5529166666666667 0.075 0.04583333333333334
0 0.7067857142857142 0.5654166666666667 0.075 0.04583333333333334
0 0.7746428571428572 0.5929166666666668 0.075 0.04583333333333334
0 0.8317857142857142 0.61875 0.075 0.04583333333333334
0 0.8696428571428572 0.64375 0.075 0.04583333333333334
