0 0.17821428571428571 0.4504166666666667 0.07357142857142857 0.03916666666666667
0 0.24035714285714285 0.44625000000000004 0.07357142857142857 0.03916666666666667
0 0.3082142857142857 0.45125000000000004 0.07357142857142857 0.03916666666666667
0 0.3682142857142857 0.47375 0.07357142857142857 0.03916666666666667
0 0.5325 0.4754166666666667 0.07357142857142857 0.03916666666666667
0 0.6010714285714286 0.4754166666666667 0.07357142857142857 0.03916666666666667
0 0.6675 0.48958333333333337 0.07357142857142857 0.03916666666666667
0 0.7553571428571428 0.4970833333333334 0.07357142857142857 0.03916666666666667
0 0.7117857142857142 0.4920833333333334 0.07357142857142857 0.03916666666666667
0 0.42892857142857144 0.48458333333333337 0.07357142857142857 0.03916666666666667
