0 0.16142857142857142 0.4741666666666667 0.05857142857142857 0.043333333333333335
0 0.20857142857142857 0.4783333333333334 0.05857142857142857 0.043333333333333335
0 0.2764285714285714 0.49583333333333335 0.05857142857142857 0.043333333333333335
0 0.4114285714285714 0.49083333333333334 0.05857142857142857 0.043333333333333335
0 0.4514285714285714 0.4633333333333334 0.05857142857142857 0.043333333333333335
0 0.48142857142857143 0.4266666666666667 0.05857142857142857 0.043333333333333335
0 0.5475 0.4166666666666667 0.05785714285714286 0.03666666666666667
0 0.6003571428571428 0.4116666666666667 0.06357142857142857 0.03666666666666667
0 0.6639285714285714 0.42583333333333334 0.06357142857142857 0.03666666666666667
0 0.7182142857142857 0.4475 0.06357142857142857 0.03666666666666667
0 0.7739285714285714 0.4525 0.06357142857142857 0.03666666666666667
0 0.8317857142857142 0.44083333333333335 0.06357142857142857 0.03666666666666667
0 0.8867857142857143 0.4108333333333334 0.06357142857142857 0.03666666666666667
0 0.9475 0.4291666666666667 0.06357142857142857 0.03666666666666667
