0 0.03321428571428572 0.33458333333333334 0.065 0.04583333333333334
0 0.07035714285714285 0.3479166666666667 0.065 0.04583333333333334
0 0.12107142857142857 0.3504166666666667 0.065 0.04583333333333334
0 0.16607142857142856 0.35458333333333336 0.065 0.04583333333333334
0 0.21535714285714286 0.35375 0.065 0.04583333333333334
0 0.25607142857142856 0.36125 0.065 0.04583333333333334
0 0.30892857142857144 0.36041666666666666 0.065 0.04583333333333334
0 0.3475 0.34375 0.065 0.04583333333333334
0 0.39535714285714285 0.33375000000000005 0.065 0.04583333333333334
0 0.42607142857142855 0.3254166666666667 0.065 0.04583333333333334
0 0.46964285714285714 0.33208333333333334 0.065 0.04583333333333334
0 0.5096428571428572 0.34708333333333335 0.065 0.04583333333333334
0 0.5546428571428571 0.3554166666666667 0.065 0.04583333333333334
0 0.5767857142857142 0.38625000000000004 0.065 0.04583333333333334
0 0.6060714285714286 0.4179166666666667 0.065 0.04583333333333334
0 0.6375 0.44875000000000004 0.065 0.04583333333333334
0 0.6682142857142858 0.47125000000000006 0.065 0.04583333333333334
0 0.7096428571428571 0.47375 0.065 0.04583333333333334
