0 0.025 0.40458333333333335 0.04857142857142857 0.04083333333333333
0 0.0775 0.42333333333333334 0.06928571428571428 0.043333333333333335
0 0.13464285714285715 0.4266666666666667 0.06928571428571428 0.043333333333333335
0 0.19964285714285715 0.4083333333333334 0.06928571428571428 0.043333333333333335
0 0.25535714285714284 0.4116666666666667 0.06928571428571428 0.043333333333333335
0 0.33035714285714285 0.42000000000000004 0.06928571428571428 0.043333333333333335
0 0.39964285714285713 0.4191666666666667 0.06928571428571428 0.043333333333333335
0 0.4425 0.4066666666666667 0.06928571428571428 0.043333333333333335
0 0.5239285714285714 0.385 0.06928571428571428 0.043333333333333335
0 0.5817857142857142 0.37083333333333335 0.06928571428571428 0.043333333333333335
0 0.6417857142857143 0.375 0.06928571428571428 0.043333333333333335
0 0.7039285714285715 0.3766666666666667 0.06928571428571428 0.043333333333333335
0 0.8332142857142857 0.41583333333333333 0.06928571428571428 0.043333333333333335
0 0.8860714285714286 0.42083333333333334 0.06928571428571428 0.043333333333333335
0 0.9546428571428571 0.42333333333333334 0.06928571428571428 0.043333333333333335
0 0.9653571428571428 0.4216666666666667 0.06928571428571428 0.043333333333333335
