0 0.03357142857142857 0.5066666666666667 0.06571428571428571 0.04
0 0.10107142857142858 0.5333333333333333 0.06642857142857143 0.04
0 0.16392857142857142 0.5458333333333334 0.06642857142857143 0.04
0 0.24035714285714285 0.5591666666666667 0.06642857142857143 0.04
0 0.21392857142857144 0.5516666666666667 0.06642857142857143 0.04
0 0.29464285714285715 0.5633333333333334 0.06642857142857143 0.04
0 0.35678571428571426 0.5725 0.06642857142857143 0.04
0 0.42178571428571426 0.5708333333333334 0.06642857142857143 0.04
0 0.4832142857142857 0.5591666666666667 0.06642857142857143 0.04
0 0.5475 0.5641666666666667 0.06642857142857143 0.04
0 0.6103571428571428 0.5700000000000001 0.06642857142857143 0.04
0 0.6525 0.5558333333333334 0.06642857142857143 0.04
0 0.6903571428571429 0.5533333333333333 0.06642857142857143 0.04
0 0.7296428571428571 0.56 0.06642857142857143 0.04
0 0.7875 0.5625 0.06642857142857143 0.04
0 0.8339285714285715 0.5808333333333334 0.06642857142857143 0.04
0 0.9039285714285714 0.5850000000000001 0.06642857142857143 0.04
0 0.9596428571428571 0.6025 0.06642857142857143 0.04
