0 0.17642857142857143 0.6575000000000001 0.07 0.02666666666666667
0 0.21 0.6291666666666667 0.07 0.02666666666666667
0 0.26357142857142857 0.61 0.07 0.02666666666666667
0 0.32857142857142857 0.6025 0.07 0.02666666666666667
0 0.3871428571428571 0.6058333333333333 0.07 0.02666666666666667
0 0.4357142857142857 0.5916666666666667 0.07 0.02666666666666667
0 0.48857142857142855 0.5883333333333334 0.07 0.02666666666666667
0 0.5364285714285715 0.5758333333333334 0.07 0.02666666666666667
0 0.5964285714285714 0.5708333333333334 0.07 0.02666666666666667
0 0.6392857142857142 0.5625 0.07 0.02666666666666667
0 0.6942857142857143 0.5858333333333333 0.07 0.02666666666666667
0 0.7678571428571429 0.61 0.07 0.02666666666666667
0 0.7607142857142857 0.5725 0.07 0.02666666666666667
0 0.8135714285714286 0.5758333333333334 0.07 0.02666666666666667
0 0.8521428571428571 0.6116666666666667 0.07 0.02666666666666667
0 0.8607142857142858 0.5908333333333333 0.07 0.02666666666666667
0 0.9128571428571428 0.6050000000000001 0.07 0.02666666666666667
0 0.9642857142857143 0.6091666666666667 0.07 0.02666666666666667
