0 0.04214285714285714 0.32125000000000004 0.07571428571428572 0.0325
0 0.10928571428571429 0.30208333333333337 0.07571428571428572 0.0325
0 0.18142857142857144 0.29791666666666666 0.07571428571428572 0.0325
0 0.24642857142857144 0.32208333333333333 0.07571428571428572 0.0325
0 0.31142857142857144 0.3229166666666667 0.07571428571428572 0.0325
0 0.3871428571428571 0.3254166666666667 0.07571428571428572 0.0325
0 0.45071428571428573 0.35208333333333336 0.07571428571428572 0.0325
0 0.5292857142857142 0.3479166666666667 0.07571428571428572 0.0325
0 0.5842857142857143 0.3304166666666667 0.07571428571428572 0.0325
0 0.6271428571428571 0.32958333333333334 0.07571428571428572 0.0325
0 0.6857142857142857 0.35958333333333337 0.07571428571428572 0.0325
0 0.7485714285714286 0.37041666666666667 0.07571428571428572 0.0325
0 0.7942857142857143 0.39958333333333335 0.07571428571428572 0.0325
0 0.85 0.4379166666666667 0.07571428571428572 0.0325
0 0.35214285714285715 0.38125000000000003 0.07571428571428572 0.0325
0 0.23357142857142857 0.38708333333333333 0.07571428571428572 0.0325
0 0.12642857142857142 0.3804166666666667 0.07571428571428572 0.0325
0 0.05714285714285714 0.35458333333333336 0.07571428571428572 0.0325
0 0.17642857142857143 0.37875000000000003 0.07571428571428572 0.0325
