0 0.2 0.34750000000000003 0.06857142857142857 0.03333333333333333
0 0.27214285714285713 0.3491666666666667 0.06857142857142857 0.03333333333333333
0 0.35 0.34500000000000003 0.06857142857142857 0.03333333333333333
0 0.44285714285714284 0.3433333333333334 0.06857142857142857 0.03333333333333333
0 0.49785714285714283 0.37083333333333335 0.06857142857142857 0.03333333333333333
0 0.5714285714285714 0.3891666666666667 0.06857142857142857 0.03333333333333333
0 0.6685714285714286 0.39416666666666667 0.06857142857142857 0.03333333333333333
0 0.7585714285714286 0.4033333333333334 0.06857142857142857 0.03333333333333333
0 0.83 0.395 0.06857142857142857 0.03333333333333333
0 0.9121428571428571 0.3866666666666667 0.06857142857142857 0.03333333333333333
0 0.9578571428571429 0.3825 0.06857142857142857 0.03333333333333333
