0 0.13285714285714287 0.4691666666666667 0.08714285714285715 0.045000000000000005
0 0.21214285714285713 0.46166666666666667 0.08714285714285715 0.045000000000000005
0 0.30142857142857143 0.4633333333333334 0.08714285714285715 0.045000000000000005
0 0.39714285714285713 0.4691666666666667 0.08714285714285715 0.045000000000000005
0 0.4685714285714286 0.46166666666666667 0.08714285714285715 0.045000000000000005
0 0.5285714285714286 0.43500000000000005 0.08714285714285715 0.045000000000000005
0 0.5928571428571429 0.4033333333333334 0.08714285714285715 0.045000000000000005
0 0.6871428571428572 0.3816666666666667 0.08714285714285715 0.045000000000000005
0 0.7514285714285714 0.38083333333333336 0.08714285714285715 0.045000000000000005
0 0.845 0.3666666666666667 0.08714285714285715 0.045000000000000005
0 0.8921428571428571 0.4058333333333334 0.08714285714285715 0.045000000000000005
