0 0.03535714285714286 0.4029166666666667 0.06785714285714285 0.04583333333333334
0 0.061785714285714284 0.4054166666666667 0.06785714285714285 0.04583333333333334
0 0.09892857142857144 0.39625000000000005 0.06785714285714285 0.04583333333333334
0 0.13892857142857143 0.39208333333333334 0.06785714285714285 0.04583333333333334
0 0.1767857142857143 0.3904166666666667 0.06785714285714285 0.04583333333333334
0 0.22035714285714286 0.38875000000000004 0.06785714285714285 0.04583333333333334
0 0.26107142857142857 0.3879166666666667 0.06785714285714285 0.04583333333333334
0 0.29892857142857143 0.3745833333333334 0.06785714285714285 0.04583333333333334
0 0.3410714285714286 0.36791666666666667 0.06785714285714285 0.04583333333333334
0 0.3732142857142857 0.35208333333333336 0.06785714285714285 0.04583333333333334
0 0.41464285714285715 0.34375 0.06785714285714285 0.04583333333333334
0 0.49535714285714283 0.3479166666666667 0.06785714285714285 0.04583333333333334
0 0.5517857142857143 0.34708333333333335 0.06785714285714285 0.04583333333333334
0 0.6060714285714286 0.3379166666666667 0.06785714285714285 0.04583333333333334
0 0.6582142857142858 0.33958333333333335 0.06785714285714285 0.04583333333333334
0 0.7096428571428571 0.33125000000000004 0.06785714285714285 0.04583333333333334
0 0.7717857142857143 0.33708333333333335 0.06785714285714285 0.04583333333333334
0 0.8146428571428571 0.3404166666666667 0.06785714285714285 0.04583333333333334
0 0.8617857142857143 0.34208333333333335 0.06785714285714285 0.04583333333333334
0 0.9110714285714285 0.35208333333333336 0.06785714285714285 0.04583333333333334
0 0.9510714285714286 0.36291666666666667 0.06785714285714285 0.04583333333333334
