0 0.03785714285714286 0.29791666666666666 0.07 0.0475
0 0.07 0.3070833333333334 0.07 0.0475
0 0.12285714285714286 0.31375000000000003 0.07 0.0475
0 0.1707142857142857 0.32125000000000004 0.07 0.0475
0 0.19642857142857142 0.3554166666666667 0.07 0.0475
0 0.20642857142857143 0.32208333333333333 0.07 0.0475
0 0.24857142857142858 0.36875 0.07 0.0475
0 0.26571428571428574 0.32458333333333333 0.07 0.0475
0 0.30428571428571427 0.31625000000000003 0.07 0.0475
0 0.35642857142857143 0.29958333333333337 0.07 0.0475
0 0.3264285714285714 0.36541666666666667 0.07 0.0475
0 0.44285714285714284 0.2679166666666667 0.07 0.0475
0 0.48714285714285716 0.27875 0.07 0.0475
0 0.5321428571428571 0.29708333333333337 0.07 0.0475
0 0.5735714285714286 0.31958333333333333 0.07 0.0475
0 0.5821428571428572 0.36125 0.07 0.0475
0 0.6278571428571429 0.34208333333333335 0.07 0.0475
0 0.6757142857142857 0.33958333333333335 0.07 0.0475
0 0.7278571428571429 0.33875 0.07 0.0475
0 0.7757142857142857 0.33958333333333335 0.07 0.0475
0 0.8357142857142857 0.35458333333333336 0.07 0.0475
0 0.8935714285714286 0.3579166666666667 0.07 0.0475
0 0.9464285714285714 0.36041666666666666 0.07 0.0475
0 0.965 0.36875 0.07 0.0475
