0 0.031785714285714285 0.5170833333333333 0.062142857142857146 0.04583333333333334
0 0.10035714285714285 0.5229166666666667 0.07642857142857143 0.037500000000000006
0 0.1725 0.5195833333333334 0.07642857142857143 0.037500000000000006
0 0.23035714285714284 0.50375 0.07642857142857143 0.037500000000000006
0 0.2953571428571429 0.50625 0.07642857142857143 0.037500000000000006
0 0.36392857142857143 0.5079166666666667 0.07642857142857143 0.037500000000000006
0 0.42678571428571427 0.5004166666666667 0.07642857142857143 0.037500000000000006
0 0.4903571428571429 0.49125 0.07642857142857143 0.037500000000000006
0 0.5482142857142858 0.4654166666666667 0.07642857142857143 0.037500000000000006
0 0.6096428571428572 0.47208333333333335 0.07642857142857143 0.037500000000000006
0 0.6803571428571429 0.49541666666666667 0.07642857142857143 0.037500000000000006
0 0.7489285714285714 0.5120833333333333 0.07642857142857143 0.037500000000000006
0 0.8539285714285715 0.51125 0.07642857142857143 0.037500000000000006
0 0.9167857142857143 0.5304166666666666 0.07642857142857143 0.037500000000000006
0 0.9614285714285714 0.5337500000000001 0.07714285714285714 0.037500000000000006
