0 0.036071428571428574 0.5650000000000001 0.07071428571428572 0.03333333333333333
0 0.11321428571428571 0.5683333333333334 0.07071428571428572 0.03333333333333333
0 0.08035714285714286 0.5650000000000001 0.07071428571428572 0.03333333333333333
0 0.16392857142857142 0.5650000000000001 0.07071428571428572 0.03333333333333333
0 0.2225 0.5750000000000001 0.07071428571428572 0.03333333333333333
0 0.2739285714285714 0.5858333333333333 0.07071428571428572 0.03333333333333333
0 0.4446428571428571 0.5683333333333334 0.07071428571428572 0.03333333333333333
0 0.5175 0.5525 0.07071428571428572 0.03333333333333333
0 0.5789285714285715 0.5358333333333334 0.07071428571428572 0.03333333333333333
0 0.6467857142857143 0.5325000000000001 0.07071428571428572 0.03333333333333333
0 0.6989285714285715 0.5433333333333333 0.07071428571428572 0.03333333333333333
0 0.7375 0.5616666666666666 0.07071428571428572 0.03333333333333333
0 0.8203571428571429 0.5683333333333334 0.07071428571428572 0.03333333333333333
0 0.9025 0.56 0.07071428571428572 0.03333333333333333
0 0.9589285714285715 0.5608333333333334 0.07071428571428572 0.03333333333333333
