0 0.03785714285714286 0.5066666666666667 0.07428571428571429 0.03833333333333334
0 0.09678571428571428 0.49333333333333335 0.075 0.03833333333333334
0 0.1632142857142857 0.49000000000000005 0.075 0.03833333333333334
0 0.22035714285714286 0.4758333333333334 0.075 0.03833333333333334
0 0.29464285714285715 0.4675 0.075 0.03833333333333334
0 0.35035714285714287 0.4783333333333334 0.075 0.03833333333333334
0 0.41464285714285715 0.48333333333333334 0.075 0.03833333333333334
0 0.49392857142857144 0.4866666666666667 0.075 0.03833333333333334
0 0.5510714285714285 0.4683333333333334 0.075 0.03833333333333334
0 0.6075 0.4441666666666667 0.075 0.03833333333333334
0 0.6689285714285714 0.4441666666666667 0.075 0.03833333333333334
0 0.7275 0.4608333333333334 0.075 0.03833333333333334
0 0.7989285714285714 0.4575 0.075 0.03833333333333334
0 0.8775 0.44 0.075 0.03833333333333334
0 0.9260714285714285 0.39333333333333337 0.075 0.03833333333333334
0 0.9621428571428572 0.3741666666666667 0.07571428571428572 0.03833333333333334
0 0.4542857142857143 0.4891666666666667 0.07571428571428572 0.03833333333333334
