0 0.15428571428571428 0.4266666666666667 0.07428571428571429 0.055
0 0.22 0.37833333333333335 0.07428571428571429 0.055
0 0.2975 0.35208333333333336 0.08928571428571429 0.0425
0 0.36392857142857143 0.3254166666666667 0.08928571428571429 0.0425
0 0.44035714285714284 0.34208333333333335 0.08928571428571429 0.0425
0 0.5189285714285714 0.35458333333333336 0.08928571428571429 0.0425
0 0.5910714285714286 0.36291666666666667 0.08928571428571429 0.0425
0 0.6160714285714286 0.31625000000000003 0.08928571428571429 0.0425
0 0.6825 0.3304166666666667 0.08928571428571429 0.0425
0 0.7403571428571428 0.31375000000000003 0.08928571428571429 0.0425
0 0.7860714285714285 0.29458333333333336 0.08928571428571429 0.0425
0 0.8653571428571428 0.30291666666666667 0.08928571428571429 0.0425
0 0.8825 0.3720833333333334 0.08928571428571429 0.0425
0 0.7603571428571428 0.38375000000000004 0.08928571428571429 0.0425
0 0.6760714285714285 0.3854166666666667 0.08928571428571429 0.0425
0 0.9210714285714285 0.30625 0.08928571428571429 0.0425
0 0.9439285714285715 0.34875 0.08928571428571429 0.0425
