0 0.03464285714285714 0.2675 0.06785714285714285 0.04
0 0.10285714285714286 0.24333333333333335 0.06857142857142857 0.04
0 0.16785714285714284 0.23 0.06857142857142857 0.04
0 0.2507142857142857 0.23 0.06857142857142857 0.04
0 0.3414285714285714 0.22416666666666668 0.06857142857142857 0.04
0 0.4521428571428571 0.2541666666666667 0.06857142857142857 0.04
0 0.5428571428571428 0.26 0.06857142857142857 0.04
0 0.6178571428571429 0.24750000000000003 0.06857142857142857 0.04
0 0.6957142857142857 0.26583333333333337 0.06857142857142857 0.04
0 0.7785714285714286 0.2758333333333334 0.06857142857142857 0.04
0 0.8478571428571429 0.2783333333333334 0.06857142857142857 0.04
