0 0.030714285714285715 0.40208333333333335 0.05857142857142857 0.0325
0 0.08428571428571428 0.42458333333333337 0.05857142857142857 0.0325
0 0.1392857142857143 0.4470833333333334 0.05857142857142857 0.0325
0 0.1957142857142857 0.45708333333333334 0.05857142857142857 0.0325
0 0.255 0.45875000000000005 0.05857142857142857 0.0325
0 0.32285714285714284 0.4445833333333334 0.05857142857142857 0.0325
0 0.39785714285714285 0.4479166666666667 0.05857142857142857 0.0325
0 0.4471428571428571 0.42708333333333337 0.05857142857142857 0.0325
0 0.5042857142857143 0.41375 0.05857142857142857 0.0325
0 0.5535714285714286 0.42791666666666667 0.05857142857142857 0.0325
0 0.6071428571428571 0.46375000000000005 0.05857142857142857 0.0325
0 0.6821428571428572 0.44625000000000004 0.05857142857142857 0.0325
0 0.7685714285714286 0.38458333333333333 0.05857142857142857 0.0325
0 0.835 0.38208333333333333 0.05857142857142857 0.0325
0 0.9107142857142857 0.3954166666666667 0.05857142857142857 0.0325
0 0.8807142857142857 0.39208333333333334 0.05857142857142857 0.0325
0 0.9407142857142857 0.39625000000000005 0.05857142857142857 0.0325
