0 0.05107142857142857 0.35125 0.062142857142857146 0.03916666666666667
0 0.0825 0.3429166666666667 0.062142857142857146 0.03916666666666667
0 0.12392857142857143 0.34375 0.062142857142857146 0.03916666666666667
0 0.1725 0.35625 0.062142857142857146 0.03916666666666667
0 0.3117857142857143 0.3479166666666667 0.062142857142857146 0.03916666666666667
0 0.35464285714285715 0.3479166666666667 0.062142857142857146 0.03916666666666667
0 0.3967857142857143 0.3479166666666667 0.062142857142857146 0.03916666666666667
0 0.43607142857142855 0.34458333333333335 0.062142857142857146 0.03916666666666667
0 0.48892857142857143 0.34375 0.062142857142857146 0.03916666666666667
0 0.5332142857142858 0.34708333333333335 0.062142857142857146 0.03916666666666667
0 0.5767857142857142 0.34458333333333335 0.062142857142857146 0.03916666666666667
0 0.6232142857142857 0.34125 0.062142857142857146 0.03916666666666667
0 0.6625 0.33625000000000005 0.062142857142857146 0.03916666666666667
0 0.7089285714285715 0.32875000000000004 0.062142857142857146 0.03916666666666667
0 0.7396428571428572 0.31708333333333333 0.062142857142857146 0.03916666666666667
0 0.7825 0.31958333333333333 0.062142857142857146 0.03916666666666667
0 0.8260714285714286 0.3145833333333333 0.062142857142857146 0.03916666666666667
0 0.8789285714285714 0.3145833333333333 0.062142857142857146 0.03916666666666667
0 0.9146428571428571 0.31375000000000003 0.062142857142857146 0.03916666666666667
0 0.9603571428571429 0.3179166666666667 0.062142857142857146 0.03916666666666667
0 0.9689285714285715 0.2854166666666667 0.062142857142857146 0.03916666666666667
