0 0.105 0.4525 0.07285714285714286 0.04166666666666667
0 0.03678571428571428 0.44833333333333336 0.07214285714285715 0.04166666666666667
0 0.165 0.44833333333333336 0.07285714285714286 0.04166666666666667
0 0.22857142857142856 0.43833333333333335 0.07285714285714286 0.04166666666666667
0 0.28714285714285714 0.445 0.07285714285714286 0.04166666666666667
0 0.35285714285714287 0.4541666666666667 0.07285714285714286 0.04166666666666667
0 0.41 0.46 0.07285714285714286 0.04166666666666667
0 0.4757142857142857 0.47750000000000004 0.07285714285714286 0.04166666666666667
0 0.5742857142857143 0.49000000000000005 0.07285714285714286 0.04166666666666667
0 0.535 0.47750000000000004 0.07285714285714286 0.04166666666666667
0 0.6357142857142857 0.505 0.07285714285714286 0.04166666666666667
0 0.7035714285714286 0.5108333333333334 0.07285714285714286 0.04166666666666667
0 0.755 0.5125000000000001 0.07285714285714286 0.04166666666666667
0 0.8171428571428572 0.49833333333333335 0.07285714285714286 0.04166666666666667
0 0.8928571428571429 0.4666666666666667 0.07285714285714286 0.04166666666666667
0 0.9428571428571428 0.45833333333333337 0.07285714285714286 0.04166666666666667
