0 0.06571428571428571 0.29875 0.07142857142857142 0.02416666666666667
0 0.18714285714285714 0.28625 0.07142857142857142 0.02416666666666667
0 0.13214285714285715 0.28375 0.07142857142857142 0.02416666666666667
0 0.43642857142857144 0.33458333333333334 0.07142857142857142 0.02416666666666667
0 0.32357142857142857 0.30208333333333337 0.07142857142857142 0.02416666666666667
0 0.5085714285714286 0.34375 0.07142857142857142 0.02416666666666667
0 0.5807142857142857 0.3479166666666667 0.07142857142857142 0.02416666666666667
0 0.6457142857142857 0.35958333333333337 0.07142857142857142 0.02416666666666667
0 0.6978571428571428 0.35458333333333336 0.07142857142857142 0.02416666666666667
0 0.7635714285714286 0.37041666666666667 0.07142857142857142 0.02416666666666667
