0 0.04285714285714286 0.4179166666666667 0.06285714285714286 0.0275
0 0.10857142857142857 0.41125 0.06285714285714286 0.0275
0 0.1657142857142857 0.3879166666666667 0.06285714285714286 0.0275
0 0.22428571428571428 0.36875 0.06285714285714286 0.0275
0 0.29214285714285715 0.33625000000000005 0.06285714285714286 0.0275
0 0.3435714285714286 0.3404166666666667 0.06285714285714286 0.0275
0 0.4014285714285714 0.35958333333333337 0.06285714285714286 0.0275
0 0.47 0.36208333333333337 0.06285714285714286 0.0275
0 0.525 0.33708333333333335 0.06285714285714286 0.0275
0 0.5842857142857143 0.3579166666666667 0.06285714285714286 0.0275
0 0.6335714285714286 0.3770833333333334 0.06285714285714286 0.0275
0 0.6971428571428572 0.3804166666666667 0.06285714285714286 0.0275
0 0.765 0.37625000000000003 0.06285714285714286 0.0275
0 0.8235714285714286 0.3695833333333334 0.06285714285714286 0.0275
0 0.8807142857142857 0.35708333333333336 0.06285714285714286 0.0275
0 0.9421428571428572 0.3429166666666667 0.06285714285714286 0.0275
0 0.965 0.34625 0.06285714285714286 0.0275
