0 0.27535714285714286 0.4666666666666667 0.075 0.03666666666666667
0 0.3682142857142857 0.4291666666666667 0.075 0.03666666666666667
0 0.4182142857142857 0.39416666666666667 0.075 0.03666666666666667
0 0.5046428571428572 0.39416666666666667 0.075 0.03666666666666667
0 0.5610714285714286 0.4441666666666667 0.075 0.03666666666666667
0 0.6239285714285714 0.44333333333333336 0.075 0.03666666666666667
0 0.6746428571428571 0.42750000000000005 0.075 0.03666666666666667
0 0.7196428571428571 0.4316666666666667 0.075 0.03666666666666667
0 0.7732142857142857 0.4266666666666667 0.075 0.03666666666666667
0 0.8160714285714286 0.4166666666666667 0.075 0.03666666666666667
0 0.8739285714285714 0.4091666666666667 0.075 0.03666666666666667
0 0.9246428571428571 0.4133333333333334 0.075 0.03666666666666667
0 0.9582142857142857 0.3975 0.075 0.03666666666666667
