0 0.030357142857142857 0.5741666666666667 0.05928571428571429 0.03166666666666667
0 0.08142857142857143 0.5766666666666667 0.06 0.03166666666666667
0 0.15785714285714286 0.5716666666666667 0.06 0.03166666666666667
0 0.21571428571428572 0.5616666666666666 0.06 0.03166666666666667
0 0.27214285714285713 0.5725 0.06 0.03166666666666667
0 0.43214285714285716 0.5075000000000001 0.06 0.03166666666666667
0 0.5142857142857142 0.5075000000000001 0.06 0.03166666666666667
0 0.5778571428571428 0.5383333333333333 0.06 0.03166666666666667
0 0.6435714285714286 0.5558333333333334 0.06 0.03166666666666667
0 0.7035714285714286 0.5766666666666667 0.06 0.03166666666666667
0 0.7642857142857142 0.5675 0.06 0.03166666666666667
0 0.8157142857142857 0.5700000000000001 0.06 0.03166666666666667
0 0.8842857142857142 0.5716666666666667 0.06 0.03166666666666667
0 0.9364285714285714 0.5625 0.06 0.03166666666666667
0 0.9696428571428571 0.5516666666666667 0.060714285714285714 0.03166666666666667
