0 0.03785714285714286 0.3070833333333334 0.07285714285714286 0.0475
0 0.07714285714285714 0.30791666666666667 0.07285714285714286 0.0475
0 0.13357142857142856 0.30791666666666667 0.07285714285714286 0.0475
0 0.18928571428571428 0.3070833333333334 0.07285714285714286 0.0475
0 0.23142857142857143 0.29458333333333336 0.07285714285714286 0.0475
0 0.275 0.2879166666666667 0.07285714285714286 0.0475
0 0.32785714285714285 0.29208333333333336 0.07285714285714286 0.0475
0 0.38 0.3070833333333334 0.07285714285714286 0.0475
0 0.42714285714285716 0.30125 0.07285714285714286 0.0475
0 0.4757142857142857 0.29625 0.07285714285714286 0.0475
0 0.5242857142857142 0.29791666666666666 0.07285714285714286 0.0475
0 0.5578571428571428 0.30791666666666667 0.07285714285714286 0.0475
0 0.6085714285714285 0.3070833333333334 0.07285714285714286 0.0475
0 0.6507142857142857 0.34875 0.07285714285714286 0.0475
0 0.6921428571428572 0.37375 0.07285714285714286 0.0475
0 0.7371428571428571 0.3720833333333334 0.07285714285714286 0.0475
0 0.7571428571428571 0.37041666666666667 0.07285714285714286 0.0475
