0 0.19428571428571428 0.62875 0.07857142857142857 0.030833333333333334
0 0.04357142857142857 0.6754166666666667 0.07857142857142857 0.030833333333333334
0 0.2671428571428571 0.6312500000000001 0.07857142857142857 0.030833333333333334
0 0.33785714285714286 0.6179166666666667 0.07857142857142857 0.030833333333333334
0 0.40714285714285714 0.6020833333333334 0.07857142857142857 0.030833333333333334
0 0.48142857142857143 0.6220833333333333 0.07857142857142857 0.030833333333333334
0 0.5478571428571428 0.6220833333333333 0.07857142857142857 0.030833333333333334
0 0.6107142857142858 0.6154166666666667 0.07857142857142857 0.030833333333333334
0 0.6464285714285715 0.5954166666666667 0.07857142857142857 0.030833333333333334
0 0.7142857142857143 0.6262500000000001 0.07857142857142857 0.030833333333333334
0 0.775 0.61375 0.07857142857142857 0.030833333333333334
0 0.8378571428571429 0.5979166666666667 0.07857142857142857 0.030833333333333334
0 0.8764285714285714 0.6170833333333334 0.07857142857142857 0.030833333333333334
0 0.9471428571428572 0.6179166666666667 0.07857142857142857 0.030833333333333334
0 0.9192857142857143 0.5870833333333334 0.07857142857142857 0.030833333333333334
0 0.9607142857142857 0.5820833333333334 0.07857142857142857 0.030833333333333334
