0 0.03857142857142857 0.42250000000000004 0.07142857142857142 0.035
0 0.10714285714285714 0.42083333333333334 0.07142857142857142 0.035
0 0.15357142857142858 0.4008333333333334 0.07142857142857142 0.035
0 0.21857142857142858 0.39333333333333337 0.07142857142857142 0.035
0 0.275 0.4191666666666667 0.07142857142857142 0.035
0 0.3385714285714286 0.43250000000000005 0.07142857142857142 0.035
0 0.40785714285714286 0.4475 0.07142857142857142 0.035
0 0.49 0.445 0.07142857142857142 0.035
0 0.4685714285714286 0.44 0.07142857142857142 0.035
0 0.5528571428571428 0.43583333333333335 0.07142857142857142 0.035
0 0.615 0.41833333333333333 0.07142857142857142 0.035
0 0.6721428571428572 0.42333333333333334 0.07142857142857142 0.035
0 0.7342857142857143 0.41500000000000004 0.07142857142857142 0.035
0 0.7871428571428571 0.42000000000000004 0.07142857142857142 0.035
0 0.8185714285714286 0.4291666666666667 0.07142857142857142 0.035
