0 0.03464285714285714 0.4829166666666667 0.06785714285714285 0.03916666666666667
0 0.09928571428571428 0.5012500000000001 0.06857142857142857 0.03916666666666667
0 0.16 0.5020833333333333 0.06857142857142857 0.03916666666666667
0 0.22714285714285715 0.4945833333333334 0.06857142857142857 0.03916666666666667
0 0.29928571428571427 0.48125 0.06857142857142857 0.03916666666666667
0 0.3678571428571429 0.5012500000000001 0.06857142857142857 0.03916666666666667
0 0.42857142857142855 0.5295833333333334 0.06857142857142857 0.03916666666666667
0 0.48857142857142855 0.5545833333333333 0.06857142857142857 0.03916666666666667
0 0.5607142857142857 0.5670833333333334 0.06857142857142857 0.03916666666666667
0 0.6235714285714286 0.5545833333333333 0.06857142857142857 0.03916666666666667
0 0.6842857142857143 0.54625 0.06857142857142857 0.03916666666666667
0 0.7357142857142858 0.5420833333333334 0.06857142857142857 0.03916666666666667
0 0.8092857142857143 0.5320833333333334 0.06857142857142857 0.03916666666666667
0 0.8621428571428571 0.5420833333333334 0.06857142857142857 0.03916666666666667
0 0.9128571428571428 0.53125 0.06857142857142857 0.03916666666666667
0 0.9492857142857143 0.5104166666666667 0.06857142857142857 0.03916666666666667
0 0.9653571428571428 0.49541666666666667 0.06928571428571428 0.03916666666666667
