0 0.04285714285714286 0.30375 0.06285714285714286 0.0275
0 0.11142857142857143 0.30791666666666667 0.06285714285714286 0.0275
0 0.1957142857142857 0.30625 0.06285714285714286 0.0275
0 0.25642857142857145 0.3229166666666667 0.06285714285714286 0.0275
0 0.30785714285714283 0.3204166666666667 0.06285714285714286 0.0275
0 0.3757142857142857 0.29791666666666666 0.06285714285714286 0.0275
0 0.45 0.29958333333333337 0.06285714285714286 0.0275
0 0.545 0.29625 0.06285714285714286 0.0275
0 0.6264285714285714 0.2829166666666667 0.06285714285714286 0.0275
0 0.7914285714285715 0.34708333333333335 0.06285714285714286 0.0275
