0 0.033928571428571426 0.5708333333333334 0.06642857142857143 0.021666666666666667
0 0.10428571428571429 0.5675 0.06714285714285714 0.021666666666666667
0 0.18 0.5433333333333333 0.06714285714285714 0.021666666666666667
0 0.24071428571428571 0.5175000000000001 0.06714285714285714 0.021666666666666667
0 0.3007142857142857 0.5041666666666667 0.06714285714285714 0.021666666666666667
0 0.36857142857142855 0.5108333333333334 0.06714285714285714 0.021666666666666667
0 0.43714285714285717 0.505 0.06714285714285714 0.021666666666666667
0 0.5007142857142857 0.49750000000000005 0.06714285714285714 0.021666666666666667
0 0.5842857142857143 0.5025000000000001 0.06714285714285714 0.021666666666666667
0 0.6585714285714286 0.51 0.06714285714285714 0.021666666666666667
0 0.7228571428571429 0.515 0.06714285714285714 0.021666666666666667
0 0.7464285714285714 0.5283333333333333 0.06714285714285714 0.021666666666666667
