0 0.039285714285714285 0.55 0.07714285714285714 0.03333333333333333
0 0.1125 0.5541666666666667 0.07785714285714286 0.03333333333333333
0 0.18392857142857144 0.5575 0.07785714285714286 0.03333333333333333
0 0.25107142857142856 0.5458333333333334 0.07785714285714286 0.03333333333333333
0 0.3117857142857143 0.545 0.07785714285714286 0.03333333333333333
0 0.39035714285714285 0.5375000000000001 0.07785714285714286 0.03333333333333333
0 0.45964285714285713 0.5458333333333334 0.07785714285714286 0.03333333333333333
0 0.5289285714285714 0.5533333333333333 0.07785714285714286 0.03333333333333333
0 0.6046428571428571 0.5508333333333334 0.07785714285714286 0.03333333333333333
0 0.6832142857142857 0.5575 0.07785714285714286 0.03333333333333333
0 0.7432142857142857 0.5591666666666667 0.07785714285714286 0.03333333333333333
0 0.8096428571428571 0.5658333333333334 0.07785714285714286 0.03333333333333333
0 0.8460714285714286 0.5575 0.07785714285714286 0.03333333333333333
0 0.9117857142857143 0.5466666666666667 0.07785714285714286 0.03333333333333333
0 0.9517857142857142 0.555 0.07785714285714286 0.03333333333333333
