0 0.041428571428571426 0.4966666666666667 0.07714285714285714 0.03666666666666667
0 0.09428571428571429 0.5058333333333334 0.07714285714285714 0.03666666666666667
0 0.18142857142857144 0.5075000000000001 0.07714285714285714 0.03666666666666667
0 0.25785714285714284 0.5083333333333334 0.07714285714285714 0.03666666666666667
0 0.33714285714285713 0.5033333333333334 0.07714285714285714 0.03666666666666667
0 0.37785714285714284 0.49333333333333335 0.07714285714285714 0.03666666666666667
0 0.43714285714285717 0.5333333333333333 0.07714285714285714 0.03666666666666667
0 0.52 0.5541666666666667 0.07714285714285714 0.03666666666666667
0 0.6007142857142858 0.5516666666666667 0.07714285714285714 0.03666666666666667
0 0.6692857142857143 0.5341666666666667 0.07714285714285714 0.03666666666666667
0 0.7292857142857143 0.54 0.07714285714285714 0.03666666666666667
0 0.7985714285714286 0.5233333333333333 0.07714285714285714 0.03666666666666667
0 0.8614285714285714 0.5191666666666667 0.07714285714285714 0.03666666666666667
0 0.9464285714285714 0.5016666666666667 0.07714285714285714 0.03666666666666667
0 0.475 0.5333333333333333 0.07714285714285714 0.03666666666666667
0 0.22142857142857142 0.5091666666666667 0.07714285714285714 0.03666666666666667
