0 0.03642857142857143 0.4891666666666667 0.06285714285714286 0.035
0 0.09785714285714285 0.4791666666666667 0.06285714285714286 0.035
0 0.165 0.4716666666666667 0.06285714285714286 0.035
0 0.24071428571428571 0.4591666666666667 0.06285714285714286 0.035
0 0.2985714285714286 0.4516666666666667 0.06285714285714286 0.035
0 0.36 0.4691666666666667 0.06285714285714286 0.035
0 0.4157142857142857 0.45833333333333337 0.06285714285714286 0.035
0 0.4757142857142857 0.48333333333333334 0.06285714285714286 0.035
0 0.4757142857142857 0.48333333333333334 0.06285714285714286 0.035
0 0.5242857142857142 0.4841666666666667 0.06285714285714286 0.035
0 0.6114285714285714 0.5058333333333334 0.06285714285714286 0.035
0 0.6671428571428571 0.5308333333333334 0.06285714285714286 0.035
0 0.6978571428571428 0.5616666666666666 0.06285714285714286 0.035
0 0.7357142857142858 0.6108333333333333 0.06285714285714286 0.035
0 0.7807142857142857 0.66 0.04 0.05
0 0.8135714285714286 0.7208333333333333 0.04 0.05
0 0.845 0.7816666666666667 0.04 0.05
0 0.8921428571428571 0.805 0.04857142857142857 0.03833333333333334
