0 0.07 0.4441666666666667 0.08 0.05166666666666667
0 0.13214285714285715 0.4091666666666667 0.08 0.05166666666666667
0 0.19178571428571428 0.3720833333333334 0.09642857142857143 0.03916666666666667
0 0.25535714285714284 0.37375 0.09642857142857143 0.03916666666666667
0 0.30857142857142855 0.37625000000000003 0.08 0.037500000000000006
0 0.3821428571428571 0.3804166666666667 0.08 0.037500000000000006
0 0.4471428571428571 0.39375000000000004 0.08 0.037500000000000006
0 0.5207142857142857 0.42208333333333337 0.08 0.037500000000000006
0 0.5885714285714285 0.42791666666666667 0.08 0.037500000000000006
0 0.6564285714285715 0.43291666666666667 0.08 0.037500000000000006
0 0.72 0.42791666666666667 0.08 0.037500000000000006
0 0.7907142857142857 0.42708333333333337 0.08 0.037500000000000006
0 0.8578571428571429 0.4254166666666667 0.08 0.037500000000000006
0 0.9042857142857142 0.4370833333333334 0.08 0.037500000000000006
0 0.9557142857142857 0.4379166666666667 0.08 0.037500000000000006
