0 0.04214285714285714 0.31083333333333335 0.06428571428571428 0.03833333333333334
0 0.10285714285714286 0.325 0.06428571428571428 0.03833333333333334
0 0.15928571428571428 0.3175 0.06428571428571428 0.03833333333333334
0 0.21428571428571427 0.305 0.06428571428571428 0.03833333333333334
0 0.2792857142857143 0.305 0.06428571428571428 0.03833333333333334
0 0.34214285714285714 0.3175 0.06428571428571428 0.03833333333333334
0 0.3985714285714286 0.31583333333333335 0.06428571428571428 0.03833333333333334
0 0.4514285714285714 0.30833333333333335 0.06428571428571428 0.03833333333333334
0 0.5121428571428571 0.29583333333333334 0.06428571428571428 0.03833333333333334
0 0.5678571428571428 0.30000000000000004 0.06428571428571428 0.03833333333333334
0 0.6071428571428571 0.3125 0.06428571428571428 0.03833333333333334
0 0.6635714285714286 0.3125 0.06428571428571428 0.03833333333333334
0 0.6992857142857143 0.2916666666666667 0.06428571428571428 0.03833333333333334
0 0.7485714285714286 0.2725 0.06428571428571428 0.03833333333333334
0 0.7871428571428571 0.25916666666666666 0.06428571428571428 0.03833333333333334
0 0.835 0.24583333333333335 0.06428571428571428 0.03833333333333334
0 0.8707142857142857 0.24166666666666667 0.06428571428571428 0.03833333333333334
0 0.9078571428571428 0.2783333333333334 0.04285714285714286 0.03333333333333333
