0 0.025357142857142856 0.32708333333333334 0.047857142857142855 0.030833333333333334
0 0.06892857142857142 0.33125000000000004 0.047857142857142855 0.030833333333333334
0 0.11678571428571428 0.3454166666666667 0.047857142857142855 0.030833333333333334
0 0.1667857142857143 0.3529166666666667 0.047857142857142855 0.030833333333333334
0 0.25892857142857145 0.35458333333333336 0.047857142857142855 0.030833333333333334
0 0.30607142857142855 0.35958333333333337 0.047857142857142855 0.030833333333333334
0 0.46535714285714286 0.36375 0.047857142857142855 0.030833333333333334
0 0.5139285714285714 0.36041666666666666 0.047857142857142855 0.030833333333333334
0 0.5632142857142857 0.35875 0.047857142857142855 0.030833333333333334
0 0.6196428571428572 0.36125 0.047857142857142855 0.030833333333333334
0 0.6632142857142858 0.34625 0.047857142857142855 0.030833333333333334
0 0.7103571428571429 0.3254166666666667 0.047857142857142855 0.030833333333333334
0 0.7589285714285714 0.31375000000000003 0.047857142857142855 0.030833333333333334
0 0.8103571428571429 0.3304166666666667 0.047857142857142855 0.030833333333333334
0 0.8460714285714286 0.3579166666666667 0.047857142857142855 0.030833333333333334
0 0.9003571428571429 0.3504166666666667 0.047857142857142855 0.030833333333333334
0 0.9289285714285714 0.33958333333333335 0.047857142857142855 0.030833333333333334
