0 0.04357142857142857 0.39125000000000004 0.08 0.025833333333333337
0 0.115 0.38458333333333333 0.08 0.025833333333333337
0 0.31285714285714283 0.3695833333333334 0.08 0.025833333333333337
0 0.3742857142857143 0.37375 0.08 0.025833333333333337
0 0.44642857142857145 0.36375 0.08 0.025833333333333337
0 0.5114285714285715 0.3541666666666667 0.05857142857142857 0.03333333333333333
0 0.5707142857142857 0.3325 0.05857142857142857 0.03333333333333333
0 0.63 0.3191666666666667 0.05857142857142857 0.03333333333333333
0 0.6885714285714286 0.31333333333333335 0.05857142857142857 0.03333333333333333
0 0.7385714285714285 0.31 0.05857142857142857 0.03333333333333333
0 0.79 0.31 0.05857142857142857 0.03333333333333333
0 0.8421428571428572 0.31333333333333335 0.05857142857142857 0.03333333333333333
