0 0.038214285714285715 0.41583333333333333 0.06357142857142857 0.03833333333333334
0 0.11821428571428572 0.4091666666666667 0.06357142857142857 0.03833333333333334
0 0.08678571428571429 0.4083333333333334 0.06357142857142857 0.03833333333333334
0 0.17035714285714285 0.41750000000000004 0.06357142857142857 0.03833333333333334
0 0.22892857142857143 0.4366666666666667 0.06357142857142857 0.03833333333333334
0 0.3025 0.44 0.06357142857142857 0.03833333333333334
0 0.38321428571428573 0.45 0.06357142857142857 0.03833333333333334
0 0.45321428571428574 0.48250000000000004 0.06357142857142857 0.03833333333333334
0 0.3539285714285714 0.44083333333333335 0.06357142857142857 0.03833333333333334
0 0.5025 0.4733333333333334 0.06357142857142857 0.03833333333333334
0 0.5682142857142857 0.4666666666666667 0.06357142857142857 0.03833333333333334
0 0.6189285714285714 0.4708333333333334 0.06357142857142857 0.03833333333333334
