0 0.11607142857142858 0.4254166666666667 0.075 0.03416666666666667
0 0.18035714285714285 0.43375 0.075 0.03416666666666667
0 0.24392857142857144 0.4395833333333334 0.075 0.03416666666666667
0 0.3082142857142857 0.4479166666666667 0.075 0.03416666666666667
0 0.39464285714285713 0.4554166666666667 0.075 0.03416666666666667
0 0.35892857142857143 0.45208333333333334 0.075 0.03416666666666667
0 0.4546428571428571 0.4829166666666667 0.075 0.03416666666666667
0 0.5296428571428572 0.4829166666666667 0.075 0.03416666666666667
0 0.5939285714285715 0.48375 0.075 0.03416666666666667
0 0.6453571428571429 0.4779166666666667 0.075 0.03416666666666667
0 0.7146428571428571 0.4679166666666667 0.075 0.03416666666666667
0 0.7653571428571428 0.47125000000000006 0.075 0.03416666666666667
0 0.8539285714285715 0.48458333333333337 0.075 0.03416666666666667
0 0.9210714285714285 0.47625 0.075 0.03416666666666667
0 0.9582142857142857 0.4679166666666667 0.075 0.03416666666666667
