0 0.03571428571428571 0.44958333333333333 0.06142857142857143 0.029166666666666667
0 0.09142857142857143 0.4445833333333334 0.06142857142857143 0.029166666666666667
0 0.15 0.4420833333333334 0.06142857142857143 0.029166666666666667
0 0.21357142857142858 0.4320833333333334 0.06142857142857143 0.029166666666666667
0 0.2557142857142857 0.4029166666666667 0.06142857142857143 0.029166666666666667
0 0.31857142857142856 0.42708333333333337 0.06142857142857143 0.029166666666666667
0 0.385 0.43625 0.06142857142857143 0.029166666666666667
0 0.43714285714285717 0.45375000000000004 0.06142857142857143 0.029166666666666667
0 0.55 0.46625000000000005 0.06142857142857143 0.029166666666666667
0 0.6064285714285714 0.4704166666666667 0.06142857142857143 0.029166666666666667
0 0.6635714285714286 0.47458333333333336 0.06142857142857143 0.029166666666666667
0 0.7528571428571429 0.47208333333333335 0.06142857142857143 0.029166666666666667
0 0.8171428571428572 0.4945833333333334 0.06142857142857143 0.029166666666666667
0 0.8757142857142857 0.4945833333333334 0.06142857142857143 0.029166666666666667
0 0.9357142857142857 0.48458333333333337 0.06142857142857143 0.029166666666666667
0 0.9692857142857143 0.47458333333333336 0.06142857142857143 0.029166666666666667
