0 0.032857142857142856 0.47208333333333335 0.06428571428571428 0.030833333333333334
0 0.06964285714285715 0.4429166666666667 0.065 0.030833333333333334
0 0.11821428571428572 0.43291666666666667 0.065 0.030833333333333334
0 0.17035714285714285 0.4454166666666667 0.065 0.030833333333333334
0 0.2275 0.4354166666666667 0.065 0.030833333333333334
0 0.2975 0.42208333333333337 0.065 0.030833333333333334
0 0.3489285714285714 0.43291666666666667 0.065 0.030833333333333334
0 0.4075 0.4420833333333334 0.065 0.030833333333333334
0 0.45821428571428574 0.4295833333333334 0.065 0.030833333333333334
0 0.5075 0.41208333333333336 0.065 0.030833333333333334
0 0.5567857142857143 0.42208333333333337 0.065 0.030833333333333334
0 0.6160714285714286 0.4104166666666667 0.065 0.030833333333333334
0 0.6732142857142858 0.3854166666666667 0.065 0.030833333333333334
0 0.7775 0.40875 0.065 0.030833333333333334
0 0.8310714285714286 0.41208333333333336 0.065 0.030833333333333334
0 0.8767857142857143 0.4254166666666667 0.065 0.030833333333333334
