0 0.03214285714285714 0.45458333333333334 0.05857142857142857 0.030833333333333334
0 0.07928571428571428 0.4445833333333334 0.05857142857142857 0.030833333333333334
0 0.12357142857142857 0.42708333333333337 0.05857142857142857 0.030833333333333334
0 0.17642857142857143 0.43625 0.05857142857142857 0.030833333333333334
0 0.23285714285714285 0.4379166666666667 0.05857142857142857 0.030833333333333334
0 0.29428571428571426 0.42375 0.05857142857142857 0.030833333333333334
0 0.355 0.4254166666666667 0.05857142857142857 0.030833333333333334
0 0.41714285714285715 0.4379166666666667 0.05857142857142857 0.030833333333333334
0 0.46785714285714286 0.4429166666666667 0.05857142857142857 0.030833333333333334
0 0.5142857142857142 0.4370833333333334 0.05857142857142857 0.030833333333333334
0 0.5628571428571428 0.42125 0.05857142857142857 0.030833333333333334
0 0.6271428571428571 0.40625 0.05857142857142857 0.030833333333333334
0 0.6771428571428572 0.41125 0.05857142857142857 0.030833333333333334
0 0.7207142857142858 0.44125000000000003 0.05857142857142857 0.030833333333333334
