0 0.23964285714285713 0.51875 0.06785714285714285 0.035833333333333335
0 0.2960714285714286 0.51625 0.06785714285714285 0.035833333333333335
0 0.3296428571428571 0.4979166666666667 0.06785714285714285 0.035833333333333335
0 0.3775 0.44958333333333333 0.06785714285714285 0.035833333333333335
0 0.4417857142857143 0.4229166666666667 0.06785714285714285 0.035833333333333335
0 0.4932142857142857 0.41875 0.06785714285714285 0.035833333333333335
0 0.5596428571428571 0.42125 0.06785714285714285 0.035833333333333335
0 0.6139285714285714 0.42791666666666667 0.06785714285714285 0.035833333333333335
0 0.6703571428571429 0.41958333333333336 0.06785714285714285 0.035833333333333335
0 0.7417857142857143 0.41708333333333336 0.06785714285714285 0.035833333333333335
0 0.8010714285714285 0.42875 0.06785714285714285 0.035833333333333335
0 0.8567857142857143 0.4320833333333334 0.06785714285714285 0.035833333333333335
0 0.9017857142857143 0.42375 0.06785714285714285 0.035833333333333335
0 0.9467857142857142 0.42875 0.06785714285714285 0.035833333333333335
0 0.9653571428571428 0.43291666666666667 0.06785714285714285 0.035833333333333335
