0 0.03785714285714286 0.31375000000000003 0.07428571428571429 0.030833333333333334
0 0.10178571428571428 0.3191666666666667 0.075 0.03833333333333334
0 0.23107142857142857 0.315 0.075 0.03833333333333334
0 0.1625 0.315 0.075 0.03833333333333334
0 0.3053571428571429 0.3166666666666667 0.075 0.03833333333333334
0 0.36464285714285716 0.3225 0.075 0.03833333333333334
0 0.41964285714285715 0.3325 0.075 0.03833333333333334
0 0.48964285714285716 0.335 0.075 0.03833333333333334
0 0.5603571428571429 0.32666666666666666 0.075 0.03833333333333334
0 0.6182142857142857 0.3225 0.075 0.03833333333333334
0 0.6917857142857143 0.315 0.075 0.03833333333333334
0 0.7367857142857143 0.33083333333333337 0.075 0.03833333333333334
0 0.8060714285714285 0.33666666666666667 0.075 0.03833333333333334
0 0.8703571428571428 0.3375 0.075 0.03833333333333334
0 0.9153571428571429 0.3325 0.075 0.03833333333333334
0 0.9539285714285715 0.32083333333333336 0.075 0.03833333333333334
