0 0.03571428571428571 0.46958333333333335 0.06 0.0175
0 0.05928571428571429 0.4445833333333334 0.06 0.0175
0 0.11285714285714285 0.4229166666666667 0.06 0.0175
0 0.2342857142857143 0.41958333333333336 0.06 0.0175
0 0.3442857142857143 0.40875 0.06 0.0175
0 0.41285714285714287 0.41125 0.06 0.0175
0 0.6585714285714286 0.47125000000000006 0.06 0.0175
0 0.7021428571428572 0.4504166666666667 0.06 0.0175
0 0.7942857142857143 0.4979166666666667 0.06 0.0175
0 0.8514285714285714 0.48458333333333337 0.06 0.0175
0 0.9142857142857143 0.48958333333333337 0.06 0.0175
0 0.9696428571428571 0.48125 0.060714285714285714 0.0175
0 0.7471428571428571 0.47000000000000003 0.025714285714285714 0.028333333333333335
