0 0.2282142857142857 0.43000000000000005 0.07928571428571428 0.025
0 0.11178571428571428 0.4758333333333334 0.04642857142857143 0.03833333333333334
0 0.1625 0.43583333333333335 0.04642857142857143 0.03833333333333334
0 0.3082142857142857 0.42750000000000005 0.04642857142857143 0.03833333333333334
0 0.37142857142857144 0.41625 0.07142857142857142 0.037500000000000006
0 0.4357142857142857 0.41625 0.07142857142857142 0.037500000000000006
0 0.5085714285714286 0.41958333333333336 0.07142857142857142 0.037500000000000006
0 0.52 0.40208333333333335 0.07142857142857142 0.037500000000000006
0 0.5792857142857143 0.41125 0.07142857142857142 0.037500000000000006
0 0.6421428571428571 0.39708333333333334 0.07142857142857142 0.037500000000000006
0 0.7121428571428572 0.40125000000000005 0.07142857142857142 0.037500000000000006
0 0.77 0.41208333333333336 0.07142857142857142 0.037500000000000006
0 0.8392857142857143 0.42208333333333337 0.07142857142857142 0.037500000000000006
0 0.8928571428571429 0.42125 0.07142857142857142 0.037500000000000006
0 0.9364285714285714 0.3904166666666667 0.07142857142857142 0.037500000000000006
0 0.9642857142857143 0.37875000000000003 0.07142857142857142 0.037500000000000006
