0 0.09714285714285714 0.4579166666666667 0.054285714285714284 0.025833333333333337
0 0.14785714285714285 0.44875000000000004 0.054285714285714284 0.025833333333333337
0 0.20857142857142857 0.4370833333333334 0.054285714285714284 0.025833333333333337
0 0.255 0.4179166666666667 0.054285714285714284 0.025833333333333337
0 0.305 0.4179166666666667 0.054285714285714284 0.025833333333333337
0 0.355 0.4395833333333334 0.054285714285714284 0.025833333333333337
0 0.41 0.42875 0.054285714285714284 0.025833333333333337
0 0.49142857142857144 0.39958333333333335 0.054285714285714284 0.025833333333333337
0 0.4707142857142857 0.4345833333333334 0.054285714285714284 0.025833333333333337
0 0.5435714285714286 0.3854166666666667 0.054285714285714284 0.025833333333333337
0 0.6035714285714285 0.3854166666666667 0.054285714285714284 0.025833333333333337
0 0.6528571428571428 0.39958333333333335 0.054285714285714284 0.025833333333333337
0 0.7271428571428571 0.42458333333333337 0.054285714285714284 0.025833333333333337
0 0.7828571428571428 0.43291666666666667 0.054285714285714284 0.025833333333333337
0 0.855 0.4345833333333334 0.054285714285714284 0.025833333333333337
0 0.8257142857142857 0.43375 0.054285714285714284 0.025833333333333337
0 0.8978571428571429 0.43875000000000003 0.054285714285714284 0.025833333333333337
0 0.8978571428571429 0.43875000000000003 0.054285714285714284 0.025833333333333337
0 0.9535714285714286 0.46208333333333335 0.054285714285714284 0.025833333333333337
0 0.9728571428571429 0.4779166666666667 0.054285714285714284 0.025833333333333337
