0 0.054642857142857146 0.48750000000000004 0.06928571428571428 0.025
0 0.12392857142857143 0.48833333333333334 0.06928571428571428 0.025
0 0.18964285714285714 0.4675 0.06928571428571428 0.025
0 0.30892857142857144 0.4575 0.06928571428571428 0.025
0 0.24607142857142858 0.4566666666666667 0.06928571428571428 0.025
0 0.41535714285714287 0.505 0.06928571428571428 0.025
0 0.4825 0.5158333333333334 0.06928571428571428 0.025
0 0.5610714285714286 0.5125000000000001 0.06928571428571428 0.025
0 0.6460714285714285 0.5066666666666667 0.06928571428571428 0.025
0 0.7146428571428571 0.49083333333333334 0.06928571428571428 0.025
0 0.8639285714285714 0.44083333333333335 0.06928571428571428 0.025
0 0.9339285714285714 0.4491666666666667 0.06928571428571428 0.025
0 0.9653571428571428 0.4516666666666667 0.06928571428571428 0.025
0 0.7832142857142858 0.4658333333333334 0.06928571428571428 0.025
