0 0.11678571428571428 0.44125000000000003 0.05785714285714286 0.0425
0 0.14607142857142857 0.43875000000000003 0.05785714285714286 0.0425
0 0.1725 0.4295833333333334 0.05785714285714286 0.0425
0 0.20892857142857144 0.4445833333333334 0.05785714285714286 0.0425
0 0.24964285714285714 0.44875000000000004 0.05785714285714286 0.0425
0 0.29178571428571426 0.44875000000000004 0.05785714285714286 0.0425
0 0.33464285714285713 0.45875000000000005 0.05785714285714286 0.0425
0 0.3767857142857143 0.46708333333333335 0.05785714285714286 0.0425
0 0.4232142857142857 0.47375 0.05785714285714286 0.0425
0 0.48178571428571426 0.4970833333333334 0.05785714285714286 0.0425
0 0.5310714285714285 0.5045833333333334 0.05785714285714286 0.0425
0 0.5689285714285715 0.5120833333333333 0.05785714285714286 0.0425
0 0.6060714285714286 0.5254166666666668 0.05785714285714286 0.0425
