0 0.03428571428571429 0.5145833333333334 0.06714285714285714 0.025833333333333337
0 0.05821428571428571 0.48375 0.06785714285714285 0.025833333333333337
0 0.11892857142857143 0.4970833333333334 0.06785714285714285 0.025833333333333337
0 0.17821428571428571 0.5012500000000001 0.06785714285714285 0.025833333333333337
0 0.22178571428571428 0.47958333333333336 0.06785714285714285 0.025833333333333337
0 0.27535714285714286 0.48375 0.06785714285714285 0.025833333333333337
0 0.33964285714285714 0.4929166666666667 0.06785714285714285 0.025833333333333337
0 0.4067857142857143 0.4970833333333334 0.06785714285714285 0.025833333333333337
0 0.45107142857142857 0.4804166666666667 0.06785714285714285 0.025833333333333337
0 0.5025 0.46458333333333335 0.06785714285714285 0.025833333333333337
0 0.5982142857142857 0.42625 0.06785714285714285 0.025833333333333337
0 0.6696428571428571 0.4454166666666667 0.06785714285714285 0.025833333333333337
0 0.7489285714285714 0.47708333333333336 0.06785714285714285 0.025833333333333337
0 0.8382142857142857 0.4920833333333334 0.06785714285714285 0.025833333333333337
0 0.8875 0.4904166666666667 0.06785714285714285 0.025833333333333337
