0 0.03357142857142857 0.4733333333333334 0.06571428571428571 0.035
0 0.15392857142857141 0.49750000000000005 0.06642857142857143 0.035
0 0.20107142857142857 0.4633333333333334 0.06642857142857143 0.035
0 0.25821428571428573 0.4633333333333334 0.06642857142857143 0.035
0 0.3053571428571429 0.46166666666666667 0.06642857142857143 0.035
0 0.36678571428571427 0.45833333333333337 0.06642857142857143 0.035
0 0.4175 0.46166666666666667 0.06642857142857143 0.035
0 0.4825 0.465 0.06642857142857143 0.035
0 0.5432142857142858 0.4758333333333334 0.06642857142857143 0.035
0 0.5896428571428571 0.48333333333333334 0.06642857142857143 0.035
0 0.6375 0.4758333333333334 0.06642857142857143 0.035
0 0.6917857142857143 0.4683333333333334 0.06642857142857143 0.035
0 0.7396428571428572 0.4658333333333334 0.06642857142857143 0.035
0 0.7875 0.4866666666666667 0.06642857142857143 0.035
0 0.8560714285714286 0.5025000000000001 0.06642857142857143 0.035
0 0.9232142857142858 0.5075000000000001 0.06642857142857143 0.035
0 0.9646428571428571 0.5033333333333334 0.06642857142857143 0.035
