0 0.032857142857142856 0.36041666666666666 0.06 0.03416666666666667
0 0.13785714285714284 0.3529166666666667 0.06 0.03416666666666667
0 0.08928571428571429 0.36125 0.06 0.03416666666666667
0 0.18857142857142858 0.32708333333333334 0.06 0.03416666666666667
0 0.24785714285714286 0.34875 0.06 0.03416666666666667
0 0.3192857142857143 0.36375 0.06 0.03416666666666667
0 0.39285714285714285 0.31125 0.06 0.03416666666666667
0 0.375 0.35875 0.06 0.03416666666666667
0 0.5071428571428571 0.31958333333333333 0.06 0.03416666666666667
0 0.5735714285714286 0.32625000000000004 0.06 0.03416666666666667
0 0.6242857142857143 0.35625 0.06 0.03416666666666667
0 0.7285714285714285 0.4054166666666667 0.06 0.03416666666666667
0 0.79 0.4179166666666667 0.06 0.03416666666666667
0 0.86 0.42125 0.06 0.03416666666666667
0 0.9235714285714286 0.42458333333333337 0.06 0.03416666666666667
0 0.9685714285714285 0.42625 0.06 0.03416666666666667
