0 0.033928571428571426 0.5233333333333333 0.06642857142857143 0.02666666666666667
0 0.09821428571428571 0.5275000000000001 0.06642857142857143 0.02666666666666667
0 0.15464285714285714 0.5383333333333333 0.06642857142857143 0.02666666666666667
0 0.1982142857142857 0.5383333333333333 0.06642857142857143 0.02666666666666667
0 0.2975 0.5025000000000001 0.06642857142857143 0.02666666666666667
0 0.3475 0.4816666666666667 0.06642857142857143 0.02666666666666667
0 0.4182142857142857 0.48583333333333334 0.06642857142857143 0.02666666666666667
0 0.4760714285714286 0.4966666666666667 0.06642857142857143 0.02666666666666667
0 0.5753571428571429 0.5358333333333334 0.06642857142857143 0.02666666666666667
0 0.5453571428571429 0.4891666666666667 0.06642857142857143 0.02666666666666667
0 0.6467857142857143 0.5358333333333334 0.06642857142857143 0.02666666666666667
0 0.7210714285714286 0.515 0.06642857142857143 0.02666666666666667
0 0.7825 0.5225000000000001 0.06642857142857143 0.02666666666666667
0 0.8267857142857142 0.5383333333333333 0.06642857142857143 0.02666666666666667
0 0.9617857142857142 0.5183333333333333 0.06642857142857143 0.02666666666666667
