0 0.065 0.5083333333333334 0.07 0.03166666666666667
0 0.12142857142857143 0.4783333333333334 0.07 0.03166666666666667
0 0.19785714285714287 0.47000000000000003 0.07 0.03166666666666667
0 0.26857142857142857 0.47250000000000003 0.07 0.03166666666666667
0 0.34 0.4708333333333334 0.07 0.03166666666666667
0 0.4057142857142857 0.45833333333333337 0.07 0.03166666666666667
0 0.4607142857142857 0.4683333333333334 0.07 0.03166666666666667
0 0.5485714285714286 0.4766666666666667 0.07 0.03166666666666667
0 0.6121428571428571 0.49750000000000005 0.07 0.03166666666666667
0 0.6942857142857143 0.5316666666666667 0.07 0.03166666666666667
0 0.7628571428571429 0.5433333333333333 0.07 0.03166666666666667
0 0.8285714285714286 0.5366666666666667 0.07 0.03166666666666667
0 0.8964285714285715 0.5408333333333334 0.07 0.03166666666666667
0 0.9378571428571428 0.5416666666666667 0.07 0.03166666666666667
0 0.9635714285714285 0.5541666666666667 0.07 0.03166666666666667
0 0.03535714285714286 0.5408333333333334 0.06928571428571428 0.03166666666666667
