0 0.02892857142857143 0.40958333333333335 0.052142857142857144 0.02416666666666667
0 0.07821428571428571 0.41625 0.052142857142857144 0.02416666666666667
0 0.1667857142857143 0.3929166666666667 0.052142857142857144 0.02416666666666667
0 0.22964285714285715 0.39375000000000004 0.052142857142857144 0.02416666666666667
0 0.28035714285714286 0.3954166666666667 0.052142857142857144 0.02416666666666667
0 0.3360714285714286 0.38458333333333333 0.052142857142857144 0.02416666666666667
0 0.42892857142857144 0.3479166666666667 0.052142857142857144 0.02416666666666667
0 0.48178571428571426 0.36208333333333337 0.052142857142857144 0.02416666666666667
0 0.5517857142857143 0.38708333333333333 0.052142857142857144 0.02416666666666667
0 0.6110714285714286 0.39208333333333334 0.052142857142857144 0.02416666666666667
0 0.7367857142857143 0.4154166666666667 0.052142857142857144 0.02416666666666667
0 0.8260714285714286 0.4354166666666667 0.052142857142857144 0.02416666666666667
0 0.8596428571428572 0.4379166666666667 0.052142857142857144 0.02416666666666667
