0 0.03 0.38833333333333336 0.05 0.030000000000000002
0 0.08142857142857143 0.4033333333333334 0.05 0.030000000000000002
0 0.16857142857142857 0.40166666666666667 0.05 0.030000000000000002
0 0.1357142857142857 0.4025 0.05 0.030000000000000002
0 0.21357142857142858 0.3875 0.05 0.030000000000000002
0 0.2642857142857143 0.37000000000000005 0.05 0.030000000000000002
0 0.31857142857142856 0.36333333333333334 0.05 0.030000000000000002
0 0.375 0.3616666666666667 0.05 0.030000000000000002
0 0.6042857142857143 0.4033333333333334 0.05 0.030000000000000002
0 0.655 0.3916666666666667 0.05 0.030000000000000002
0 0.6978571428571428 0.38 0.05 0.030000000000000002
0 0.7428571428571429 0.39083333333333337 0.05 0.030000000000000002
0 0.7871428571428571 0.38333333333333336 0.05 0.030000000000000002
0 0.8285714285714286 0.37333333333333335 0.05 0.030000000000000002
0 0.88 0.34833333333333333 0.05 0.030000000000000002
0 0.9457142857142857 0.34833333333333333 0.05 0.030000000000000002
0 0.975 0.3666666666666667 0.05 0.030000000000000002
