0 0.03321428571428572 0.47875 0.06357142857142857 0.03916666666666667
0 0.06964285714285715 0.49375 0.06357142857142857 0.03916666666666667
0 0.12321428571428572 0.4904166666666667 0.06357142857142857 0.03916666666666667
0 0.17892857142857144 0.5145833333333334 0.06357142857142857 0.03916666666666667
0 0.23892857142857143 0.5120833333333333 0.06357142857142857 0.03916666666666667
0 0.29464285714285715 0.5129166666666667 0.06357142857142857 0.03916666666666667
0 0.3432142857142857 0.5370833333333334 0.06357142857142857 0.03916666666666667
0 0.3975 0.5429166666666667 0.06357142857142857 0.03916666666666667
0 0.44892857142857145 0.5645833333333333 0.06357142857142857 0.03916666666666667
0 0.5246428571428572 0.5804166666666667 0.06357142857142857 0.03916666666666667
0 0.5846428571428571 0.5870833333333334 0.06357142857142857 0.03916666666666667
0 0.5317857142857143 0.55125 0.06357142857142857 0.03916666666666667
0 0.6125 0.5470833333333334 0.06357142857142857 0.03916666666666667
0 0.6775 0.5445833333333334 0.06357142857142857 0.03916666666666667
0 0.7346428571428572 0.54125 0.06357142857142857 0.03916666666666667
0 0.7382142857142857 0.49625 0.06357142857142857 0.03916666666666667
0 0.8117857142857143 0.5145833333333334 0.06357142857142857 0.03916666666666667
0 0.8767857142857143 0.5095833333333334 0.06357142857142857 0.03916666666666667
0 0.9353571428571429 0.4904166666666667 0.06357142857142857 0.03916666666666667
0 0.9617857142857142 0.49125 0.06357142857142857 0.03916666666666667
0 0.7846428571428572 0.5320833333333334 0.06357142857142857 0.03916666666666667
0 0.5789285714285715 0.5504166666666667 0.06357142857142857 0.03916666666666667
