0 0.04642857142857143 0.5795833333333333 0.04285714285714286 0.03416666666666667
0 0.021785714285714287 0.5879166666666668 0.04214285714285714 0.03416666666666667
0 0.10607142857142857 0.5625 0.07071428571428572 0.03166666666666667
0 0.1767857142857143 0.5616666666666666 0.07071428571428572 0.03166666666666667
0 0.2667857142857143 0.5483333333333333 0.07071428571428572 0.03166666666666667
0 0.3425 0.5475 0.07071428571428572 0.03166666666666667
0 0.4160714285714286 0.5633333333333334 0.07071428571428572 0.03166666666666667
0 0.5153571428571428 0.5816666666666667 0.07071428571428572 0.03166666666666667
0 0.6125 0.5758333333333334 0.07071428571428572 0.03166666666666667
0 0.7046428571428571 0.5758333333333334 0.07071428571428572 0.03166666666666667
0 0.7853571428571429 0.5733333333333334 0.07071428571428572 0.03166666666666667
0 0.8425 0.5616666666666666 0.07071428571428572 0.03166666666666667
0 0.9310714285714285 0.5658333333333334 0.07071428571428572 0.03166666666666667
0 0.8932142857142857 0.5641666666666667 0.07071428571428572 0.03166666666666667
