0 0.036071428571428574 0.5433333333333333 0.07071428571428572 0.03666666666666667
0 0.09785714285714285 0.5183333333333333 0.07142857142857142 0.03666666666666667
0 0.15142857142857144 0.5091666666666667 0.07142857142857142 0.03666666666666667
0 0.21785714285714286 0.5283333333333333 0.07142857142857142 0.03666666666666667
0 0.2735714285714286 0.5333333333333333 0.07142857142857142 0.03666666666666667
0 0.3264285714285714 0.5341666666666667 0.07142857142857142 0.03666666666666667
0 0.39285714285714285 0.5158333333333334 0.07142857142857142 0.03666666666666667
0 0.45285714285714285 0.5025000000000001 0.07142857142857142 0.03666666666666667
0 0.4907142857142857 0.48750000000000004 0.07142857142857142 0.03666666666666667
0 0.5514285714285714 0.4808333333333334 0.07142857142857142 0.03666666666666667
0 0.6435714285714286 0.5083333333333334 0.07142857142857142 0.03666666666666667
0 0.7278571428571429 0.5358333333333334 0.07142857142857142 0.03666666666666667
0 0.8007142857142857 0.52 0.07142857142857142 0.03666666666666667
0 0.8535714285714285 0.5116666666666667 0.07142857142857142 0.03666666666666667
0 0.915 0.49583333333333335 0.07142857142857142 0.03666666666666667
0 0.9639285714285715 0.47500000000000003 0.07214285714285715 0.03666666666666667
