0 0.03214285714285714 0.4704166666666667 0.06285714285714286 0.020833333333333336
0 0.0875 0.45125000000000004 0.06357142857142857 0.020833333333333336
0 0.1625 0.45458333333333334 0.06357142857142857 0.020833333333333336
0 0.23107142857142857 0.4395833333333334 0.06357142857142857 0.020833333333333336
0 0.36892857142857144 0.46458333333333335 0.06357142857142857 0.020833333333333336
0 0.4325 0.48375 0.06357142857142857 0.020833333333333336
0 0.5160714285714286 0.4920833333333334 0.06357142857142857 0.020833333333333336
0 0.6717857142857143 0.45458333333333334 0.06357142857142857 0.020833333333333336
0 0.7325 0.47208333333333335 0.06357142857142857 0.020833333333333336
0 0.8003571428571429 0.47708333333333336 0.06357142857142857 0.020833333333333336
0 0.8725 0.4454166666666667 0.06357142857142857 0.020833333333333336
0 0.9217857142857143 0.42375 0.06357142857142857 0.020833333333333336
0 0.9625 0.4379166666666667 0.06357142857142857 0.020833333333333336
