0 0.10535714285714286 0.5716666666666667 0.07071428571428572 0.028333333333333335
0 0.036071428571428574 0.5441666666666667 0.07071428571428572 0.028333333333333335
0 0.18678571428571428 0.5783333333333334 0.07071428571428572 0.028333333333333335
0 0.31035714285714283 0.5825 0.07071428571428572 0.028333333333333335
0 0.38535714285714284 0.5575 0.07071428571428572 0.028333333333333335
0 0.4675 0.5633333333333334 0.07071428571428572 0.028333333333333335
0 0.5325 0.5633333333333334 0.07071428571428572 0.028333333333333335
0 0.5975 0.5675 0.07071428571428572 0.028333333333333335
0 0.8746428571428572 0.5708333333333334 0.07071428571428572 0.028333333333333335
0 0.9389285714285714 0.5458333333333334 0.07071428571428572 0.028333333333333335
0 0.9646428571428571 0.5533333333333333 0.07071428571428572 0.028333333333333335
