0 0.025714285714285714 0.4341666666666667 0.05 0.028333333333333335
0 0.07107142857142858 0.4516666666666667 0.05071428571428571 0.028333333333333335
0 0.1275 0.44083333333333335 0.05071428571428571 0.028333333333333335
0 0.17821428571428571 0.43750000000000006 0.05071428571428571 0.028333333333333335
0 0.29178571428571426 0.445 0.05071428571428571 0.028333333333333335
0 0.3432142857142857 0.4591666666666667 0.05071428571428571 0.028333333333333335
0 0.3917857142857143 0.4625 0.05071428571428571 0.028333333333333335
0 0.4767857142857143 0.45 0.05071428571428571 0.028333333333333335
0 0.5325 0.4425 0.05071428571428571 0.028333333333333335
0 0.5832142857142857 0.445 0.05071428571428571 0.028333333333333335
0 0.6446428571428572 0.445 0.05071428571428571 0.028333333333333335
0 0.6917857142857143 0.4491666666666667 0.05071428571428571 0.028333333333333335
0 0.7482142857142857 0.4441666666666667 0.05071428571428571 0.028333333333333335
0 0.7875 0.445 0.05071428571428571 0.028333333333333335
0 0.8267857142857142 0.45083333333333336 0.05071428571428571 0.028333333333333335
0 0.8810714285714286 0.4608333333333334 0.05071428571428571 0.028333333333333335
0 0.9696428571428571 0.43750000000000006 0.05071428571428571 0.028333333333333335
0 0.9353571428571429 0.4416666666666667 0.05071428571428571 0.028333333333333335
