0 0.04178571428571429 0.29500000000000004 0.08071428571428571 0.035
0 0.12035714285714286 0.3041666666666667 0.08071428571428571 0.035
0 0.19107142857142856 0.3216666666666667 0.08071428571428571 0.035
0 0.3375 0.3141666666666667 0.08071428571428571 0.035
0 0.4025 0.3191666666666667 0.08071428571428571 0.035
0 0.4903571428571429 0.29500000000000004 0.08071428571428571 0.035
0 0.5939285714285715 0.2891666666666667 0.08071428571428571 0.035
0 0.6710714285714285 0.3091666666666667 0.08071428571428571 0.035
0 0.7510714285714286 0.3275 0.08071428571428571 0.035
0 0.8246428571428571 0.3725 0.08071428571428571 0.035
