0 0.04 0.34750000000000003 0.06428571428571428 0.03666666666666667
0 0.09214285714285714 0.35000000000000003 0.06428571428571428 0.03666666666666667
0 0.15785714285714286 0.3741666666666667 0.06428571428571428 0.03666666666666667
0 0.2342857142857143 0.3841666666666667 0.06428571428571428 0.03666666666666667
0 0.30214285714285716 0.3825 0.06428571428571428 0.03666666666666667
0 0.36428571428571427 0.3725 0.06428571428571428 0.03666666666666667
0 0.4278571428571429 0.37083333333333335 0.06428571428571428 0.03666666666666667
0 0.4785714285714286 0.4 0.06428571428571428 0.03666666666666667
0 0.5421428571428571 0.4041666666666667 0.06428571428571428 0.03666666666666667
0 0.5985714285714285 0.39916666666666667 0.06428571428571428 0.03666666666666667
0 0.65 0.3816666666666667 0.06428571428571428 0.03666666666666667
0 0.6921428571428572 0.39583333333333337 0.06428571428571428 0.03666666666666667
0 0.7414285714285714 0.4141666666666667 0.06428571428571428 0.03666666666666667
0 0.7942857142857143 0.4116666666666667 0.06428571428571428 0.03666666666666667
0 0.8592857142857143 0.4083333333333334 0.06428571428571428 0.03666666666666667
0 0.9185714285714286 0.4066666666666667 0.06428571428571428 0.03666666666666667
0 0.9678571428571429 0.4025 0.06428571428571428 0.03666666666666667
