0 0.028214285714285713 0.3741666666666667 0.055 0.04833333333333334
0 0.06535714285714286 0.39583333333333337 0.055 0.04833333333333334
0 0.11178571428571428 0.4041666666666667 0.055 0.04833333333333334
0 0.1475 0.4041666666666667 0.055 0.04833333333333334
0 0.1975 0.39666666666666667 0.055 0.04833333333333334
0 0.2275 0.43750000000000006 0.055 0.04833333333333334
0 0.26107142857142857 0.44583333333333336 0.055 0.04833333333333334
0 0.3025 0.44333333333333336 0.055 0.04833333333333334
0 0.3417857142857143 0.44083333333333335 0.055 0.04833333333333334
0 0.38107142857142856 0.4391666666666667 0.055 0.04833333333333334
0 0.42464285714285716 0.44333333333333336 0.055 0.04833333333333334
0 0.4632142857142857 0.45583333333333337 0.055 0.04833333333333334
0 0.5053571428571428 0.4525 0.055 0.04833333333333334
0 0.5460714285714285 0.45333333333333337 0.055 0.04833333333333334
0 0.5860714285714286 0.4366666666666667 0.055 0.04833333333333334
0 0.6317857142857143 0.42750000000000005 0.055 0.04833333333333334
0 0.6646428571428571 0.41250000000000003 0.055 0.04833333333333334
0 0.7032142857142857 0.4025 0.055 0.04833333333333334
0 0.7453571428571428 0.4116666666666667 0.055 0.04833333333333334
0 0.7867857142857143 0.4241666666666667 0.055 0.04833333333333334
0 0.8203571428571429 0.42833333333333334 0.055 0.04833333333333334
0 0.8560714285714286 0.43083333333333335 0.055 0.04833333333333334
0 0.8982142857142857 0.4341666666666667 0.055 0.04833333333333334
0 0.9346428571428571 0.42500000000000004 0.055 0.04833333333333334
0 0.9725 0.4116666666666667 0.055 0.04833333333333334
