0 0.041428571428571426 0.5012500000000001 0.07 0.037500000000000006
0 0.11 0.4995833333333334 0.07 0.037500000000000006
0 0.175 0.52125 0.07 0.037500000000000006
0 0.24285714285714285 0.5129166666666667 0.07 0.037500000000000006
0 0.3107142857142857 0.51875 0.07 0.037500000000000006
0 0.37214285714285716 0.51875 0.07 0.037500000000000006
0 0.5021428571428571 0.52875 0.07 0.037500000000000006
0 0.44142857142857145 0.51375 0.07 0.037500000000000006
0 0.5742857142857143 0.53125 0.07 0.037500000000000006
0 0.6435714285714286 0.5329166666666667 0.07 0.037500000000000006
0 0.7107142857142857 0.5329166666666667 0.07 0.037500000000000006
0 0.7885714285714286 0.5554166666666667 0.07 0.037500000000000006
0 0.8442857142857143 0.5445833333333334 0.07 0.037500000000000006
0 0.8992857142857142 0.51125 0.07 0.037500000000000006
0 0.94 0.48208333333333336 0.07 0.037500000000000006
0 0.965 0.49125 0.07 0.037500000000000006
