0 0.025 0.48125 0.04857142857142857 0.02416666666666667
0 0.06107142857142857 0.46708333333333335 0.04928571428571429 0.02416666666666667
0 0.10678571428571429 0.43875000000000003 0.04928571428571429 0.02416666666666667
0 0.2032142857142857 0.4629166666666667 0.04928571428571429 0.02416666666666667
0 0.2367857142857143 0.4979166666666667 0.04928571428571429 0.02416666666666667
0 0.29035714285714287 0.4979166666666667 0.04928571428571429 0.02416666666666667
0 0.3489285714285714 0.48208333333333336 0.04928571428571429 0.02416666666666667
0 0.3975 0.47208333333333335 0.04928571428571429 0.02416666666666667
0 0.43392857142857144 0.46375000000000005 0.04928571428571429 0.02416666666666667
0 0.4860714285714286 0.46708333333333335 0.04928571428571429 0.02416666666666667
0 0.5310714285714285 0.48125 0.04928571428571429 0.02416666666666667
0 0.5696428571428571 0.46708333333333335 0.04928571428571429 0.02416666666666667
0 0.6096428571428572 0.4529166666666667 0.04928571428571429 0.02416666666666667
0 0.6453571428571429 0.45375000000000004 0.04928571428571429 0.02416666666666667
0 0.7010714285714286 0.4754166666666667 0.04928571428571429 0.02416666666666667
