0 0.030714285714285715 0.39 0.06 0.03166666666666667
0 0.08678571428571429 0.3916666666666667 0.060714285714285714 0.03166666666666667
0 0.13892857142857143 0.38 0.060714285714285714 0.03166666666666667
0 0.19678571428571429 0.3841666666666667 0.060714285714285714 0.03166666666666667
0 0.24392857142857144 0.40750000000000003 0.060714285714285714 0.03166666666666667
0 0.3025 0.43583333333333335 0.060714285714285714 0.03166666666666667
0 0.3582142857142857 0.4441666666666667 0.060714285714285714 0.03166666666666667
0 0.4232142857142857 0.4441666666666667 0.060714285714285714 0.03166666666666667
0 0.4832142857142857 0.4425 0.060714285714285714 0.03166666666666667
0 0.5332142857142858 0.43583333333333335 0.060714285714285714 0.03166666666666667
0 0.5775 0.41000000000000003 0.060714285714285714 0.03166666666666667
0 0.6589285714285714 0.40166666666666667 0.060714285714285714 0.03166666666666667
0 0.7253571428571428 0.42000000000000004 0.060714285714285714 0.03166666666666667
0 0.8082142857142857 0.4466666666666667 0.060714285714285714 0.03166666666666667
0 0.8396428571428571 0.4066666666666667 0.060714285714285714 0.03166666666666667
0 0.7567857142857143 0.43750000000000006 0.060714285714285714 0.03166666666666667
0 0.6175 0.40166666666666667 0.060714285714285714 0.03166666666666667
0 0.8896428571428572 0.3875 0.060714285714285714 0.03166666666666667
0 0.9532142857142857 0.3791666666666667 0.060714285714285714 0.03166666666666667
