0 0.2225 0.6775 0.05928571428571429 0.03166666666666667
0 0.2817857142857143 0.6775 0.05928571428571429 0.03166666666666667
0 0.31464285714285717 0.6491666666666667 0.05928571428571429 0.03166666666666667
0 0.34464285714285714 0.5991666666666667 0.04642857142857143 0.05166666666666667
0 0.3892857142857143 0.5520833333333334 0.055714285714285716 0.0475
0 0.45714285714285713 0.4995833333333334 0.055714285714285716 0.0475
0 0.4164285714285714 0.51375 0.055714285714285716 0.0475
0 0.5153571428571428 0.5091666666666667 0.055 0.05333333333333334
0 0.5803571428571429 0.5491666666666667 0.08928571428571429 0.035
0 0.6553571428571429 0.5616666666666666 0.08928571428571429 0.035
0 0.8053571428571429 0.5433333333333333 0.08928571428571429 0.035
0 0.7139285714285715 0.5566666666666668 0.08928571428571429 0.035
0 0.8632142857142857 0.5283333333333333 0.08928571428571429 0.035
0 0.9410714285714286 0.5158333333333334 0.08928571428571429 0.035
0 0.9553571428571429 0.5033333333333334 0.08928571428571429 0.035
