0 0.32285714285714284 0.44833333333333336 0.08285714285714285 0.03666666666666667
0 0.315 0.4675 0.08285714285714285 0.03666666666666667
0 0.44857142857142857 0.4366666666666667 0.08285714285714285 0.03666666666666667
0 0.4007142857142857 0.44 0.08285714285714285 0.03666666666666667
0 0.5178571428571429 0.42250000000000004 0.08285714285714285 0.03666666666666667
0 0.5914285714285714 0.41833333333333333 0.08285714285714285 0.03666666666666667
0 0.6592857142857143 0.42250000000000004 0.08285714285714285 0.03666666666666667
0 0.7428571428571429 0.43500000000000005 0.08285714285714285 0.03666666666666667
0 0.8107142857142857 0.43833333333333335 0.08285714285714285 0.03666666666666667
0 0.8614285714285714 0.4425 0.08285714285714285 0.03666666666666667
0 0.9128571428571428 0.42500000000000004 0.08285714285714285 0.03666666666666667
0 0.9571428571428572 0.39916666666666667 0.08285714285714285 0.03666666666666667
