0 0.04392857142857143 0.4658333333333334 0.075 0.05
0 0.13142857142857142 0.48375 0.08428571428571428 0.0325
0 0.20285714285714285 0.48250000000000004 0.06142857142857143 0.03833333333333334
0 0.25642857142857145 0.4758333333333334 0.06142857142857143 0.03833333333333334
0 0.30357142857142855 0.4758333333333334 0.06142857142857143 0.03833333333333334
0 0.35928571428571426 0.4758333333333334 0.06142857142857143 0.03833333333333334
0 0.4135714285714286 0.4783333333333334 0.06142857142857143 0.03833333333333334
0 0.4714285714285714 0.4658333333333334 0.06142857142857143 0.03833333333333334
0 0.5314285714285715 0.48000000000000004 0.06142857142857143 0.03833333333333334
0 0.59 0.4575 0.06142857142857143 0.03833333333333334
0 0.6657142857142857 0.45 0.06142857142857143 0.03833333333333334
0 0.7514285714285714 0.43083333333333335 0.06142857142857143 0.03833333333333334
0 0.8042857142857143 0.455 0.06142857142857143 0.03833333333333334
0 0.8614285714285714 0.4575 0.06142857142857143 0.03833333333333334
0 0.9321428571428572 0.48833333333333334 0.06142857142857143 0.03833333333333334
0 0.9692857142857143 0.49083333333333334 0.06142857142857143 0.03833333333333334
