0 0.03 0.325 0.05285714285714286 0.03833333333333334
0 0.07285714285714286 0.32833333333333337 0.05285714285714286 0.03833333333333334
0 0.11214285714285714 0.3433333333333334 0.05285714285714286 0.03833333333333334
0 0.155 0.35583333333333333 0.05285714285714286 0.03833333333333334
0 0.21285714285714286 0.3591666666666667 0.05285714285714286 0.03833333333333334
0 0.2571428571428571 0.35500000000000004 0.05285714285714286 0.03833333333333334
0 0.30642857142857144 0.35833333333333334 0.05285714285714286 0.03833333333333334
0 0.4492857142857143 0.36583333333333334 0.05285714285714286 0.03833333333333334
0 0.4835714285714286 0.3641666666666667 0.05285714285714286 0.03833333333333334
0 0.5135714285714286 0.35750000000000004 0.05285714285714286 0.03833333333333334
0 0.5607142857142857 0.3516666666666667 0.05285714285714286 0.03833333333333334
0 0.6071428571428571 0.36250000000000004 0.05285714285714286 0.03833333333333334
0 0.6335714285714286 0.34833333333333333 0.05285714285714286 0.03833333333333334
0 0.6835714285714286 0.33875 0.06285714285714286 0.0425
0 0.7192857142857143 0.32375000000000004 0.06285714285714286 0.0425
0 0.7557142857142857 0.31875000000000003 0.06285714285714286 0.0425
0 0.8092857142857143 0.3279166666666667 0.06285714285714286 0.0425
0 0.8357142857142857 0.34458333333333335 0.06285714285714286 0.0425
0 0.8835714285714286 0.36291666666666667 0.06285714285714286 0.0425
0 0.9242857142857143 0.34708333333333335 0.06285714285714286 0.0425
