0 0.03642857142857143 0.41500000000000004 0.07 0.04833333333333334
0 0.062142857142857146 0.4241666666666667 0.07 0.04833333333333334
0 0.10214285714285715 0.4133333333333334 0.07 0.04833333333333334
0 0.13357142857142856 0.4008333333333334 0.07 0.04833333333333334
0 0.17214285714285715 0.4 0.07 0.04833333333333334
0 0.20642857142857143 0.41000000000000003 0.07 0.04833333333333334
0 0.24857142857142858 0.41833333333333333 0.07 0.04833333333333334
0 0.2885714285714286 0.43583333333333335 0.07 0.04833333333333334
0 0.3242857142857143 0.44833333333333336 0.07 0.04833333333333334
0 0.36357142857142855 0.4416666666666667 0.07 0.04833333333333334
0 0.39571428571428574 0.43000000000000005 0.07 0.04833333333333334
0 0.4442857142857143 0.4091666666666667 0.07 0.04833333333333334
0 0.49214285714285716 0.39916666666666667 0.07 0.04833333333333334
0 0.5285714285714286 0.4025 0.07 0.04833333333333334
0 0.5657142857142857 0.38 0.07 0.04833333333333334
0 0.6628571428571428 0.375 0.07 0.04833333333333334
0 0.68 0.41750000000000004 0.07 0.04833333333333334
0 0.7257142857142858 0.405 0.07 0.04833333333333334
0 0.7671428571428571 0.40166666666666667 0.07 0.04833333333333334
0 0.8128571428571428 0.4041666666666667 0.07 0.04833333333333334
0 0.855 0.39583333333333337 0.07 0.04833333333333334
0 0.9057142857142857 0.39666666666666667 0.07 0.04833333333333334
0 0.9507142857142857 0.4166666666666667 0.07 0.04833333333333334
0 0.965 0.4216666666666667 0.07 0.04833333333333334
