0 0.03642857142857143 0.5 0.06285714285714286 0.035
0 0.10142857142857142 0.47500000000000003 0.06285714285714286 0.035
0 0.5464285714285714 0.515 0.06285714285714286 0.035
0 0.6014285714285714 0.5133333333333334 0.06285714285714286 0.035
0 0.6742857142857143 0.4966666666666667 0.06285714285714286 0.035
0 0.7321428571428571 0.49500000000000005 0.06285714285714286 0.035
0 0.7914285714285715 0.48000000000000004 0.06285714285714286 0.035
0 0.8642857142857143 0.4758333333333334 0.06285714285714286 0.035
0 0.9285714285714286 0.4733333333333334 0.06285714285714286 0.035
0 0.9585714285714285 0.4575 0.06285714285714286 0.035
