0 0.03857142857142857 0.3875 0.06857142857142857 0.05166666666666667
0 0.07285714285714286 0.39416666666666667 0.06857142857142857 0.05166666666666667
0 0.11785714285714285 0.39583333333333337 0.06857142857142857 0.05166666666666667
0 0.16142857142857142 0.38083333333333336 0.06857142857142857 0.05166666666666667
0 0.21 0.3916666666666667 0.06857142857142857 0.05166666666666667
0 0.25142857142857145 0.39916666666666667 0.06857142857142857 0.05166666666666667
0 0.295 0.4041666666666667 0.06857142857142857 0.05166666666666667
0 0.3485714285714286 0.3983333333333334 0.06857142857142857 0.05166666666666667
0 0.385 0.3925 0.06857142857142857 0.05166666666666667
0 0.43214285714285716 0.37583333333333335 0.06857142857142857 0.05166666666666667
0 0.4764285714285714 0.38583333333333336 0.06857142857142857 0.05166666666666667
0 0.5264285714285715 0.4033333333333334 0.06857142857142857 0.05166666666666667
0 0.5721428571428572 0.4191666666666667 0.06857142857142857 0.05166666666666667
0 0.6135714285714285 0.43750000000000006 0.06857142857142857 0.05166666666666667
0 0.6607142857142857 0.45333333333333337 0.06857142857142857 0.05166666666666667
0 0.6971428571428572 0.47750000000000004 0.06857142857142857 0.05166666666666667
