0 0.039285714285714285 0.5691666666666667 0.07142857142857142 0.05
0 0.07642857142857143 0.5766666666666667 0.07142857142857142 0.05
0 0.12214285714285714 0.5716666666666667 0.07142857142857142 0.05
0 0.16642857142857143 0.5566666666666668 0.07142857142857142 0.05
0 0.21642857142857141 0.5441666666666667 0.07142857142857142 0.05
0 0.2592857142857143 0.5616666666666666 0.07142857142857142 0.05
0 0.31642857142857145 0.5808333333333334 0.07142857142857142 0.05
0 0.36214285714285716 0.5975 0.07142857142857142 0.05
0 0.40785714285714286 0.6083333333333334 0.07142857142857142 0.05
0 0.465 0.6166666666666667 0.07142857142857142 0.05
0 0.5142857142857142 0.615 0.07142857142857142 0.05
0 0.5607142857142857 0.6083333333333334 0.07142857142857142 0.05
0 0.6071428571428571 0.6033333333333334 0.07142857142857142 0.05
0 0.6642857142857143 0.6091666666666667 0.07142857142857142 0.05
0 0.7114285714285714 0.615 0.07142857142857142 0.05
0 0.7585714285714286 0.615 0.07142857142857142 0.05
0 0.7957142857142857 0.6075 0.07142857142857142 0.05
0 0.8457142857142858 0.6033333333333334 0.07142857142857142 0.05
