0 0.025357142857142856 0.5883333333333334 0.045 0.04666666666666667
0 0.2625 0.60375 0.07928571428571428 0.04916666666666667
0 0.3117857142857143 0.59125 0.07928571428571428 0.04916666666666667
0 0.3560714285714286 0.5870833333333334 0.07928571428571428 0.04916666666666667
0 0.3975 0.58125 0.07928571428571428 0.04916666666666667
0 0.43535714285714283 0.5670833333333334 0.07928571428571428 0.04916666666666667
0 0.4675 0.5495833333333334 0.07928571428571428 0.04916666666666667
0 0.5053571428571428 0.5395833333333334 0.07928571428571428 0.04916666666666667
0 0.5496428571428571 0.5579166666666667 0.07928571428571428 0.04916666666666667
0 0.6010714285714286 0.56625 0.07928571428571428 0.04916666666666667
0 0.6417857142857143 0.5720833333333334 0.07928571428571428 0.04916666666666667
0 0.6839285714285714 0.57375 0.07928571428571428 0.04916666666666667
0 0.7196428571428571 0.5895833333333333 0.07928571428571428 0.04916666666666667
0 0.7660714285714286 0.5820833333333334 0.07928571428571428 0.04916666666666667
0 0.8089285714285714 0.5779166666666667 0.07928571428571428 0.04916666666666667
0 0.8467857142857143 0.5870833333333334 0.07928571428571428 0.04916666666666667
0 0.8910714285714286 0.5870833333333334 0.07928571428571428 0.04916666666666667
0 0.9246428571428571 0.5820833333333334 0.07928571428571428 0.04916666666666667
0 0.9603571428571429 0.5845833333333333 0.07928571428571428 0.04916666666666667
