0 0.03892857142857143 0.5725 0.07071428571428572 0.045000000000000005
0 0.0675 0.5633333333333334 0.07071428571428572 0.045000000000000005
0 0.11464285714285714 0.5733333333333334 0.07071428571428572 0.045000000000000005
0 0.15535714285714286 0.5791666666666667 0.07071428571428572 0.045000000000000005
0 0.1982142857142857 0.5716666666666667 0.07071428571428572 0.045000000000000005
0 0.2367857142857143 0.5666666666666667 0.07071428571428572 0.045000000000000005
0 0.2839285714285714 0.5775 0.07071428571428572 0.045000000000000005
0 0.32607142857142857 0.5941666666666667 0.07071428571428572 0.045000000000000005
0 0.3610714285714286 0.5750000000000001 0.07071428571428572 0.045000000000000005
0 0.3896428571428571 0.5558333333333334 0.07071428571428572 0.045000000000000005
0 0.42607142857142855 0.5458333333333334 0.07071428571428572 0.045000000000000005
0 0.4660714285714286 0.535 0.07071428571428572 0.045000000000000005
0 0.5003571428571428 0.52 0.07071428571428572 0.045000000000000005
0 0.5439285714285714 0.5216666666666667 0.07071428571428572 0.045000000000000005
0 0.5703571428571429 0.5525 0.07071428571428572 0.045000000000000005
0 0.6110714285714286 0.55 0.07071428571428572 0.045000000000000005
0 0.6560714285714285 0.5483333333333333 0.07071428571428572 0.045000000000000005
0 0.6917857142857143 0.5666666666666667 0.07071428571428572 0.045000000000000005
0 0.7310714285714286 0.5791666666666667 0.07071428571428572 0.045000000000000005
