0 0.04285714285714286 0.4516666666666667 0.07571428571428572 0.04666666666666667
0 0.22857142857142856 0.48333333333333334 0.07571428571428572 0.04666666666666667
0 0.2742857142857143 0.48500000000000004 0.07571428571428572 0.04666666666666667
0 0.30785714285714283 0.4758333333333334 0.07571428571428572 0.04666666666666667
0 0.3464285714285714 0.4741666666666667 0.07571428571428572 0.04666666666666667
0 0.3985714285714286 0.4633333333333334 0.07571428571428572 0.04666666666666667
0 0.43642857142857144 0.4633333333333334 0.07571428571428572 0.04666666666666667
0 0.49214285714285716 0.4608333333333334 0.07571428571428572 0.04666666666666667
0 0.5364285714285715 0.4575 0.07571428571428572 0.04666666666666667
0 0.5814285714285714 0.45583333333333337 0.07571428571428572 0.04666666666666667
0 0.6135714285714285 0.445 0.07571428571428572 0.04666666666666667
0 0.6564285714285715 0.4316666666666667 0.07571428571428572 0.04666666666666667
0 0.7028571428571428 0.4516666666666667 0.07571428571428572 0.04666666666666667
0 0.74 0.4683333333333334 0.07571428571428572 0.04666666666666667
0 0.7857142857142857 0.48000000000000004 0.07571428571428572 0.04666666666666667
0 0.8364285714285714 0.48583333333333334 0.07571428571428572 0.04666666666666667
0 0.8792857142857143 0.48000000000000004 0.07571428571428572 0.04666666666666667
0 0.9064285714285715 0.4675 0.07571428571428572 0.04666666666666667
0 0.9442857142857143 0.4633333333333334 0.07571428571428572 0.04666666666666667
0 0.9621428571428572 0.4633333333333334 0.07571428571428572 0.04666666666666667
