0 0.0375 0.4683333333333334 0.06928571428571428 0.035
0 0.05821428571428571 0.46166666666666667 0.06928571428571428 0.035
0 0.10107142857142858 0.44833333333333336 0.06928571428571428 0.035
0 0.14464285714285716 0.44833333333333336 0.06928571428571428 0.035
0 0.18607142857142858 0.4566666666666667 0.06928571428571428 0.035
0 0.22107142857142856 0.44583333333333336 0.06928571428571428 0.035
0 0.2717857142857143 0.43750000000000006 0.06928571428571428 0.035
0 0.3196428571428571 0.4416666666666667 0.06928571428571428 0.035
0 0.36392857142857143 0.4475 0.06928571428571428 0.035
0 0.4160714285714286 0.4516666666666667 0.06928571428571428 0.035
0 0.45535714285714285 0.4691666666666667 0.06928571428571428 0.035
0 0.49892857142857144 0.47750000000000004 0.06928571428571428 0.035
0 0.5467857142857143 0.47500000000000003 0.06928571428571428 0.035
0 0.5860714285714286 0.4741666666666667 0.06928571428571428 0.035
0 0.6196428571428572 0.4741666666666667 0.06928571428571428 0.035
0 0.6496428571428572 0.465 0.06928571428571428 0.035
0 0.6810714285714285 0.45333333333333337 0.06928571428571428 0.035
0 0.7189285714285715 0.4441666666666667 0.06928571428571428 0.035
0 0.7610714285714286 0.445 0.06928571428571428 0.035
