0 0.14357142857142857 0.57125 0.08285714285714285 0.035833333333333335
0 0.20642857142857143 0.5620833333333334 0.08285714285714285 0.035833333333333335
0 0.33785714285714286 0.5404166666666667 0.08285714285714285 0.035833333333333335
0 0.38642857142857145 0.5587500000000001 0.08285714285714285 0.035833333333333335
0 0.43357142857142855 0.5537500000000001 0.08285714285714285 0.035833333333333335
0 0.47928571428571426 0.5454166666666667 0.08285714285714285 0.035833333333333335
0 0.53 0.5270833333333333 0.08285714285714285 0.035833333333333335
0 0.605 0.52125 0.08285714285714285 0.035833333333333335
0 0.6678571428571428 0.53625 0.08285714285714285 0.035833333333333335
0 0.7214285714285714 0.5420833333333334 0.08285714285714285 0.035833333333333335
0 0.7735714285714286 0.5320833333333334 0.08285714285714285 0.035833333333333335
0 0.8321428571428572 0.5370833333333334 0.08285714285714285 0.035833333333333335
0 0.8964285714285715 0.5379166666666667 0.08285714285714285 0.035833333333333335
