0 0.04357142857142857 0.5241666666666667 0.08142857142857143 0.03666666666666667
0 0.09928571428571428 0.5341666666666667 0.08142857142857143 0.03666666666666667
0 0.2542857142857143 0.5041666666666667 0.08142857142857143 0.03666666666666667
0 0.29928571428571427 0.49333333333333335 0.08142857142857143 0.03666666666666667
0 0.35642857142857143 0.48750000000000004 0.08142857142857143 0.03666666666666667
0 0.4107142857142857 0.48833333333333334 0.08142857142857143 0.03666666666666667
0 0.4707142857142857 0.49250000000000005 0.08142857142857143 0.03666666666666667
0 0.5085714285714286 0.5091666666666667 0.08142857142857143 0.03666666666666667
0 0.5742857142857143 0.5283333333333333 0.08142857142857143 0.03666666666666667
0 0.6307142857142857 0.5333333333333333 0.08142857142857143 0.03666666666666667
0 0.6842857142857143 0.5208333333333334 0.08142857142857143 0.03666666666666667
0 0.7435714285714285 0.5341666666666667 0.08142857142857143 0.03666666666666667
0 0.8028571428571428 0.5266666666666667 0.08142857142857143 0.03666666666666667
0 0.8592857142857143 0.5325000000000001 0.08142857142857143 0.03666666666666667
