0 0.04285714285714286 0.30625 0.07571428571428572 0.037500000000000006
0 0.09571428571428571 0.3154166666666667 0.07571428571428572 0.037500000000000006
0 0.12857142857142856 0.34125 0.07571428571428572 0.037500000000000006
0 0.18214285714285713 0.34708333333333335 0.07571428571428572 0.037500000000000006
0 0.3742857142857143 0.35458333333333336 0.07571428571428572 0.037500000000000006
0 0.4421428571428571 0.35458333333333336 0.07571428571428572 0.037500000000000006
0 0.4928571428571429 0.34625 0.07571428571428572 0.037500000000000006
0 0.5385714285714286 0.3379166666666667 0.07571428571428572 0.037500000000000006
0 0.5864285714285714 0.32708333333333334 0.07571428571428572 0.037500000000000006
0 0.6378571428571429 0.32875000000000004 0.07571428571428572 0.037500000000000006
0 0.6721428571428572 0.3554166666666667 0.07571428571428572 0.037500000000000006
0 0.7792857142857142 0.3954166666666667 0.07571428571428572 0.037500000000000006
