0 0.04357142857142857 0.5145833333333334 0.08 0.037500000000000006
0 0.08 0.51875 0.08 0.037500000000000006
0 0.12285714285714286 0.5229166666666667 0.08 0.037500000000000006
0 0.16142857142857142 0.5270833333333333 0.08 0.037500000000000006
0 0.20285714285714285 0.53125 0.08 0.037500000000000006
0 0.30714285714285716 0.5279166666666667 0.08 0.037500000000000006
0 0.35928571428571426 0.5437500000000001 0.08 0.037500000000000006
0 0.39571428571428574 0.5420833333333334 0.08 0.037500000000000006
0 0.44285714285714284 0.5454166666666667 0.08 0.037500000000000006
0 0.6157142857142857 0.5595833333333333 0.08 0.037500000000000006
0 0.6821428571428572 0.6195833333333334 0.08 0.037500000000000006
