0 0.18821428571428572 0.6012500000000001 0.08785714285714286 0.04416666666666667
0 0.2710714285714286 0.5995833333333334 0.08785714285714286 0.04416666666666667
0 0.3467857142857143 0.5962500000000001 0.08785714285714286 0.04416666666666667
0 0.4117857142857143 0.6029166666666667 0.08785714285714286 0.04416666666666667
0 0.48035714285714287 0.5945833333333334 0.08785714285714286 0.04416666666666667
0 0.5510714285714285 0.5870833333333334 0.08785714285714286 0.04416666666666667
0 0.6217857142857143 0.5729166666666667 0.08785714285714286 0.04416666666666667
0 0.6746428571428571 0.5504166666666667 0.08785714285714286 0.04416666666666667
0 0.7253571428571428 0.5329166666666667 0.08785714285714286 0.04416666666666667
0 0.7717857142857143 0.5054166666666667 0.08785714285714286 0.04416666666666667
0 0.8225 0.46458333333333335 0.08785714285714286 0.04416666666666667
0 0.9053571428571429 0.47125000000000006 0.08785714285714286 0.04416666666666667
0 0.9503571428571429 0.48625 0.08785714285714286 0.04416666666666667
