0 0.2092857142857143 0.4816666666666667 0.07857142857142857 0.030000000000000002
0 0.28214285714285714 0.4541666666666667 0.07857142857142857 0.030000000000000002
0 0.3707142857142857 0.4441666666666667 0.07857142857142857 0.030000000000000002
0 0.4342857142857143 0.41833333333333333 0.07857142857142857 0.030000000000000002
0 0.49857142857142855 0.41000000000000003 0.07857142857142857 0.030000000000000002
0 0.5714285714285714 0.4133333333333334 0.07857142857142857 0.030000000000000002
0 0.6414285714285715 0.4025 0.07857142857142857 0.030000000000000002
0 0.7142857142857143 0.3925 0.07857142857142857 0.030000000000000002
0 0.6342857142857142 0.4191666666666667 0.07857142857142857 0.030000000000000002
0 0.7721428571428571 0.3716666666666667 0.07857142857142857 0.030000000000000002
0 0.8435714285714285 0.375 0.07857142857142857 0.030000000000000002
0 0.9457142857142857 0.3875 0.07857142857142857 0.030000000000000002
