0 0.0325 0.4141666666666667 0.06357142857142857 0.04166666666666667
0 0.09142857142857143 0.4391666666666667 0.07714285714285714 0.03166666666666667
0 0.15785714285714286 0.455 0.07714285714285714 0.03166666666666667
0 0.21571428571428572 0.44 0.07714285714285714 0.03166666666666667
0 0.3 0.4441666666666667 0.07714285714285714 0.03166666666666667
0 0.37785714285714284 0.4425 0.07714285714285714 0.03166666666666667
0 0.44285714285714284 0.4475 0.07714285714285714 0.03166666666666667
0 0.5192857142857142 0.4416666666666667 0.07714285714285714 0.03166666666666667
0 0.5864285714285714 0.43333333333333335 0.07714285714285714 0.03166666666666667
0 0.7064285714285714 0.4566666666666667 0.07714285714285714 0.03166666666666667
0 0.7828571428571428 0.46 0.07714285714285714 0.03166666666666667
0 0.8514285714285714 0.4633333333333334 0.07714285714285714 0.03166666666666667
0 0.9214285714285714 0.4425 0.07714285714285714 0.03166666666666667
0 0.9578571428571429 0.4475 0.07714285714285714 0.03166666666666667
0 0.6457142857142857 0.43500000000000005 0.07714285714285714 0.03166666666666667
