0 0.041428571428571426 0.4429166666666667 0.07 0.0175
0 0.11142857142857143 0.43875000000000003 0.07 0.0175
0 0.18285714285714286 0.45625000000000004 0.07 0.0175
0 0.16142857142857142 0.43625 0.07 0.0175
0 0.24857142857142858 0.44375000000000003 0.07 0.0175
0 0.31 0.46375000000000005 0.07 0.0175
0 0.39 0.47708333333333336 0.07 0.0175
0 0.3107142857142857 0.4404166666666667 0.07 0.0175
0 0.4442857142857143 0.48875 0.07 0.0175
0 0.5203571428571429 0.49583333333333335 0.06642857142857143 0.030000000000000002
0 0.5796428571428571 0.5033333333333334 0.06642857142857143 0.030000000000000002
0 0.6975 0.4783333333333334 0.06642857142857143 0.030000000000000002
0 0.7582142857142857 0.4675 0.06642857142857143 0.030000000000000002
0 0.8417857142857142 0.47000000000000003 0.06642857142857143 0.030000000000000002
0 0.9175 0.45 0.06642857142857143 0.030000000000000002
0 0.9617857142857142 0.4741666666666667 0.06642857142857143 0.030000000000000002
0 0.6382142857142857 0.5291666666666667 0.06642857142857143 0.030000000000000002
0 0.7182142857142857 0.5408333333333334 0.06642857142857143 0.030000000000000002
