0 0.05607142857142857 0.42625 0.09928571428571428 0.04416666666666667
0 0.14107142857142857 0.4445833333333334 0.09928571428571428 0.04416666666666667
0 0.22964285714285715 0.4379166666666667 0.09928571428571428 0.04416666666666667
0 0.3117857142857143 0.4370833333333334 0.09928571428571428 0.04416666666666667
0 0.3960714285714286 0.45958333333333334 0.09928571428571428 0.04416666666666667
0 0.4860714285714286 0.45875000000000005 0.09928571428571428 0.04416666666666667
0 0.5696428571428571 0.45125000000000004 0.09928571428571428 0.04416666666666667
0 0.6660714285714285 0.4420833333333334 0.09928571428571428 0.04416666666666667
0 0.7460714285714286 0.43125 0.09928571428571428 0.04416666666666667
0 0.8289285714285715 0.4579166666666667 0.09928571428571428 0.04416666666666667
0 0.34964285714285714 0.4395833333333334 0.09928571428571428 0.04416666666666667
