0 0.03892857142857143 0.4741666666666667 0.07214285714285715 0.043333333333333335
0 0.07107142857142858 0.47250000000000003 0.07214285714285715 0.043333333333333335
0 0.1125 0.4633333333333334 0.07214285714285715 0.043333333333333335
0 0.1632142857142857 0.4683333333333334 0.07214285714285715 0.043333333333333335
0 0.1982142857142857 0.4633333333333334 0.07214285714285715 0.043333333333333335
0 0.24964285714285714 0.4591666666666667 0.07214285714285715 0.043333333333333335
0 0.2910714285714286 0.4466666666666667 0.07214285714285715 0.043333333333333335
0 0.3475 0.4516666666666667 0.07214285714285715 0.043333333333333335
0 0.38107142857142856 0.43833333333333335 0.07214285714285715 0.043333333333333335
0 0.4210714285714286 0.43083333333333335 0.07214285714285715 0.043333333333333335
0 0.46464285714285714 0.4366666666666667 0.07214285714285715 0.043333333333333335
0 0.5039285714285714 0.4466666666666667 0.07214285714285715 0.043333333333333335
0 0.5517857142857143 0.4566666666666667 0.07214285714285715 0.043333333333333335
0 0.5896428571428571 0.44083333333333335 0.07214285714285715 0.043333333333333335
0 0.6546428571428572 0.44 0.07642857142857143 0.05333333333333334
0 0.7110714285714286 0.44833333333333336 0.07642857142857143 0.05333333333333334
0 0.7589285714285714 0.4766666666666667 0.07642857142857143 0.05333333333333334
0 0.8046428571428571 0.4891666666666667 0.07642857142857143 0.05333333333333334
0 0.8596428571428572 0.48250000000000004 0.07642857142857143 0.05333333333333334
0 0.9253571428571429 0.4891666666666667 0.07642857142857143 0.05333333333333334
0 0.9617857142857142 0.4891666666666667 0.07642857142857143 0.05333333333333334
