0 0.40214285714285714 0.4683333333333334 0.07285714285714286 0.025
0 0.4735714285714286 0.4766666666666667 0.07285714285714286 0.025
0 0.5421428571428571 0.4816666666666667 0.07285714285714286 0.025
0 0.6042857142857143 0.46 0.07285714285714286 0.025
0 0.6764285714285714 0.44333333333333336 0.07285714285714286 0.025
0 0.7471428571428571 0.44333333333333336 0.07285714285714286 0.025
0 0.8057142857142857 0.4266666666666667 0.07285714285714286 0.025
0 0.8585714285714285 0.4025 0.07285714285714286 0.025
0 0.9257142857142857 0.4216666666666667 0.07285714285714286 0.025
0 0.9635714285714285 0.4133333333333334 0.07285714285714286 0.025
