0 0.031785714285714285 0.44125000000000003 0.062142857142857146 0.02416666666666667
0 0.09571428571428571 0.4679166666666667 0.06285714285714286 0.02416666666666667
0 0.17142857142857143 0.4879166666666667 0.06285714285714286 0.02416666666666667
0 0.22642857142857142 0.48208333333333336 0.06285714285714286 0.02416666666666667
0 0.2842857142857143 0.4579166666666667 0.06285714285714286 0.02416666666666667
0 0.34285714285714286 0.44958333333333333 0.06285714285714286 0.02416666666666667
0 0.39785714285714285 0.43125 0.06285714285714286 0.02416666666666667
0 0.44857142857142857 0.41625 0.06285714285714286 0.02416666666666667
0 0.5121428571428571 0.43875000000000003 0.06285714285714286 0.02416666666666667
0 0.5842857142857143 0.45708333333333334 0.06285714285714286 0.02416666666666667
0 0.6514285714285715 0.45875000000000005 0.06285714285714286 0.02416666666666667
0 0.7121428571428572 0.44375000000000003 0.06285714285714286 0.02416666666666667
0 0.7535714285714286 0.43291666666666667 0.06285714285714286 0.02416666666666667
0 0.82 0.45958333333333334 0.06285714285714286 0.02416666666666667
0 0.8935714285714286 0.47208333333333335 0.06285714285714286 0.02416666666666667
0 0.8557142857142858 0.4629166666666667 0.06285714285714286 0.02416666666666667
0 0.9407142857142857 0.4804166666666667 0.06285714285714286 0.02416666666666667
0 0.9685714285714285 0.47208333333333335 0.06285714285714286 0.02416666666666667
