0 0.04428571428571428 0.4791666666666667 0.08714285714285715 0.021666666666666667
0 0.09392857142857143 0.4666666666666667 0.08785714285714286 0.028333333333333335
0 0.18857142857142858 0.48125 0.06428571428571428 0.01916666666666667
0 0.235 0.5020833333333333 0.06428571428571428 0.01916666666666667
0 0.2892857142857143 0.5054166666666667 0.06428571428571428 0.01916666666666667
0 0.3385714285714286 0.5045833333333334 0.06428571428571428 0.01916666666666667
0 0.375 0.48625 0.06428571428571428 0.01916666666666667
0 0.42 0.48875 0.06428571428571428 0.01916666666666667
0 0.4664285714285714 0.49541666666666667 0.06428571428571428 0.01916666666666667
0 0.525 0.49125 0.06428571428571428 0.01916666666666667
0 0.575 0.48125 0.06428571428571428 0.01916666666666667
0 0.6121428571428571 0.4729166666666667 0.06428571428571428 0.01916666666666667
0 0.6621428571428571 0.4854166666666667 0.06428571428571428 0.01916666666666667
0 0.6992857142857143 0.4929166666666667 0.06428571428571428 0.01916666666666667
0 0.7685714285714286 0.4879166666666667 0.06428571428571428 0.01916666666666667
0 0.8214285714285714 0.48708333333333337 0.06428571428571428 0.01916666666666667
0 0.8807142857142857 0.49625 0.06428571428571428 0.01916666666666667
0 0.9207142857142857 0.5070833333333333 0.06428571428571428 0.01916666666666667
0 0.965 0.5329166666666667 0.06285714285714286 0.03416666666666667
