0 0.03642857142857143 0.4466666666666667 0.07 0.02
0 0.08928571428571429 0.42500000000000004 0.07 0.02
0 0.15142857142857144 0.4025 0.07 0.02
0 0.2257142857142857 0.42500000000000004 0.07 0.02
0 0.285 0.445 0.07 0.02
0 0.3442857142857143 0.47000000000000003 0.07 0.02
0 0.4157142857142857 0.465 0.07 0.02
0 0.48714285714285716 0.4866666666666667 0.07 0.02
0 0.55 0.48500000000000004 0.07 0.02
0 0.6071428571428571 0.4766666666666667 0.07 0.02
0 0.675 0.4808333333333334 0.07 0.02
0 0.7528571428571429 0.48500000000000004 0.07 0.02
0 0.8078571428571428 0.4766666666666667 0.07 0.02
0 0.8592857142857143 0.4566666666666667 0.07 0.02
0 0.9171428571428571 0.455 0.07 0.02
0 0.9628571428571429 0.455 0.07 0.02
