0 0.17285714285714285 0.5170833333333333 0.06142857142857143 0.0325
0 0.22285714285714286 0.48875 0.06142857142857143 0.0325
0 0.2692857142857143 0.48458333333333337 0.06142857142857143 0.0325
0 0.2557142857142857 0.3779166666666667 0.06142857142857143 0.0325
0 0.31285714285714283 0.38625000000000004 0.06142857142857143 0.0325
0 0.36 0.39458333333333334 0.06142857142857143 0.0325
0 0.4228571428571429 0.4104166666666667 0.06142857142857143 0.0325
0 0.4928571428571429 0.41375 0.06142857142857143 0.0325
0 0.55 0.41125 0.06142857142857143 0.0325
0 0.6028571428571429 0.40458333333333335 0.06142857142857143 0.0325
0 0.6514285714285715 0.40375000000000005 0.06142857142857143 0.0325
0 0.6978571428571428 0.4104166666666667 0.06142857142857143 0.0325
0 0.7507142857142857 0.40125000000000005 0.06142857142857143 0.0325
0 0.8042857142857143 0.40875 0.06142857142857143 0.0325
0 0.8685714285714285 0.44125000000000003 0.06142857142857143 0.0325
0 0.9028571428571428 0.4370833333333334 0.06142857142857143 0.0325
0 0.9692857142857143 0.4379166666666667 0.06142857142857143 0.0325
