0 0.1457142857142857 0.47000000000000003 0.06428571428571428 0.025
0 0.1992857142857143 0.4783333333333334 0.06428571428571428 0.025
0 0.26785714285714285 0.4808333333333334 0.06428571428571428 0.025
0 0.24214285714285713 0.4491666666666667 0.06428571428571428 0.025
0 0.2985714285714286 0.43250000000000005 0.06428571428571428 0.025
0 0.37 0.39416666666666667 0.06428571428571428 0.025
0 0.3578571428571429 0.42000000000000004 0.06428571428571428 0.025
0 0.41785714285714287 0.4108333333333334 0.06428571428571428 0.025
0 0.48 0.4341666666666667 0.06428571428571428 0.025
0 0.5342857142857143 0.4366666666666667 0.06428571428571428 0.025
0 0.5857142857142857 0.4341666666666667 0.06428571428571428 0.025
0 0.6335714285714286 0.42333333333333334 0.06428571428571428 0.025
0 0.6685714285714286 0.4033333333333334 0.06428571428571428 0.025
0 0.7228571428571429 0.41250000000000003 0.06428571428571428 0.025
0 0.7728571428571429 0.41833333333333333 0.06428571428571428 0.025
0 0.8264285714285714 0.41500000000000004 0.06428571428571428 0.025
0 0.8678571428571429 0.41500000000000004 0.06428571428571428 0.025
0 0.9142857142857143 0.41250000000000003 0.06428571428571428 0.025
0 0.945 0.4066666666666667 0.06428571428571428 0.025
0 0.9678571428571429 0.4025 0.06428571428571428 0.025
