0 0.055 0.49000000000000005 0.08142857142857143 0.021666666666666667
0 0.14 0.45833333333333337 0.08142857142857143 0.021666666666666667
0 0.21928571428571428 0.43583333333333335 0.08142857142857143 0.021666666666666667
0 0.31357142857142856 0.45 0.08142857142857143 0.021666666666666667
0 0.38285714285714284 0.4575 0.08142857142857143 0.021666666666666667
0 0.4764285714285714 0.48333333333333334 0.08142857142857143 0.021666666666666667
0 0.5578571428571428 0.4758333333333334 0.08142857142857143 0.021666666666666667
0 0.6364285714285715 0.4741666666666667 0.08142857142857143 0.021666666666666667
0 0.6835714285714286 0.4741666666666667 0.08142857142857143 0.021666666666666667
0 0.7421428571428571 0.47750000000000004 0.08142857142857143 0.021666666666666667
0 0.8428571428571429 0.4866666666666667 0.08142857142857143 0.021666666666666667
0 0.905 0.4783333333333334 0.08142857142857143 0.021666666666666667
0 0.9321428571428572 0.43833333333333335 0.08142857142857143 0.021666666666666667
0 0.9564285714285714 0.46166666666666667 0.08142857142857143 0.021666666666666667
0 0.8428571428571429 0.44333333333333336 0.08142857142857143 0.021666666666666667
