0 0.035 0.4766666666666667 0.06857142857142857 0.05
0 0.07178571428571429 0.4633333333333334 0.06928571428571428 0.05
0 0.12392857142857143 0.47500000000000003 0.06928571428571428 0.05
0 0.1825 0.4866666666666667 0.06928571428571428 0.05
0 0.23535714285714285 0.4816666666666667 0.06928571428571428 0.05
0 0.2725 0.455 0.06928571428571428 0.05
0 0.3003571428571429 0.43583333333333335 0.06928571428571428 0.05
0 0.3375 0.4166666666666667 0.06928571428571428 0.05
0 0.37107142857142855 0.39916666666666667 0.06928571428571428 0.05
0 0.4067857142857143 0.38833333333333336 0.06928571428571428 0.05
0 0.44392857142857145 0.4 0.06928571428571428 0.05
0 0.4860714285714286 0.4083333333333334 0.06928571428571428 0.05
0 0.5296428571428572 0.4216666666666667 0.06928571428571428 0.05
0 0.5732142857142857 0.4291666666666667 0.06928571428571428 0.05
0 0.6246428571428572 0.4166666666666667 0.06928571428571428 0.05
0 0.6560714285714285 0.39416666666666667 0.06928571428571428 0.05
0 0.6996428571428571 0.385 0.06928571428571428 0.05
0 0.7303571428571428 0.3691666666666667 0.06928571428571428 0.05
0 0.7753571428571429 0.3666666666666667 0.06928571428571428 0.05
0 0.8125 0.3841666666666667 0.06928571428571428 0.05
0 0.8567857142857143 0.4066666666666667 0.06928571428571428 0.05
0 0.9025 0.41500000000000004 0.06928571428571428 0.05
0 0.9546428571428571 0.43250000000000005 0.06928571428571428 0.05
0 0.9653571428571428 0.4466666666666667 0.06928571428571428 0.05
