0 0.36964285714285716 0.40375000000000005 0.085 0.030833333333333334
0 0.4546428571428571 0.41958333333333336 0.085 0.030833333333333334
0 0.24464285714285713 0.3916666666666667 0.06357142857142857 0.028333333333333335
0 0.5382142857142858 0.4179166666666667 0.085 0.030833333333333334
0 0.6182142857142857 0.39875000000000005 0.085 0.030833333333333334
0 0.6889285714285714 0.3929166666666667 0.085 0.030833333333333334
0 0.7553571428571428 0.38958333333333334 0.085 0.030833333333333334
0 0.8232142857142857 0.3804166666666667 0.085 0.030833333333333334
0 0.8960714285714285 0.34375 0.085 0.030833333333333334
0 0.9546428571428571 0.33375000000000005 0.085 0.030833333333333334
