0 0.04 0.5608333333333334 0.07428571428571429 0.035
0 0.105 0.5583333333333333 0.07428571428571429 0.035
0 0.18714285714285714 0.5483333333333333 0.07428571428571429 0.035
0 0.25 0.5508333333333334 0.07428571428571429 0.035
0 0.30642857142857144 0.5366666666666667 0.07428571428571429 0.035
0 0.3607142857142857 0.5308333333333334 0.07428571428571429 0.035
0 0.41214285714285714 0.5291666666666667 0.07428571428571429 0.035
0 0.4607142857142857 0.5208333333333334 0.07428571428571429 0.035
0 0.5207142857142857 0.53 0.07428571428571429 0.035
0 0.5928571428571429 0.5358333333333334 0.07428571428571429 0.035
0 0.6671428571428571 0.5233333333333333 0.07428571428571429 0.035
0 0.7178571428571429 0.5341666666666667 0.07428571428571429 0.035
0 0.7721428571428571 0.5558333333333334 0.07428571428571429 0.035
0 0.8235714285714286 0.5641666666666667 0.07428571428571429 0.035
0 0.8707142857142857 0.5683333333333334 0.07428571428571429 0.035
0 0.93 0.5908333333333333 0.07428571428571429 0.035
0 0.9628571428571429 0.5850000000000001 0.07428571428571429 0.035
