0 0.024642857142857143 0.4216666666666667 0.047857142857142855 0.02666666666666667
0 0.07571428571428572 0.4316666666666667 0.04857142857142857 0.02666666666666667
0 0.12785714285714286 0.43083333333333335 0.04857142857142857 0.02666666666666667
0 0.18142857142857144 0.4216666666666667 0.04857142857142857 0.02666666666666667
0 0.23714285714285716 0.4166666666666667 0.04857142857142857 0.02666666666666667
0 0.2807142857142857 0.41833333333333333 0.04857142857142857 0.02666666666666667
0 0.3457142857142857 0.4266666666666667 0.04857142857142857 0.02666666666666667
0 0.31357142857142856 0.42000000000000004 0.04857142857142857 0.02666666666666667
0 0.39 0.43000000000000005 0.04857142857142857 0.02666666666666667
0 0.45 0.42125 0.07428571428571429 0.03416666666666667
0 0.5107142857142857 0.41375 0.07428571428571429 0.03416666666666667
0 0.5664285714285714 0.4320833333333334 0.07428571428571429 0.03416666666666667
0 0.625 0.4529166666666667 0.07428571428571429 0.03416666666666667
0 0.6814285714285714 0.4395833333333334 0.07428571428571429 0.03416666666666667
0 0.7321428571428571 0.42125 0.07428571428571429 0.03416666666666667
0 0.78 0.4295833333333334 0.07428571428571429 0.03416666666666667
0 0.8457142857142858 0.4179166666666667 0.07428571428571429 0.03416666666666667
0 0.9071428571428571 0.4104166666666667 0.07428571428571429 0.03416666666666667
0 0.9592857142857143 0.4379166666666667 0.07428571428571429 0.03416666666666667
