0 0.053214285714285714 0.3916666666666667 0.07928571428571428 0.02
0 0.10964285714285714 0.3825 0.07928571428571428 0.02
0 0.17107142857142857 0.395 0.07928571428571428 0.02
0 0.24785714285714286 0.4108333333333334 0.06857142857142857 0.016666666666666666
0 0.39285714285714285 0.4541666666666667 0.06857142857142857 0.016666666666666666
0 0.3242857142857143 0.42750000000000005 0.06857142857142857 0.016666666666666666
0 0.5471428571428572 0.4541666666666667 0.06857142857142857 0.016666666666666666
0 0.6107142857142858 0.46416666666666667 0.06857142857142857 0.016666666666666666
0 0.6978571428571428 0.46416666666666667 0.06857142857142857 0.016666666666666666
0 0.775 0.4516666666666667 0.06857142857142857 0.016666666666666666
0 0.8335714285714285 0.4441666666666667 0.06857142857142857 0.016666666666666666
