0 0.15714285714285714 0.45708333333333334 0.04857142857142857 0.015833333333333335
0 0.20357142857142857 0.4379166666666667 0.04857142857142857 0.015833333333333335
0 0.24928571428571428 0.4320833333333334 0.04857142857142857 0.015833333333333335
0 0.2907142857142857 0.4420833333333334 0.04857142857142857 0.015833333333333335
0 0.3271428571428571 0.4504166666666667 0.04857142857142857 0.015833333333333335
0 0.37714285714285717 0.4229166666666667 0.05714285714285714 0.029166666666666667
0 0.42142857142857143 0.4370833333333334 0.05714285714285714 0.029166666666666667
0 0.48428571428571426 0.44375000000000003 0.05714285714285714 0.029166666666666667
0 0.5364285714285715 0.44125000000000003 0.05714285714285714 0.029166666666666667
0 0.5821428571428572 0.4320833333333334 0.05714285714285714 0.029166666666666667
0 0.6371428571428571 0.41875 0.05714285714285714 0.029166666666666667
0 0.6728571428571428 0.40125000000000005 0.05714285714285714 0.029166666666666667
0 0.7042857142857143 0.41125 0.05714285714285714 0.029166666666666667
0 0.7714285714285715 0.4354166666666667 0.05714285714285714 0.029166666666666667
