0 0.031071428571428573 0.4679166666666667 0.05928571428571429 0.037500000000000006
0 0.09178571428571429 0.47208333333333335 0.05928571428571429 0.037500000000000006
0 0.15035714285714286 0.46375000000000005 0.05928571428571429 0.037500000000000006
0 0.19892857142857143 0.4704166666666667 0.05928571428571429 0.037500000000000006
0 0.24964285714285714 0.4754166666666667 0.05928571428571429 0.037500000000000006
0 0.2975 0.48958333333333337 0.05928571428571429 0.037500000000000006
0 0.34535714285714286 0.48708333333333337 0.05928571428571429 0.037500000000000006
0 0.4010714285714286 0.48458333333333337 0.05928571428571429 0.037500000000000006
0 0.4467857142857143 0.48125 0.05928571428571429 0.037500000000000006
0 0.48892857142857143 0.46625000000000005 0.05928571428571429 0.037500000000000006
0 0.5375 0.4704166666666667 0.05928571428571429 0.037500000000000006
0 0.5889285714285715 0.48375 0.05928571428571429 0.037500000000000006
0 0.6325 0.47458333333333336 0.05928571428571429 0.037500000000000006
0 0.6760714285714285 0.46458333333333335 0.05928571428571429 0.037500000000000006
0 0.7125 0.45208333333333334 0.05928571428571429 0.037500000000000006
0 0.7410714285714286 0.45125000000000004 0.05928571428571429 0.037500000000000006
0 0.7839285714285714 0.4554166666666667 0.05928571428571429 0.037500000000000006
0 0.8232142857142857 0.4445833333333334 0.05928571428571429 0.037500000000000006
0 0.8675 0.4529166666666667 0.05928571428571429 0.037500000000000006
0 0.9260714285714285 0.4541666666666667 0.047857142857142855 0.03833333333333334
0 0.9685714285714285 0.4691666666666667 0.05285714285714286 0.04
