0 0.03785714285714286 0.4475 0.04857142857142857 0.023333333333333334
0 0.09571428571428571 0.4541666666666667 0.04857142857142857 0.023333333333333334
0 0.1442857142857143 0.47000000000000003 0.04857142857142857 0.023333333333333334
0 0.25785714285714284 0.4733333333333334 0.04857142857142857 0.023333333333333334
0 0.30357142857142855 0.4766666666666667 0.04857142857142857 0.023333333333333334
0 0.3485714285714286 0.4758333333333334 0.04857142857142857 0.023333333333333334
0 0.4035714285714286 0.48833333333333334 0.04857142857142857 0.023333333333333334
0 0.4564285714285714 0.46416666666666667 0.04857142857142857 0.023333333333333334
0 0.54 0.47500000000000003 0.04857142857142857 0.023333333333333334
0 0.5792857142857143 0.4808333333333334 0.04857142857142857 0.023333333333333334
0 0.5007142857142857 0.4708333333333334 0.04857142857142857 0.023333333333333334
0 0.6342857142857142 0.4991666666666667 0.04857142857142857 0.023333333333333334
0 0.69 0.5166666666666667 0.04857142857142857 0.023333333333333334
