0 0.17892857142857144 0.5633333333333334 0.05785714285714286 0.02
0 0.20035714285714284 0.4966666666666667 0.05785714285714286 0.02
0 0.22464285714285714 0.5533333333333333 0.05785714285714286 0.02
0 0.26035714285714284 0.4966666666666667 0.05785714285714286 0.02
0 0.2875 0.54 0.05785714285714286 0.02
0 0.30464285714285716 0.4991666666666667 0.05785714285714286 0.02
0 0.35535714285714287 0.5225000000000001 0.05785714285714286 0.02
0 0.3525 0.4916666666666667 0.05785714285714286 0.02
0 0.41678571428571426 0.5016666666666667 0.05785714285714286 0.02
0 0.4546428571428571 0.48333333333333334 0.05785714285714286 0.02
0 0.5153571428571428 0.49500000000000005 0.05785714285714286 0.02
0 0.5796428571428571 0.5025000000000001 0.05785714285714286 0.02
0 0.6332142857142857 0.5108333333333334 0.05785714285714286 0.02
0 0.6825 0.5158333333333334 0.05785714285714286 0.02
0 0.7360714285714286 0.515 0.05785714285714286 0.02
0 0.7939285714285714 0.5075000000000001 0.05785714285714286 0.02
0 0.8453571428571428 0.4991666666666667 0.05785714285714286 0.02
0 0.8782142857142857 0.4941666666666667 0.05785714285714286 0.02
0 0.9182142857142858 0.48000000000000004 0.05785714285714286 0.02
0 0.9432142857142857 0.4733333333333334 0.05785714285714286 0.02
0 0.9710714285714286 0.4575 0.05785714285714286 0.02
