0 0.03464285714285714 0.4429166666666667 0.06785714285714285 0.0275
0 0.09857142857142857 0.45125000000000004 0.06857142857142857 0.0275
0 0.15714285714285714 0.4604166666666667 0.06857142857142857 0.0275
0 0.2642857142857143 0.48958333333333337 0.06857142857142857 0.0275
0 0.32071428571428573 0.4704166666666667 0.06857142857142857 0.0275
0 0.3821428571428571 0.4604166666666667 0.06857142857142857 0.0275
0 0.4421428571428571 0.4579166666666667 0.06857142857142857 0.0275
0 0.6014285714285714 0.4729166666666667 0.06857142857142857 0.0275
0 0.7957142857142857 0.4804166666666667 0.06857142857142857 0.0275
0 0.6485714285714286 0.46875000000000006 0.06857142857142857 0.0275
0 0.8492857142857143 0.5054166666666667 0.06857142857142857 0.0275
