0 0.03642857142857143 0.36375 0.07 0.0425
0 0.05714285714285714 0.34958333333333336 0.07 0.0425
0 0.08928571428571429 0.36458333333333337 0.07 0.0425
0 0.12285714285714286 0.38875000000000004 0.07 0.0425
0 0.18428571428571427 0.4004166666666667 0.07 0.0425
0 0.21642857142857141 0.41375 0.07 0.0425
0 0.26 0.4254166666666667 0.07 0.0425
0 0.30857142857142855 0.4429166666666667 0.07 0.0425
0 0.35928571428571426 0.4395833333333334 0.07 0.0425
0 0.4135714285714286 0.43875000000000003 0.07 0.0425
0 0.4514285714285714 0.42791666666666667 0.07 0.0425
0 0.5042857142857143 0.42458333333333337 0.07 0.0425
0 0.5478571428571428 0.4354166666666667 0.07 0.0425
0 0.5978571428571429 0.44625000000000004 0.07 0.0425
0 0.645 0.44875000000000004 0.07 0.0425
0 0.6885714285714286 0.46708333333333335 0.07 0.0425
0 0.49 0.4679166666666667 0.07 0.0425
0 0.5228571428571429 0.47458333333333336 0.07 0.0425
0 0.5757142857142857 0.48375 0.07 0.0425
0 0.6192857142857143 0.5045833333333334 0.07 0.0425
0 0.655 0.5179166666666667 0.07 0.0425
0 0.7014285714285714 0.5387500000000001 0.07 0.0425
0 0.745 0.5529166666666667 0.07 0.0425
0 0.7892857142857143 0.5637500000000001 0.07 0.0425
0 0.8321428571428572 0.5729166666666667 0.07 0.0425
