0 0.03857142857142857 0.4033333333333334 0.06428571428571428 0.02666666666666667
0 0.11071428571428571 0.4 0.06428571428571428 0.02666666666666667
0 0.1692857142857143 0.37583333333333335 0.06428571428571428 0.02666666666666667
0 0.225 0.35083333333333333 0.06428571428571428 0.02666666666666667
0 0.30428571428571427 0.3466666666666667 0.06428571428571428 0.02666666666666667
0 0.36357142857142855 0.35750000000000004 0.06428571428571428 0.02666666666666667
0 0.41 0.37583333333333335 0.06428571428571428 0.02666666666666667
0 0.4635714285714286 0.38333333333333336 0.06428571428571428 0.02666666666666667
0 0.5192857142857142 0.39333333333333337 0.06428571428571428 0.02666666666666667
0 0.5635714285714286 0.3825 0.06428571428571428 0.02666666666666667
0 0.6271428571428571 0.395 0.06428571428571428 0.02666666666666667
0 0.6728571428571428 0.39083333333333337 0.06428571428571428 0.02666666666666667
0 0.7385714285714285 0.39083333333333337 0.06428571428571428 0.02666666666666667
0 0.7921428571428571 0.3925 0.06428571428571428 0.02666666666666667
0 0.8971428571428571 0.3925 0.06428571428571428 0.02666666666666667
0 0.9492857142857143 0.3816666666666667 0.06428571428571428 0.02666666666666667
