0 0.2667857142857143 0.38583333333333336 0.06928571428571428 0.030000000000000002
0 0.3382142857142857 0.3616666666666667 0.06928571428571428 0.030000000000000002
0 0.4010714285714286 0.35250000000000004 0.06928571428571428 0.030000000000000002
0 0.4575 0.3458333333333334 0.06928571428571428 0.030000000000000002
0 0.5010714285714286 0.3375 0.06928571428571428 0.030000000000000002
0 0.5632142857142857 0.3425 0.06928571428571428 0.030000000000000002
0 0.6082142857142857 0.3225 0.06928571428571428 0.030000000000000002
0 0.6675 0.34500000000000003 0.06928571428571428 0.030000000000000002
0 0.7239285714285715 0.3591666666666667 0.06928571428571428 0.030000000000000002
0 0.7725 0.34833333333333333 0.06928571428571428 0.030000000000000002
0 0.8253571428571429 0.33 0.06928571428571428 0.030000000000000002
0 0.8603571428571428 0.33 0.06928571428571428 0.030000000000000002
0 0.9096428571428572 0.3383333333333334 0.06928571428571428 0.030000000000000002
0 0.9496428571428571 0.33916666666666667 0.06928571428571428 0.030000000000000002
0 0.9625 0.35833333333333334 0.06928571428571428 0.030000000000000002
