0 0.053214285714285714 0.42083333333333334 0.04928571428571429 0.030000000000000002
0 0.11535714285714285 0.41250000000000003 0.04928571428571429 0.030000000000000002
0 0.24678571428571427 0.395 0.04928571428571429 0.030000000000000002
0 0.3267857142857143 0.41750000000000004 0.04928571428571429 0.030000000000000002
0 0.3975 0.41250000000000003 0.04928571428571429 0.030000000000000002
0 0.4446428571428571 0.41250000000000003 0.04928571428571429 0.030000000000000002
0 0.7339285714285714 0.4133333333333334 0.04928571428571429 0.030000000000000002
0 0.7717857142857143 0.38 0.04928571428571429 0.030000000000000002
0 0.8332142857142857 0.37333333333333335 0.04928571428571429 0.030000000000000002
0 0.8839285714285714 0.37333333333333335 0.04928571428571429 0.030000000000000002
0 0.9317857142857143 0.375 0.04928571428571429 0.030000000000000002
0 0.9667857142857142 0.3791666666666667 0.04928571428571429 0.030000000000000002
