0 0.041428571428571426 0.5908333333333333 0.05857142857142857 0.028333333333333335
0 0.105 0.5766666666666667 0.05857142857142857 0.028333333333333335
0 0.15642857142857142 0.555 0.05857142857142857 0.028333333333333335
0 0.029642857142857144 0.5900000000000001 0.05785714285714286 0.028333333333333335
0 0.20285714285714285 0.5408333333333334 0.05857142857142857 0.028333333333333335
0 0.26571428571428574 0.5366666666666667 0.05857142857142857 0.028333333333333335
0 0.325 0.5325000000000001 0.05857142857142857 0.028333333333333335
0 0.34285714285714286 0.4816666666666667 0.05857142857142857 0.028333333333333335
0 0.38857142857142857 0.51 0.05857142857142857 0.028333333333333335
0 0.45785714285714285 0.5125000000000001 0.05857142857142857 0.028333333333333335
0 0.43214285714285716 0.5166666666666667 0.05857142857142857 0.028333333333333335
0 0.4857142857142857 0.5366666666666667 0.05857142857142857 0.028333333333333335
0 0.5 0.5125000000000001 0.05857142857142857 0.028333333333333335
0 0.5728571428571428 0.5216666666666667 0.05857142857142857 0.028333333333333335
0 0.5792857142857143 0.5508333333333334 0.05857142857142857 0.028333333333333335
0 0.6192857142857143 0.5091666666666667 0.05857142857142857 0.028333333333333335
0 0.68 0.51 0.05857142857142857 0.028333333333333335
0 0.7285714285714285 0.5116666666666667 0.05857142857142857 0.028333333333333335
0 0.775 0.515 0.05857142857142857 0.028333333333333335
0 0.8328571428571429 0.5291666666666667 0.05857142857142857 0.028333333333333335
0 0.885 0.5308333333333334 0.05857142857142857 0.028333333333333335
0 0.9335714285714286 0.5408333333333334 0.05857142857142857 0.028333333333333335
0 0.9707142857142858 0.5491666666666667 0.05857142857142857 0.028333333333333335
0 0.6628571428571428 0.5683333333333334 0.05857142857142857 0.028333333333333335
0 0.7135714285714285 0.5708333333333334 0.05857142857142857 0.028333333333333335
0 0.7664285714285715 0.5716666666666667 0.05857142857142857 0.028333333333333335
0 0.8214285714285714 0.5700000000000001 0.05857142857142857 0.028333333333333335
0 0.8521428571428571 0.5708333333333334 0.05857142857142857 0.028333333333333335
