0 0.03428571428571429 0.3954166666666667 0.06714285714285714 0.037500000000000006
0 0.0925 0.38458333333333333 0.06785714285714285 0.037500000000000006
0 0.1525 0.38125000000000003 0.06785714285714285 0.037500000000000006
0 0.21678571428571428 0.37625000000000003 0.06785714285714285 0.037500000000000006
0 0.2760714285714286 0.3804166666666667 0.06785714285714285 0.037500000000000006
0 0.3382142857142857 0.38125000000000003 0.06785714285714285 0.037500000000000006
0 0.4075 0.38208333333333333 0.06785714285714285 0.037500000000000006
0 0.4667857142857143 0.37875000000000003 0.06785714285714285 0.037500000000000006
0 0.5146428571428572 0.36125 0.06785714285714285 0.037500000000000006
0 0.5646428571428571 0.35208333333333336 0.06785714285714285 0.037500000000000006
0 0.6275 0.3504166666666667 0.06785714285714285 0.037500000000000006
0 0.6653571428571429 0.35875 0.06785714285714285 0.037500000000000006
0 0.7067857142857142 0.3720833333333334 0.06785714285714285 0.037500000000000006
0 0.7775 0.38375000000000004 0.06785714285714285 0.037500000000000006
0 0.8146428571428571 0.40125000000000005 0.06785714285714285 0.037500000000000006
0 0.8460714285714286 0.42708333333333337 0.06785714285714285 0.037500000000000006
0 0.9039285714285714 0.4816666666666667 0.035 0.055
