0 0.2417857142857143 0.4554166666666667 0.06785714285714285 0.029166666666666667
0 0.14821428571428572 0.50375 0.06785714285714285 0.029166666666666667
0 0.3117857142857143 0.46375000000000005 0.06785714285714285 0.029166666666666667
0 0.3817857142857143 0.45708333333333334 0.06785714285714285 0.029166666666666667
0 0.4425 0.44375000000000003 0.06785714285714285 0.029166666666666667
0 0.5117857142857143 0.45708333333333334 0.06785714285714285 0.029166666666666667
0 0.5567857142857143 0.45708333333333334 0.06785714285714285 0.029166666666666667
0 0.6189285714285714 0.43375 0.06785714285714285 0.029166666666666667
0 0.6817857142857143 0.41125 0.06785714285714285 0.029166666666666667
0 0.7417857142857143 0.40708333333333335 0.06785714285714285 0.029166666666666667
0 0.7760714285714285 0.3554166666666667 0.06785714285714285 0.029166666666666667
0 0.8467857142857143 0.3504166666666667 0.06785714285714285 0.029166666666666667
