0 0.037142857142857144 0.4029166666666667 0.05857142857142857 0.0325
0 0.1 0.38958333333333334 0.05857142857142857 0.0325
0 0.17142857142857143 0.38708333333333333 0.05857142857142857 0.0325
0 0.2292857142857143 0.3854166666666667 0.05857142857142857 0.0325
0 0.2885714285714286 0.36541666666666667 0.05857142857142857 0.0325
0 0.3407142857142857 0.36041666666666666 0.05857142857142857 0.0325
0 0.3942857142857143 0.36041666666666666 0.05857142857142857 0.0325
0 0.44571428571428573 0.3754166666666667 0.05857142857142857 0.0325
0 0.495 0.38625000000000004 0.05857142857142857 0.0325
0 0.5657142857142857 0.40208333333333335 0.05857142857142857 0.0325
0 0.6164285714285714 0.41708333333333336 0.05857142857142857 0.0325
0 0.6792857142857143 0.41375 0.05857142857142857 0.0325
0 0.7464285714285714 0.4154166666666667 0.05857142857142857 0.0325
0 0.7835714285714286 0.4104166666666667 0.05857142857142857 0.0325
0 0.8485714285714285 0.41458333333333336 0.05857142857142857 0.0325
0 0.8742857142857143 0.43125 0.05857142857142857 0.0325
0 0.9535714285714286 0.5104166666666667 0.05857142857142857 0.0325
