0 0.12035714285714286 0.3433333333333334 0.08071428571428571 0.02666666666666667
0 0.0475 0.35833333333333334 0.08071428571428571 0.02666666666666667
0 0.19535714285714287 0.32583333333333336 0.08071428571428571 0.02666666666666667
0 0.26607142857142857 0.29833333333333334 0.08071428571428571 0.02666666666666667
0 0.3603571428571429 0.31083333333333335 0.08071428571428571 0.02666666666666667
0 0.45035714285714284 0.32666666666666666 0.08071428571428571 0.02666666666666667
0 0.5110714285714286 0.3125 0.08071428571428571 0.02666666666666667
0 0.5775 0.3141666666666667 0.08071428571428571 0.02666666666666667
0 0.6389285714285714 0.32333333333333336 0.08071428571428571 0.02666666666666667
0 0.7082142857142857 0.3425 0.08071428571428571 0.02666666666666667
0 0.7803571428571429 0.3516666666666667 0.08071428571428571 0.02666666666666667
0 0.8646428571428572 0.3616666666666667 0.08071428571428571 0.02666666666666667
0 0.9246428571428571 0.38333333333333336 0.08071428571428571 0.02666666666666667
0 0.9596428571428571 0.3916666666666667 0.08071428571428571 0.02666666666666667
