0 0.22464285714285714 0.5775 0.07642857142857143 0.030000000000000002
0 0.2739285714285714 0.5475 0.07642857142857143 0.030000000000000002
0 0.34535714285714286 0.545 0.07642857142857143 0.030000000000000002
0 0.4125 0.5516666666666667 0.07642857142857143 0.030000000000000002
0 0.4967857142857143 0.5616666666666666 0.07642857142857143 0.030000000000000002
0 0.5596428571428571 0.5616666666666666 0.07642857142857143 0.030000000000000002
0 0.6317857142857143 0.5650000000000001 0.07642857142857143 0.030000000000000002
0 0.6975 0.5641666666666667 0.07642857142857143 0.030000000000000002
0 0.7625 0.555 0.07642857142857143 0.030000000000000002
0 0.8053571428571429 0.5325000000000001 0.07642857142857143 0.030000000000000002
0 0.8667857142857143 0.5433333333333333 0.07642857142857143 0.030000000000000002
0 0.9267857142857143 0.5508333333333334 0.07642857142857143 0.030000000000000002
0 0.9617857142857142 0.555 0.07642857142857143 0.030000000000000002
