0 0.03892857142857143 0.5975 0.07642857142857143 0.045000000000000005
0 0.06142857142857143 0.5883333333333334 0.07714285714285714 0.045000000000000005
0 0.09142857142857143 0.5808333333333334 0.07714285714285714 0.045000000000000005
0 0.12 0.5858333333333333 0.07714285714285714 0.045000000000000005
0 0.15428571428571428 0.5791666666666667 0.07714285714285714 0.045000000000000005
0 0.17785714285714285 0.5700000000000001 0.07714285714285714 0.045000000000000005
0 0.21785714285714286 0.5633333333333334 0.07714285714285714 0.045000000000000005
0 0.26571428571428574 0.5583333333333333 0.07714285714285714 0.045000000000000005
0 0.30642857142857144 0.5558333333333334 0.07714285714285714 0.045000000000000005
0 0.3414285714285714 0.555 0.07714285714285714 0.045000000000000005
0 0.37285714285714283 0.5375000000000001 0.07714285714285714 0.045000000000000005
0 0.40714285714285714 0.5275000000000001 0.07714285714285714 0.045000000000000005
0 0.44642857142857145 0.5266666666666667 0.07714285714285714 0.045000000000000005
0 0.49142857142857144 0.5275000000000001 0.07714285714285714 0.045000000000000005
0 0.53 0.5358333333333334 0.07714285714285714 0.045000000000000005
0 0.5792857142857143 0.545 0.07714285714285714 0.045000000000000005
0 0.6178571428571429 0.56 0.07714285714285714 0.045000000000000005
0 0.6635714285714286 0.5725 0.07714285714285714 0.045000000000000005
0 0.7042857142857143 0.5766666666666667 0.07714285714285714 0.045000000000000005
0 0.7621428571428571 0.5858333333333333 0.07714285714285714 0.045000000000000005
0 0.8028571428571428 0.5766666666666667 0.07714285714285714 0.045000000000000005
0 0.8542857142857143 0.5791666666666667 0.07714285714285714 0.045000000000000005
0 0.8985714285714286 0.5708333333333334 0.07714285714285714 0.045000000000000005
0 0.9471428571428572 0.56 0.07714285714285714 0.045000000000000005
0 0.9614285714285714 0.5541666666666667 0.07714285714285714 0.045000000000000005
