0 0.26535714285714285 0.5108333333333334 0.05071428571428571 0.03166666666666667
0 0.33107142857142857 0.5108333333333334 0.05071428571428571 0.03166666666666667
0 0.3867857142857143 0.49500000000000005 0.05071428571428571 0.03166666666666667
0 0.4667857142857143 0.49750000000000005 0.05071428571428571 0.03166666666666667
0 0.5289285714285714 0.5033333333333334 0.05071428571428571 0.03166666666666667
0 0.5617857142857143 0.5108333333333334 0.05071428571428571 0.03166666666666667
0 0.6917857142857143 0.5025000000000001 0.05071428571428571 0.03166666666666667
0 0.8446428571428571 0.4766666666666667 0.05071428571428571 0.03166666666666667
0 0.8967857142857143 0.4716666666666667 0.05071428571428571 0.03166666666666667
0 0.9396428571428571 0.4675 0.05071428571428571 0.03166666666666667
