0 0.03321428571428572 0.5695833333333333 0.060714285714285714 0.020833333333333336
0 0.08107142857142857 0.5595833333333333 0.060714285714285714 0.020833333333333336
0 0.11464285714285714 0.5437500000000001 0.060714285714285714 0.020833333333333336
0 0.1632142857142857 0.55125 0.060714285714285714 0.020833333333333336
0 0.20464285714285715 0.56125 0.060714285714285714 0.020833333333333336
0 0.2517857142857143 0.56625 0.060714285714285714 0.020833333333333336
0 0.2953571428571429 0.5595833333333333 0.060714285714285714 0.020833333333333336
0 0.3425 0.5429166666666667 0.060714285714285714 0.020833333333333336
0 0.39321428571428574 0.5304166666666666 0.060714285714285714 0.020833333333333336
0 0.43964285714285717 0.54125 0.060714285714285714 0.020833333333333336
0 0.47464285714285714 0.55125 0.060714285714285714 0.020833333333333336
0 0.5375 0.5579166666666667 0.060714285714285714 0.020833333333333336
0 0.5896428571428571 0.5587500000000001 0.060714285714285714 0.020833333333333336
0 0.6410714285714286 0.5554166666666667 0.060714285714285714 0.020833333333333336
0 0.6896428571428571 0.55125 0.060714285714285714 0.020833333333333336
0 0.7182142857142857 0.5379166666666667 0.060714285714285714 0.020833333333333336
0 0.7610714285714286 0.52875 0.060714285714285714 0.020833333333333336
0 0.8017857142857143 0.52625 0.060714285714285714 0.020833333333333336
0 0.8475 0.5437500000000001 0.060714285714285714 0.020833333333333336
0 0.8853571428571428 0.5370833333333334 0.060714285714285714 0.020833333333333336
0 0.9046428571428572 0.5379166666666667 0.060714285714285714 0.020833333333333336
0 0.9696428571428571 0.5504166666666667 0.060714285714285714 0.020833333333333336
