0 0.2092857142857143 0.5354166666666667 0.055714285714285716 0.02416666666666667
0 0.15642857142857142 0.5370833333333334 0.055714285714285716 0.02416666666666667
0 0.26142857142857145 0.5554166666666667 0.055714285714285716 0.02416666666666667
0 0.32071428571428573 0.5654166666666667 0.055714285714285716 0.02416666666666667
0 0.37285714285714283 0.5687500000000001 0.055714285714285716 0.02416666666666667
0 0.4257142857142857 0.5779166666666667 0.055714285714285716 0.02416666666666667
0 0.4785714285714286 0.58125 0.055714285714285716 0.02416666666666667
0 0.5435714285714286 0.5870833333333334 0.055714285714285716 0.02416666666666667
0 0.6135714285714285 0.5870833333333334 0.055714285714285716 0.02416666666666667
0 0.6735714285714286 0.5820833333333334 0.055714285714285716 0.02416666666666667
0 0.7285714285714285 0.5729166666666667 0.055714285714285716 0.02416666666666667
0 0.77 0.5637500000000001 0.055714285714285716 0.02416666666666667
0 0.595 0.5004166666666667 0.055714285714285716 0.02416666666666667
0 0.5285714285714286 0.5070833333333333 0.055714285714285716 0.02416666666666667
0 0.2742857142857143 0.5245833333333334 0.055714285714285716 0.02416666666666667
0 0.6592857142857143 0.5104166666666667 0.055714285714285716 0.02416666666666667
0 0.7235714285714285 0.5245833333333334 0.055714285714285716 0.02416666666666667
0 0.7892857142857143 0.54625 0.055714285714285716 0.02416666666666667
0 0.8464285714285714 0.5654166666666667 0.055714285714285716 0.02416666666666667
0 0.8971428571428571 0.5604166666666667 0.055714285714285716 0.02416666666666667
0 0.9564285714285714 0.55125 0.055714285714285716 0.02416666666666667
0 0.9657142857142857 0.54125 0.055714285714285716 0.02416666666666667
