0 0.3053571428571429 0.4666666666666667 0.08214285714285714 0.02666666666666667
0 0.3610714285714286 0.44083333333333335 0.08214285714285714 0.02666666666666667
0 0.43964285714285717 0.44 0.08214285714285714 0.02666666666666667
0 0.5117857142857143 0.4266666666666667 0.08214285714285714 0.02666666666666667
0 0.5832142857142857 0.4216666666666667 0.08214285714285714 0.02666666666666667
0 0.6475 0.42250000000000004 0.08214285714285714 0.02666666666666667
0 0.7303571428571428 0.43750000000000006 0.08214285714285714 0.02666666666666667
0 0.8167857142857143 0.4491666666666667 0.08214285714285714 0.02666666666666667
0 0.8753571428571428 0.4475 0.08214285714285714 0.02666666666666667
0 0.9292857142857143 0.41000000000000003 0.04285714285714286 0.043333333333333335
0 0.965 0.39666666666666667 0.04285714285714286 0.043333333333333335
