0 0.17 0.65 0.06714285714285714 0.028333333333333335
0 0.22214285714285714 0.6275000000000001 0.06714285714285714 0.028333333333333335
0 0.2842857142857143 0.61 0.06714285714285714 0.028333333333333335
0 0.3435714285714286 0.6000000000000001 0.06714285714285714 0.028333333333333335
0 0.51 0.5633333333333334 0.06714285714285714 0.028333333333333335
0 0.4042857142857143 0.5983333333333334 0.06714285714285714 0.028333333333333335
0 0.4614285714285714 0.5858333333333333 0.06714285714285714 0.028333333333333335
0 0.5792857142857143 0.5441666666666667 0.06714285714285714 0.028333333333333335
0 0.6357142857142857 0.5458333333333334 0.06714285714285714 0.028333333333333335
0 0.69 0.5583333333333333 0.06714285714285714 0.028333333333333335
0 0.7514285714285714 0.5575 0.06714285714285714 0.028333333333333335
0 0.8121428571428572 0.5658333333333334 0.06714285714285714 0.028333333333333335
0 0.8757142857142857 0.5741666666666667 0.06714285714285714 0.028333333333333335
0 0.925 0.5816666666666667 0.06714285714285714 0.028333333333333335
0 0.9628571428571429 0.5883333333333334 0.06714285714285714 0.028333333333333335
0 0.7942857142857143 0.6091666666666667 0.06714285714285714 0.028333333333333335
0 0.865 0.6216666666666667 0.06714285714285714 0.028333333333333335
0 0.9414285714285714 0.6308333333333334 0.06714285714285714 0.028333333333333335
0 0.9664285714285714 0.6308333333333334 0.06714285714285714 0.028333333333333335
