0 0.14392857142857143 0.52 0.05928571428571429 0.018333333333333333
0 0.17607142857142857 0.4941666666666667 0.05928571428571429 0.018333333333333333
0 0.21392857142857144 0.4666666666666667 0.05928571428571429 0.018333333333333333
0 0.2817857142857143 0.43833333333333335 0.05928571428571429 0.018333333333333333
0 0.35035714285714287 0.4366666666666667 0.05928571428571429 0.018333333333333333
0 0.40535714285714286 0.4216666666666667 0.05928571428571429 0.018333333333333333
0 0.45357142857142857 0.42875 0.055714285714285716 0.022500000000000003
0 0.505 0.4479166666666667 0.055714285714285716 0.022500000000000003
0 0.5464285714285714 0.4370833333333334 0.055714285714285716 0.022500000000000003
0 0.5878571428571429 0.42125 0.055714285714285716 0.022500000000000003
0 0.63 0.4154166666666667 0.055714285714285716 0.022500000000000003
0 0.685 0.42375 0.055714285714285716 0.022500000000000003
0 0.7521428571428571 0.41625 0.055714285714285716 0.022500000000000003
0 0.8135714285714286 0.42791666666666667 0.055714285714285716 0.022500000000000003
0 0.8728571428571429 0.42875 0.055714285714285716 0.022500000000000003
0 0.9114285714285715 0.41625 0.055714285714285716 0.022500000000000003
0 0.9492857142857143 0.41958333333333336 0.055714285714285716 0.022500000000000003
0 0.9678571428571429 0.4104166666666667 0.055714285714285716 0.022500000000000003
