0 0.04071428571428572 0.5579166666666667 0.08 0.0425
0 0.08142857142857143 0.5495833333333334 0.08 0.0425
0 0.12857142857142856 0.5479166666666667 0.08 0.0425
0 0.17214285714285715 0.5395833333333334 0.08 0.0425
0 0.2092857142857143 0.53125 0.08 0.0425
0 0.24428571428571427 0.5204166666666667 0.08 0.0425
0 0.29 0.5220833333333333 0.08 0.0425
0 0.32785714285714285 0.5104166666666667 0.08 0.0425
0 0.36857142857142855 0.49625 0.08 0.0425
0 0.41214285714285714 0.4945833333333334 0.08 0.0425
0 0.45357142857142857 0.50875 0.08 0.0425
0 0.505 0.5195833333333334 0.08 0.0425
0 0.5607142857142857 0.5295833333333334 0.08 0.0425
0 0.6057142857142858 0.5220833333333333 0.08 0.0425
0 0.6578571428571428 0.5154166666666667 0.08 0.0425
0 0.7107142857142857 0.5070833333333333 0.08 0.0425
0 0.7442857142857143 0.4920833333333334 0.08 0.0425
0 0.8021428571428572 0.4804166666666667 0.08 0.0425
0 0.8578571428571429 0.4920833333333334 0.08 0.0425
0 0.8964285714285715 0.47875 0.08 0.0425
0 0.9471428571428572 0.4854166666666667 0.08 0.0425
0 0.96 0.49375 0.08 0.0425
