0 0.046785714285714285 0.4166666666666667 0.07928571428571428 0.02666666666666667
0 0.15964285714285714 0.4083333333333334 0.07928571428571428 0.02666666666666667
0 0.2317857142857143 0.4025 0.07928571428571428 0.02666666666666667
0 0.30464285714285716 0.39333333333333337 0.07928571428571428 0.02666666666666667
0 0.37035714285714283 0.3775 0.07928571428571428 0.02666666666666667
0 0.4382142857142857 0.3925 0.07928571428571428 0.02666666666666667
0 0.4982142857142857 0.41500000000000004 0.07928571428571428 0.02666666666666667
0 0.6617857142857143 0.4166666666666667 0.07928571428571428 0.02666666666666667
0 0.7267857142857143 0.395 0.07928571428571428 0.02666666666666667
0 0.7360714285714286 0.4108333333333334 0.07928571428571428 0.02666666666666667
0 0.7896428571428571 0.3983333333333334 0.07928571428571428 0.02666666666666667
0 0.8467857142857143 0.38083333333333336 0.07928571428571428 0.02666666666666667
0 0.8925 0.36500000000000005 0.07928571428571428 0.02666666666666667
0 0.9489285714285715 0.36750000000000005 0.07928571428571428 0.02666666666666667
