0 0.03642857142857143 0.42708333333333337 0.07142857142857142 0.030833333333333334
0 0.09964285714285714 0.4104166666666667 0.07214285714285715 0.030833333333333334
0 0.15964285714285714 0.4204166666666667 0.07214285714285715 0.030833333333333334
0 0.21464285714285714 0.4420833333333334 0.07214285714285715 0.030833333333333334
0 0.2825 0.4429166666666667 0.07214285714285715 0.030833333333333334
0 0.3317857142857143 0.40375000000000005 0.07214285714285715 0.030833333333333334
0 0.39107142857142857 0.3720833333333334 0.07214285714285715 0.030833333333333334
0 0.4732142857142857 0.3670833333333334 0.07214285714285715 0.030833333333333334
0 0.5396428571428571 0.3695833333333334 0.07214285714285715 0.030833333333333334
0 0.4325 0.36875 0.07214285714285715 0.030833333333333334
0 0.41892857142857143 0.4470833333333334 0.07214285714285715 0.030833333333333334
0 0.4975 0.4554166666666667 0.07214285714285715 0.030833333333333334
0 0.5817857142857142 0.44375000000000003 0.07214285714285715 0.030833333333333334
0 0.6010714285714286 0.38625000000000004 0.07214285714285715 0.030833333333333334
0 0.6839285714285714 0.40125000000000005 0.07214285714285715 0.030833333333333334
0 0.6289285714285714 0.45208333333333334 0.07214285714285715 0.030833333333333334
0 0.7110714285714286 0.45958333333333334 0.07214285714285715 0.030833333333333334
0 0.7746428571428572 0.44375000000000003 0.07214285714285715 0.030833333333333334
0 0.8310714285714286 0.42875 0.07214285714285715 0.030833333333333334
0 0.8996428571428572 0.41958333333333336 0.07214285714285715 0.030833333333333334
0 0.9296428571428571 0.4295833333333334 0.07214285714285715 0.030833333333333334
0 0.6353571428571428 0.39958333333333335 0.07214285714285715 0.030833333333333334
