0 0.1742857142857143 0.42833333333333334 0.1 0.043333333333333335
0 0.24214285714285713 0.43250000000000005 0.1 0.043333333333333335
0 0.3292857142857143 0.4316666666666667 0.1 0.043333333333333335
0 0.4092857142857143 0.42250000000000004 0.1 0.043333333333333335
0 0.49357142857142855 0.38583333333333336 0.1 0.043333333333333335
0 0.57 0.4041666666666667 0.1 0.043333333333333335
0 0.6635714285714286 0.44833333333333336 0.1 0.043333333333333335
0 0.7528571428571429 0.46 0.1 0.043333333333333335
0 0.8442857142857143 0.46 0.1 0.043333333333333335
0 0.9378571428571428 0.4425 0.1 0.043333333333333335
