0 0.041428571428571426 0.42833333333333334 0.07428571428571429 0.04166666666666667
0 0.11857142857142858 0.43333333333333335 0.07428571428571429 0.04166666666666667
0 0.20642857142857143 0.45 0.07428571428571429 0.04166666666666667
0 0.155 0.4441666666666667 0.07428571428571429 0.04166666666666667
0 0.27214285714285713 0.45333333333333337 0.07428571428571429 0.04166666666666667
0 0.3464285714285714 0.4575 0.07428571428571429 0.04166666666666667
0 0.41 0.4416666666666667 0.07428571428571429 0.04166666666666667
0 0.46714285714285714 0.42000000000000004 0.07428571428571429 0.04166666666666667
0 0.535 0.4166666666666667 0.07428571428571429 0.04166666666666667
0 0.5821428571428572 0.44583333333333336 0.07428571428571429 0.04166666666666667
0 0.6264285714285714 0.4783333333333334 0.07428571428571429 0.04166666666666667
0 0.6771428571428572 0.5175000000000001 0.07428571428571429 0.04166666666666667
0 0.7585714285714286 0.5683333333333334 0.07428571428571429 0.04166666666666667
0 0.8107142857142857 0.5983333333333334 0.07428571428571429 0.04166666666666667
0 0.89 0.6558333333333334 0.07428571428571429 0.04166666666666667
0 0.9542857142857143 0.6333333333333334 0.07428571428571429 0.04166666666666667
