0 0.033928571428571426 0.40708333333333335 0.052142857142857144 0.015833333333333335
0 0.09035714285714286 0.3954166666666667 0.052142857142857144 0.015833333333333335
0 0.11678571428571428 0.3429166666666667 0.052142857142857144 0.015833333333333335
0 0.19 0.3379166666666667 0.07285714285714286 0.0275
0 0.2621428571428571 0.34208333333333335 0.07285714285714286 0.0275
0 0.32571428571428573 0.3504166666666667 0.07285714285714286 0.0275
0 0.40214285714285714 0.36791666666666667 0.07285714285714286 0.0275
0 0.4642857142857143 0.3904166666666667 0.07285714285714286 0.0275
0 0.5335714285714286 0.41125 0.07285714285714286 0.0275
0 0.5835714285714285 0.39375000000000004 0.07285714285714286 0.0275
0 0.635 0.37875000000000003 0.07285714285714286 0.0275
0 0.6842857142857143 0.37375 0.07285714285714286 0.0275
0 0.7214285714285714 0.39875000000000005 0.07285714285714286 0.0275
0 0.7814285714285715 0.4029166666666667 0.07285714285714286 0.0275
0 0.855 0.41875 0.07285714285714286 0.0275
0 0.9628571428571429 0.41375 0.07285714285714286 0.0275
0 0.9078571428571428 0.4229166666666667 0.07285714285714286 0.0275
