0 0.11214285714285714 0.36208333333333337 0.06142857142857143 0.03916666666666667
0 0.24 0.38375000000000004 0.06142857142857143 0.03916666666666667
0 0.3025 0.385 0.05928571428571429 0.03166666666666667
0 0.3603571428571429 0.39 0.05928571428571429 0.03166666666666667
0 0.4082142857142857 0.41000000000000003 0.05928571428571429 0.03166666666666667
0 0.46964285714285714 0.43833333333333335 0.05928571428571429 0.03166666666666667
0 0.5296428571428572 0.47000000000000003 0.05928571428571429 0.03166666666666667
0 0.5860714285714286 0.465 0.05928571428571429 0.03166666666666667
0 0.6417857142857143 0.4633333333333334 0.05928571428571429 0.03166666666666667
0 0.7025 0.4625 0.06642857142857143 0.030000000000000002
0 0.7846428571428572 0.46416666666666667 0.06642857142857143 0.030000000000000002
0 0.8560714285714286 0.46416666666666667 0.06642857142857143 0.030000000000000002
