0 0.02892857142857143 0.465 0.056428571428571425 0.03166666666666667
0 0.09357142857142857 0.4791666666666667 0.05714285714285714 0.03166666666666667
0 0.15714285714285714 0.4891666666666667 0.05714285714285714 0.03166666666666667
0 0.22357142857142856 0.4791666666666667 0.05714285714285714 0.03166666666666667
0 0.29285714285714287 0.47000000000000003 0.05714285714285714 0.03166666666666667
0 0.3628571428571429 0.46 0.05714285714285714 0.03166666666666667
0 0.42857142857142855 0.4625 0.05714285714285714 0.03166666666666667
0 0.4928571428571429 0.4491666666666667 0.05714285714285714 0.03166666666666667
0 0.5478571428571428 0.4633333333333334 0.05714285714285714 0.03166666666666667
0 0.6064285714285714 0.4658333333333334 0.05714285714285714 0.03166666666666667
0 0.6692857142857143 0.4816666666666667 0.05714285714285714 0.03166666666666667
0 0.7292857142857143 0.49250000000000005 0.05714285714285714 0.03166666666666667
0 0.7857142857142857 0.4966666666666667 0.05714285714285714 0.03166666666666667
0 0.8364285714285714 0.54 0.05714285714285714 0.03166666666666667
0 0.8478571428571429 0.49833333333333335 0.05714285714285714 0.03166666666666667
0 0.8792857142857143 0.5458333333333334 0.05714285714285714 0.03166666666666667
