0 0.03571428571428571 0.50625 0.07 0.0425
0 0.0925 0.4970833333333334 0.07071428571428572 0.0425
0 0.15678571428571428 0.4945833333333334 0.07071428571428572 0.0425
0 0.2225 0.48625 0.07071428571428572 0.0425
0 0.2732142857142857 0.4704166666666667 0.07071428571428572 0.0425
0 0.33964285714285714 0.47958333333333336 0.07071428571428572 0.0425
0 0.4110714285714286 0.47458333333333336 0.07071428571428572 0.0425
0 0.4760714285714286 0.4929166666666667 0.07071428571428572 0.0425
0 0.5375 0.51625 0.07071428571428572 0.0425
0 0.5903571428571428 0.52375 0.07071428571428572 0.0425
0 0.6532142857142857 0.51625 0.07071428571428572 0.0425
0 0.7025 0.49541666666666667 0.07071428571428572 0.0425
0 0.7817857142857143 0.48125 0.07071428571428572 0.0425
0 0.8517857142857143 0.46375000000000005 0.07071428571428572 0.0425
