0 0.031071428571428573 0.4866666666666667 0.060714285714285714 0.04
0 0.08928571428571429 0.48000000000000004 0.06142857142857143 0.04
0 0.15285714285714286 0.48750000000000004 0.06142857142857143 0.04
0 0.21857142857142858 0.4816666666666667 0.06142857142857143 0.04
0 0.2957142857142857 0.4758333333333334 0.06142857142857143 0.04
0 0.25357142857142856 0.4708333333333334 0.06142857142857143 0.04
0 0.34 0.48000000000000004 0.06142857142857143 0.04
0 0.415 0.4916666666666667 0.06142857142857143 0.04
0 0.4735714285714286 0.5108333333333334 0.06142857142857143 0.04
0 0.5371428571428571 0.5025000000000001 0.06142857142857143 0.04
0 0.5814285714285714 0.465 0.06142857142857143 0.04
0 0.6464285714285715 0.4683333333333334 0.06142857142857143 0.04
0 0.7392857142857143 0.4633333333333334 0.06142857142857143 0.04
0 0.8285714285714286 0.4783333333333334 0.06142857142857143 0.04
0 0.6928571428571428 0.4675 0.06142857142857143 0.04
0 0.7814285714285715 0.4758333333333334 0.06142857142857143 0.04
0 0.8857142857142857 0.4716666666666667 0.06142857142857143 0.04
0 0.9371428571428572 0.4766666666666667 0.06142857142857143 0.04
0 0.9678571428571429 0.4658333333333334 0.06142857142857143 0.04
