0 0.04071428571428572 0.48750000000000004 0.07571428571428572 0.04833333333333334
0 0.075 0.48000000000000004 0.07571428571428572 0.04833333333333334
0 0.12928571428571428 0.4691666666666667 0.07571428571428572 0.04833333333333334
0 0.18428571428571427 0.4733333333333334 0.07571428571428572 0.04833333333333334
0 0.23714285714285716 0.4708333333333334 0.07571428571428572 0.04833333333333334
0 0.28714285714285714 0.4758333333333334 0.07571428571428572 0.04833333333333334
0 0.3357142857142857 0.4841666666666667 0.07571428571428572 0.04833333333333334
0 0.38142857142857145 0.5008333333333334 0.07571428571428572 0.04833333333333334
0 0.41214285714285714 0.5166666666666667 0.07571428571428572 0.04833333333333334
0 0.47214285714285714 0.5191666666666667 0.07571428571428572 0.04833333333333334
0 0.5107142857142857 0.515 0.07571428571428572 0.04833333333333334
0 0.5607142857142857 0.5125000000000001 0.07571428571428572 0.04833333333333334
0 0.6078571428571429 0.5125000000000001 0.07571428571428572 0.04833333333333334
0 0.6621428571428571 0.5233333333333333 0.07571428571428572 0.04833333333333334
0 0.71 0.505 0.07571428571428572 0.04833333333333334
0 0.7571428571428571 0.4941666666666667 0.07571428571428572 0.04833333333333334
0 0.7871428571428571 0.4766666666666667 0.07571428571428572 0.04833333333333334
