0 0.03642857142857143 0.45125000000000004 0.07142857142857142 0.03916666666666667
0 0.11821428571428572 0.45375000000000004 0.07214285714285715 0.03916666666666667
0 0.07821428571428571 0.44875000000000004 0.07214285714285715 0.03916666666666667
0 0.16107142857142856 0.4429166666666667 0.07214285714285715 0.03916666666666667
0 0.2175 0.45625000000000004 0.07214285714285715 0.03916666666666667
0 0.2839285714285714 0.4704166666666667 0.07214285714285715 0.03916666666666667
0 0.3439285714285714 0.48375 0.07214285714285715 0.03916666666666667
0 0.42392857142857143 0.51375 0.07214285714285715 0.03916666666666667
0 0.4882142857142857 0.49375 0.07214285714285715 0.03916666666666667
0 0.4760714285714286 0.46708333333333335 0.07214285714285715 0.03916666666666667
0 0.5496428571428571 0.4604166666666667 0.07214285714285715 0.03916666666666667
0 0.6010714285714286 0.4345833333333334 0.07214285714285715 0.03916666666666667
0 0.6760714285714285 0.43041666666666667 0.07214285714285715 0.03916666666666667
0 0.7303571428571428 0.4320833333333334 0.07214285714285715 0.03916666666666667
0 0.7975 0.4479166666666667 0.07214285714285715 0.03916666666666667
0 0.8810714285714286 0.4604166666666667 0.07214285714285715 0.03916666666666667
0 0.9260714285714285 0.45458333333333334 0.07214285714285715 0.03916666666666667
0 0.9567857142857142 0.4504166666666667 0.07214285714285715 0.03916666666666667
0 0.5946428571428571 0.5120833333333333 0.07214285714285715 0.03916666666666667
0 0.6646428571428571 0.5354166666666667 0.07214285714285715 0.03916666666666667
0 0.5389285714285714 0.5045833333333334 0.07214285714285715 0.03916666666666667
