0 0.048214285714285716 0.35833333333333334 0.07357142857142857 0.04166666666666667
0 0.1075 0.335 0.07357142857142857 0.04166666666666667
0 0.1667857142857143 0.3175 0.07357142857142857 0.04166666666666667
0 0.22607142857142856 0.305 0.07357142857142857 0.04166666666666667
0 0.2832142857142857 0.29750000000000004 0.07357142857142857 0.04166666666666667
0 0.36464285714285716 0.33666666666666667 0.07357142857142857 0.04166666666666667
0 0.4303571428571429 0.3641666666666667 0.07357142857142857 0.04166666666666667
0 0.49107142857142855 0.3725 0.07357142857142857 0.04166666666666667
0 0.5782142857142857 0.38833333333333336 0.07357142857142857 0.04166666666666667
0 0.7332142857142857 0.37833333333333335 0.07357142857142857 0.04166666666666667
0 0.8189285714285715 0.36750000000000005 0.07357142857142857 0.04166666666666667
0 0.8796428571428572 0.3566666666666667 0.07357142857142857 0.04166666666666667
0 0.9482142857142857 0.35583333333333333 0.07357142857142857 0.04166666666666667
