0 0.05928571428571429 0.44125000000000003 0.09 0.04083333333333333
0 0.13785714285714284 0.45958333333333334 0.09 0.04083333333333333
0 0.22785714285714287 0.4470833333333334 0.09 0.04083333333333333
0 0.33785714285714286 0.4679166666666667 0.09 0.04083333333333333
0 0.425 0.46375000000000005 0.09 0.04083333333333333
0 0.515 0.44625000000000004 0.09 0.04083333333333333
0 0.6814285714285714 0.47708333333333336 0.09 0.04083333333333333
0 0.7657142857142857 0.4804166666666667 0.09 0.04083333333333333
0 0.8678571428571429 0.4354166666666667 0.09 0.04083333333333333
0 0.9157142857142857 0.4354166666666667 0.09 0.04083333333333333
