0 0.2525 0.32125000000000004 0.08928571428571429 0.037500000000000006
0 0.1417857142857143 0.385 0.09785714285714285 0.023333333333333334
0 0.18714285714285714 0.3579166666666667 0.041428571428571426 0.0425
0 0.0675 0.3670833333333334 0.05928571428571429 0.04083333333333333
0 0.32392857142857145 0.31125 0.08928571428571429 0.037500000000000006
0 0.40964285714285714 0.33208333333333334 0.08928571428571429 0.037500000000000006
0 0.5446428571428571 0.40208333333333335 0.08928571428571429 0.037500000000000006
0 0.4782142857142857 0.3404166666666667 0.08928571428571429 0.037500000000000006
0 0.6417857142857143 0.39708333333333334 0.08928571428571429 0.037500000000000006
0 0.7289285714285715 0.38625000000000004 0.08928571428571429 0.037500000000000006
0 0.8125 0.3745833333333334 0.08928571428571429 0.037500000000000006
0 0.9182142857142858 0.41208333333333336 0.08928571428571429 0.037500000000000006
0 0.9553571428571429 0.3954166666666667 0.08928571428571429 0.037500000000000006
