0 0.03785714285714286 0.4791666666666667 0.07 0.035
0 0.095 0.48583333333333334 0.07 0.035
0 0.15285714285714286 0.48250000000000004 0.07 0.035
0 0.21285714285714286 0.48000000000000004 0.07 0.035
0 0.2692857142857143 0.4816666666666667 0.07 0.035
0 0.3242857142857143 0.4666666666666667 0.07 0.035
0 0.3742857142857143 0.46166666666666667 0.07 0.035
0 0.4407142857142857 0.455 0.07 0.035
0 0.45785714285714285 0.42833333333333334 0.07 0.035
0 0.505 0.4591666666666667 0.07 0.035
0 0.5557142857142857 0.4541666666666667 0.07 0.035
0 0.605 0.4525 0.07 0.035
0 0.65 0.45083333333333336 0.07 0.035
0 0.7057142857142857 0.4666666666666667 0.07 0.035
0 0.7628571428571429 0.47500000000000003 0.07 0.035
0 0.78 0.43583333333333335 0.07 0.035
0 0.8435714285714285 0.45083333333333336 0.07 0.035
0 0.8985714285714286 0.4675 0.07 0.035
0 0.9478571428571428 0.4683333333333334 0.07 0.035
0 0.9585714285714285 0.5308333333333334 0.054285714285714284 0.02666666666666667
