0 0.04428571428571428 0.5416666666666667 0.06428571428571428 0.03833333333333334
0 0.10071428571428571 0.54 0.06428571428571428 0.03833333333333334
0 0.16 0.5466666666666667 0.06428571428571428 0.03833333333333334
0 0.22357142857142856 0.5375000000000001 0.06428571428571428 0.03833333333333334
0 0.30142857142857143 0.5708333333333334 0.06428571428571428 0.03833333333333334
0 0.36214285714285716 0.5725 0.06428571428571428 0.03833333333333334
0 0.4407142857142857 0.5725 0.06428571428571428 0.03833333333333334
0 0.5121428571428571 0.5733333333333334 0.06428571428571428 0.03833333333333334
0 0.5671428571428572 0.5883333333333334 0.06428571428571428 0.03833333333333334
0 0.6285714285714286 0.5766666666666667 0.06428571428571428 0.03833333333333334
0 0.6892857142857143 0.56 0.06428571428571428 0.03833333333333334
0 0.7357142857142858 0.5816666666666667 0.06428571428571428 0.03833333333333334
0 0.7878571428571428 0.5816666666666667 0.06428571428571428 0.03833333333333334
0 0.8385714285714285 0.5875 0.06428571428571428 0.03833333333333334
0 0.8757142857142857 0.61 0.06428571428571428 0.03833333333333334
