0 0.255 0.4491666666666667 0.07571428571428572 0.03666666666666667
0 0.33 0.43083333333333335 0.07571428571428572 0.03666666666666667
0 0.39714285714285713 0.41000000000000003 0.07571428571428572 0.03666666666666667
0 0.4614285714285714 0.38833333333333336 0.07571428571428572 0.03666666666666667
0 0.4185714285714286 0.4808333333333334 0.07571428571428572 0.03666666666666667
0 0.49 0.4991666666666667 0.07571428571428572 0.03666666666666667
0 0.5721428571428572 0.5041666666666667 0.07571428571428572 0.03666666666666667
0 0.68 0.5025000000000001 0.07571428571428572 0.03666666666666667
0 0.5342857142857143 0.405 0.07571428571428572 0.03666666666666667
0 0.6071428571428571 0.4191666666666667 0.07571428571428572 0.03666666666666667
0 0.6857142857142857 0.42833333333333334 0.07571428571428572 0.03666666666666667
0 0.7492857142857143 0.42833333333333334 0.07571428571428572 0.03666666666666667
0 0.8185714285714286 0.43000000000000005 0.07571428571428572 0.03666666666666667
0 0.88 0.43583333333333335 0.07571428571428572 0.03666666666666667
0 0.955 0.4341666666666667 0.07571428571428572 0.03666666666666667
