0 0.20107142857142857 0.38 0.07214285714285715 0.03833333333333334
0 0.2760714285714286 0.4008333333333334 0.07214285714285715 0.03833333333333334
0 0.3460714285714286 0.3975 0.07214285714285715 0.03833333333333334
0 0.4117857142857143 0.38833333333333336 0.07214285714285715 0.03833333333333334
0 0.4760714285714286 0.3725 0.07214285714285715 0.03833333333333334
0 0.5432142857142858 0.3925 0.07214285714285715 0.03833333333333334
0 0.6125 0.38 0.07214285714285715 0.03833333333333334
0 0.6860714285714286 0.3816666666666667 0.07214285714285715 0.03833333333333334
0 0.7489285714285714 0.39916666666666667 0.07214285714285715 0.03833333333333334
0 0.9146428571428571 0.4025 0.07214285714285715 0.03833333333333334
0 0.9503571428571429 0.4066666666666667 0.07214285714285715 0.03833333333333334
