0 0.06785714285714285 0.4525 0.09142857142857143 0.045000000000000005
0 0.10785714285714286 0.4683333333333334 0.09142857142857143 0.045000000000000005
0 0.14142857142857143 0.48500000000000004 0.09142857142857143 0.045000000000000005
0 0.19428571428571428 0.5083333333333334 0.09142857142857143 0.045000000000000005
0 0.24571428571428572 0.5125000000000001 0.09142857142857143 0.045000000000000005
0 0.2985714285714286 0.5091666666666667 0.09142857142857143 0.045000000000000005
0 0.35214285714285715 0.5083333333333334 0.09142857142857143 0.045000000000000005
0 0.39285714285714285 0.5025000000000001 0.09142857142857143 0.045000000000000005
0 0.42642857142857143 0.48333333333333334 0.09142857142857143 0.045000000000000005
0 0.47928571428571426 0.4766666666666667 0.09142857142857143 0.045000000000000005
0 0.5321428571428571 0.47000000000000003 0.09142857142857143 0.045000000000000005
0 0.5871428571428572 0.46166666666666667 0.09142857142857143 0.045000000000000005
0 0.6428571428571429 0.4516666666666667 0.09142857142857143 0.045000000000000005
0 0.6957142857142857 0.4466666666666667 0.09142857142857143 0.045000000000000005
0 0.7471428571428571 0.43583333333333335 0.09142857142857143 0.045000000000000005
0 0.8078571428571428 0.43750000000000006 0.09142857142857143 0.045000000000000005
0 0.8471428571428572 0.4541666666666667 0.09142857142857143 0.045000000000000005
0 0.9007142857142857 0.45333333333333337 0.09142857142857143 0.045000000000000005
0 0.9542857142857143 0.4491666666666667 0.09142857142857143 0.045000000000000005
