0 0.19535714285714287 0.38708333333333333 0.06785714285714285 0.04416666666666667
0 0.26571428571428574 0.4241666666666667 0.08285714285714285 0.03333333333333333
0 0.3485714285714286 0.43750000000000006 0.08285714285714285 0.03333333333333333
0 0.4142857142857143 0.45 0.08285714285714285 0.03333333333333333
0 0.5014285714285714 0.4691666666666667 0.08285714285714285 0.03333333333333333
0 0.6814285714285714 0.44833333333333336 0.08285714285714285 0.03333333333333333
0 0.7478571428571429 0.4341666666666667 0.08285714285714285 0.03333333333333333
0 0.8142857142857143 0.44833333333333336 0.08285714285714285 0.03333333333333333
0 0.8892857142857142 0.4716666666666667 0.08285714285714285 0.03333333333333333
0 0.95 0.4683333333333334 0.08285714285714285 0.03333333333333333
