0 0.21392857142857144 0.2966666666666667 0.06642857142857143 0.03166666666666667
0 0.2810714285714286 0.30083333333333334 0.06642857142857143 0.03166666666666667
0 0.3517857142857143 0.2966666666666667 0.06642857142857143 0.03166666666666667
0 0.4275 0.2808333333333333 0.06642857142857143 0.03166666666666667
0 0.48892857142857143 0.29250000000000004 0.06642857142857143 0.03166666666666667
0 0.5439285714285714 0.33166666666666667 0.06642857142857143 0.03166666666666667
0 0.6417857142857143 0.3516666666666667 0.06642857142857143 0.03166666666666667
0 0.6960714285714286 0.3425 0.06642857142857143 0.03166666666666667
0 0.7503571428571428 0.32666666666666666 0.06642857142857143 0.03166666666666667
0 0.8089285714285714 0.31083333333333335 0.06642857142857143 0.03166666666666667
0 0.8710714285714286 0.30333333333333334 0.06642857142857143 0.03166666666666667
0 0.9096428571428572 0.30083333333333334 0.06642857142857143 0.03166666666666667
