0 0.03428571428571429 0.5025000000000001 0.06714285714285714 0.04833333333333334
0 0.10892857142857143 0.5208333333333334 0.07642857142857143 0.03666666666666667
0 0.1775 0.5 0.07642857142857143 0.03666666666666667
0 0.24892857142857142 0.48750000000000004 0.07642857142857143 0.03666666666666667
0 0.3182142857142857 0.4941666666666667 0.07642857142857143 0.03666666666666667
0 0.3725 0.51 0.07642857142857143 0.03666666666666667
0 0.44107142857142856 0.5016666666666667 0.07642857142857143 0.03666666666666667
0 0.5117857142857143 0.48833333333333334 0.07642857142857143 0.03666666666666667
0 0.5832142857142857 0.4841666666666667 0.07642857142857143 0.03666666666666667
0 0.6696428571428571 0.49333333333333335 0.07642857142857143 0.03666666666666667
0 0.7310714285714286 0.48000000000000004 0.07642857142857143 0.03666666666666667
0 0.7946428571428571 0.48250000000000004 0.07642857142857143 0.03666666666666667
0 0.8596428571428572 0.4991666666666667 0.07642857142857143 0.03666666666666667
0 0.8975 0.5225000000000001 0.07642857142857143 0.03666666666666667
