0 0.07964285714285714 0.4941666666666667 0.05357142857142857 0.021666666666666667
0 0.1632142857142857 0.4841666666666667 0.05357142857142857 0.021666666666666667
0 0.2332142857142857 0.4783333333333334 0.05357142857142857 0.021666666666666667
0 0.29964285714285716 0.4841666666666667 0.05357142857142857 0.021666666666666667
0 0.38321428571428573 0.4991666666666667 0.05357142857142857 0.021666666666666667
0 0.44821428571428573 0.5141666666666667 0.05357142857142857 0.021666666666666667
0 0.5039285714285714 0.5183333333333333 0.05357142857142857 0.021666666666666667
0 0.5767857142857142 0.52 0.05357142857142857 0.021666666666666667
0 0.6332142857142857 0.51 0.05357142857142857 0.021666666666666667
0 0.7153571428571428 0.505 0.05357142857142857 0.021666666666666667
0 0.9003571428571429 0.505 0.05357142857142857 0.021666666666666667
0 0.9610714285714286 0.5141666666666667 0.05357142857142857 0.021666666666666667
