0 0.04 0.43291666666666667 0.07857142857142857 0.0475
0 0.08 0.44125000000000003 0.07857142857142857 0.0475
0 0.13071428571428573 0.4404166666666667 0.07857142857142857 0.0475
0 0.17785714285714285 0.42625 0.07857142857142857 0.0475
0 0.21928571428571428 0.4104166666666667 0.07857142857142857 0.0475
0 0.265 0.41708333333333336 0.07857142857142857 0.0475
0 0.2985714285714286 0.43041666666666667 0.07857142857142857 0.0475
0 0.32285714285714284 0.4654166666666667 0.07857142857142857 0.0475
0 0.37214285714285716 0.4779166666666667 0.07857142857142857 0.0475
0 0.4164285714285714 0.48958333333333337 0.07857142857142857 0.0475
0 0.4614285714285714 0.48875 0.07857142857142857 0.0475
0 0.49142857142857144 0.47708333333333336 0.07857142857142857 0.0475
0 0.5235714285714286 0.4629166666666667 0.07857142857142857 0.0475
0 0.5757142857142857 0.44958333333333333 0.07857142857142857 0.0475
0 0.6264285714285714 0.44125000000000003 0.07857142857142857 0.0475
0 0.6978571428571428 0.43125 0.07857142857142857 0.0475
0 0.7514285714285714 0.4229166666666667 0.07857142857142857 0.0475
0 0.8042857142857143 0.4079166666666667 0.07857142857142857 0.0475
0 0.8557142857142858 0.41708333333333336 0.07857142857142857 0.0475
0 0.8985714285714286 0.41958333333333336 0.07857142857142857 0.0475
0 0.9385714285714286 0.41375 0.07857142857142857 0.0475
0 0.9607142857142857 0.4104166666666667 0.07857142857142857 0.0475
