0 0.04321428571428571 0.4733333333333334 0.085 0.04833333333333334
0 0.11285714285714285 0.45833333333333337 0.08571428571428572 0.04833333333333334
0 0.18571428571428572 0.465 0.08571428571428572 0.04833333333333334
0 0.2621428571428571 0.45833333333333337 0.08571428571428572 0.04833333333333334
0 0.3357142857142857 0.46166666666666667 0.08571428571428572 0.04833333333333334
0 0.4157142857142857 0.4816666666666667 0.08571428571428572 0.04833333333333334
0 0.49857142857142855 0.4766666666666667 0.08571428571428572 0.04833333333333334
0 0.5814285714285714 0.465 0.08571428571428572 0.04833333333333334
0 0.6557142857142857 0.4366666666666667 0.08571428571428572 0.04833333333333334
0 0.7378571428571429 0.4266666666666667 0.08571428571428572 0.04833333333333334
0 0.7964285714285714 0.4416666666666667 0.08571428571428572 0.04833333333333334
0 0.8621428571428571 0.4541666666666667 0.08571428571428572 0.04833333333333334
0 0.9192857142857143 0.4741666666666667 0.08571428571428572 0.04833333333333334
0 0.9567857142857142 0.4783333333333334 0.08642857142857142 0.04833333333333334
