0 0.029642857142857144 0.35958333333333337 0.05357142857142857 0.035833333333333335
0 0.07607142857142857 0.37625000000000003 0.05357142857142857 0.035833333333333335
0 0.1382142857142857 0.39708333333333334 0.05357142857142857 0.035833333333333335
0 0.20535714285714285 0.4079166666666667 0.05357142857142857 0.035833333333333335
0 0.5867857142857142 0.3429166666666667 0.05357142857142857 0.035833333333333335
0 0.6332142857142857 0.3454166666666667 0.05357142857142857 0.035833333333333335
0 0.6832142857142857 0.34958333333333336 0.05357142857142857 0.035833333333333335
0 0.7396428571428572 0.34958333333333336 0.05357142857142857 0.035833333333333335
0 0.7960714285714285 0.3504166666666667 0.05357142857142857 0.035833333333333335
0 0.8503571428571428 0.34958333333333336 0.05357142857142857 0.035833333333333335
0 0.9082142857142858 0.36541666666666667 0.05357142857142857 0.035833333333333335
