0 0.13964285714285715 0.5075000000000001 0.09071428571428572 0.03833333333333334
0 0.22178571428571428 0.46416666666666667 0.09071428571428572 0.03833333333333334
0 0.2817857142857143 0.4525 0.09071428571428572 0.03833333333333334
0 0.3539285714285714 0.4733333333333334 0.09071428571428572 0.03833333333333334
0 0.43392857142857144 0.4816666666666667 0.09071428571428572 0.03833333333333334
0 0.5010714285714286 0.4891666666666667 0.09071428571428572 0.03833333333333334
0 0.5817857142857142 0.4791666666666667 0.09071428571428572 0.03833333333333334
0 0.6625 0.4741666666666667 0.09071428571428572 0.03833333333333334
0 0.7217857142857143 0.4525 0.09071428571428572 0.03833333333333334
0 0.7967857142857143 0.4366666666666667 0.09071428571428572 0.03833333333333334
0 0.8453571428571428 0.4216666666666667 0.09071428571428572 0.03833333333333334
0 0.9053571428571429 0.42000000000000004 0.09071428571428572 0.03833333333333334
0 0.9467857142857142 0.41750000000000004 0.09071428571428572 0.03833333333333334
