0 0.12107142857142857 0.42583333333333334 0.06642857142857143 0.02666666666666667
0 0.19964285714285715 0.41583333333333333 0.06642857142857143 0.02666666666666667
0 0.2639285714285714 0.4025 0.06642857142857143 0.02666666666666667
0 0.4082142857142857 0.43083333333333335 0.06642857142857143 0.02666666666666667
0 0.4775 0.43750000000000006 0.06642857142857143 0.02666666666666667
0 0.5639285714285714 0.44583333333333336 0.06642857142857143 0.02666666666666667
0 0.6353571428571428 0.43500000000000005 0.06642857142857143 0.02666666666666667
0 0.7653571428571428 0.39083333333333337 0.06642857142857143 0.02666666666666667
0 0.7932142857142858 0.385 0.06642857142857143 0.02666666666666667
0 0.8503571428571428 0.4129166666666667 0.055 0.035833333333333335
