0 0.1825 0.47458333333333336 0.06357142857142857 0.037500000000000006
0 0.26535714285714285 0.49125 0.06357142857142857 0.037500000000000006
0 0.4225 0.48458333333333337 0.06357142857142857 0.037500000000000006
0 0.48392857142857143 0.42708333333333337 0.06357142857142857 0.037500000000000006
0 0.5532142857142857 0.41875 0.06357142857142857 0.037500000000000006
0 0.6225 0.42458333333333337 0.06357142857142857 0.037500000000000006
0 0.6867857142857143 0.4295833333333334 0.06357142857142857 0.037500000000000006
0 0.7432142857142857 0.4579166666666667 0.06357142857142857 0.037500000000000006
0 0.8053571428571429 0.4604166666666667 0.06357142857142857 0.037500000000000006
0 0.8525 0.4370833333333334 0.06357142857142857 0.037500000000000006
0 0.8903571428571428 0.4154166666666667 0.06357142857142857 0.037500000000000006
0 0.9682142857142857 0.4254166666666667 0.06357142857142857 0.037500000000000006
0 0.9303571428571429 0.4129166666666667 0.06357142857142857 0.037500000000000006
