0 0.04071428571428572 0.4091666666666667 0.07285714285714286 0.04166666666666667
0 0.065 0.4091666666666667 0.07285714285714286 0.04166666666666667
0 0.10428571428571429 0.40166666666666667 0.07285714285714286 0.04166666666666667
0 0.1407142857142857 0.40166666666666667 0.07285714285714286 0.04166666666666667
0 0.18928571428571428 0.40750000000000003 0.07285714285714286 0.04166666666666667
0 0.225 0.39916666666666667 0.07285714285714286 0.04166666666666667
0 0.2671428571428571 0.3983333333333334 0.07285714285714286 0.04166666666666667
0 0.3 0.3925 0.07285714285714286 0.04166666666666667
0 0.3264285714285714 0.38333333333333336 0.07285714285714286 0.04166666666666667
0 0.35928571428571426 0.36333333333333334 0.07285714285714286 0.04166666666666667
0 0.4157142857142857 0.34 0.07285714285714286 0.04166666666666667
0 0.44571428571428573 0.37583333333333335 0.07285714285714286 0.04166666666666667
0 0.48642857142857143 0.3975 0.07285714285714286 0.04166666666666667
0 0.53 0.39583333333333337 0.07285714285714286 0.04166666666666667
0 0.5692857142857143 0.3816666666666667 0.07285714285714286 0.04166666666666667
0 0.6014285714285714 0.39916666666666667 0.07285714285714286 0.04166666666666667
0 0.6385714285714286 0.4033333333333334 0.07285714285714286 0.04166666666666667
0 0.46 0.3466666666666667 0.07285714285714286 0.04166666666666667
0 0.6714285714285714 0.4391666666666667 0.07285714285714286 0.04166666666666667
0 0.7107142857142857 0.46416666666666667 0.07285714285714286 0.04166666666666667
0 0.7542857142857143 0.4733333333333334 0.07285714285714286 0.04166666666666667
