0 0.1175 0.4229166666666667 0.056428571428571425 0.03416666666666667
0 0.16107142857142856 0.4529166666666667 0.056428571428571425 0.03416666666666667
0 0.21392857142857144 0.46875000000000006 0.056428571428571425 0.03416666666666667
0 0.26821428571428574 0.4970833333333334 0.056428571428571425 0.03416666666666667
0 0.34 0.5041666666666667 0.07 0.03833333333333334
0 0.3964285714285714 0.49333333333333335 0.07 0.03833333333333334
0 0.4664285714285714 0.49000000000000005 0.07 0.03833333333333334
0 0.5278571428571428 0.4741666666666667 0.07 0.03833333333333334
0 0.5921428571428572 0.44 0.07 0.03833333333333334
0 0.6742857142857143 0.4266666666666667 0.07 0.03833333333333334
0 0.6221428571428571 0.43333333333333335 0.07 0.03833333333333334
0 0.7364285714285714 0.42750000000000005 0.07 0.03833333333333334
0 0.7921428571428571 0.42833333333333334 0.07 0.03833333333333334
0 0.8521428571428571 0.43083333333333335 0.07 0.03833333333333334
0 0.8771428571428571 0.43000000000000005 0.07 0.03833333333333334
0 0.07035714285714285 0.39958333333333335 0.056428571428571425 0.03416666666666667
