0 0.03214285714285714 0.5029166666666667 0.06285714285714286 0.04583333333333334
0 0.10107142857142858 0.5129166666666667 0.06357142857142857 0.04583333333333334
0 0.1675 0.4904166666666667 0.06357142857142857 0.04583333333333334
0 0.23107142857142857 0.4729166666666667 0.06357142857142857 0.04583333333333334
0 0.2889285714285714 0.4754166666666667 0.06357142857142857 0.04583333333333334
0 0.3603571428571429 0.48125 0.06357142857142857 0.04583333333333334
0 0.4317857142857143 0.47375 0.06357142857142857 0.04583333333333334
0 0.47464285714285714 0.43875000000000003 0.06357142857142857 0.04583333333333334
0 0.5303571428571429 0.44625000000000004 0.06357142857142857 0.04583333333333334
0 0.5796428571428571 0.46875000000000006 0.06357142857142857 0.04583333333333334
0 0.6267857142857143 0.48125 0.06357142857142857 0.04583333333333334
0 0.6782142857142857 0.49625 0.06357142857142857 0.04583333333333334
0 0.7382142857142857 0.5070833333333333 0.06357142857142857 0.04583333333333334
0 0.7996428571428571 0.5204166666666667 0.06357142857142857 0.04583333333333334
0 0.8589285714285714 0.5229166666666667 0.06357142857142857 0.04583333333333334
