0 0.21214285714285713 0.33375000000000005 0.08142857142857143 0.04583333333333334
0 0.285 0.3279166666666667 0.08142857142857143 0.04583333333333334
0 0.3514285714285714 0.3145833333333333 0.08142857142857143 0.04583333333333334
0 0.4307142857142857 0.3304166666666667 0.08142857142857143 0.04583333333333334
0 0.4857142857142857 0.33875 0.08142857142857143 0.04583333333333334
0 0.5335714285714286 0.3479166666666667 0.08142857142857143 0.04583333333333334
0 0.6228571428571429 0.35625 0.08142857142857143 0.04583333333333334
0 0.7057142857142857 0.34708333333333335 0.08142857142857143 0.04583333333333334
0 0.8 0.35375 0.08142857142857143 0.04583333333333334
0 0.9171428571428571 0.38125000000000003 0.08142857142857143 0.04583333333333334
0 0.9557142857142857 0.36875 0.08142857142857143 0.04583333333333334
