0 0.05107142857142857 0.4733333333333334 0.07071428571428572 0.04666666666666667
0 0.11464285714285714 0.4783333333333334 0.07071428571428572 0.04666666666666667
0 0.17535714285714285 0.4866666666666667 0.07071428571428572 0.04666666666666667
0 0.24035714285714285 0.4783333333333334 0.07071428571428572 0.04666666666666667
0 0.2932142857142857 0.4766666666666667 0.07071428571428572 0.04666666666666667
0 0.3775 0.4675 0.07071428571428572 0.04666666666666667
0 0.4417857142857143 0.4591666666666667 0.07071428571428572 0.04666666666666667
0 0.3582142857142857 0.4716666666666667 0.07071428571428572 0.04666666666666667
0 0.5117857142857143 0.4608333333333334 0.07071428571428572 0.04666666666666667
0 0.5753571428571429 0.47500000000000003 0.07071428571428572 0.04666666666666667
0 0.6360714285714286 0.4866666666666667 0.07071428571428572 0.04666666666666667
0 0.6989285714285715 0.4891666666666667 0.07071428571428572 0.04666666666666667
0 0.7617857142857143 0.4941666666666667 0.07071428571428572 0.04666666666666667
0 0.8232142857142857 0.49833333333333335 0.07071428571428572 0.04666666666666667
0 0.8889285714285714 0.48500000000000004 0.07071428571428572 0.04666666666666667
0 0.9203571428571429 0.5008333333333334 0.07071428571428572 0.04666666666666667
0 0.9596428571428571 0.5191666666666667 0.07071428571428572 0.04666666666666667
