0 0.0325 0.44833333333333336 0.06357142857142857 0.04666666666666667
0 0.09 0.44833333333333336 0.06428571428571428 0.04666666666666667
0 0.14214285714285715 0.4658333333333334 0.06428571428571428 0.04666666666666667
0 0.1957142857142857 0.455 0.06428571428571428 0.04666666666666667
0 0.24428571428571427 0.42000000000000004 0.06428571428571428 0.04666666666666667
0 0.305 0.405 0.06428571428571428 0.04666666666666667
0 0.36642857142857144 0.4116666666666667 0.06428571428571428 0.04666666666666667
0 0.42714285714285716 0.42250000000000004 0.06428571428571428 0.04666666666666667
0 0.49642857142857144 0.42250000000000004 0.06428571428571428 0.04666666666666667
0 0.5678571428571428 0.4266666666666667 0.06428571428571428 0.04666666666666667
0 0.6164285714285714 0.405 0.06428571428571428 0.04666666666666667
0 0.6771428571428572 0.42500000000000004 0.06428571428571428 0.04666666666666667
0 0.7257142857142858 0.4 0.06428571428571428 0.04666666666666667
0 0.7628571428571429 0.3875 0.06428571428571428 0.04666666666666667
0 0.8414285714285714 0.4108333333333334 0.06428571428571428 0.04666666666666667
0 0.8935714285714286 0.4058333333333334 0.06428571428571428 0.04666666666666667
0 0.9228571428571428 0.4033333333333334 0.06428571428571428 0.04666666666666667
0 0.9614285714285714 0.4216666666666667 0.06428571428571428 0.04666666666666667
