0 0.03964285714285714 0.5345833333333334 0.06928571428571428 0.050833333333333335
0 0.09607142857142857 0.5554166666666667 0.06928571428571428 0.050833333333333335
0 0.14964285714285713 0.5579166666666667 0.06928571428571428 0.050833333333333335
0 0.20392857142857143 0.56625 0.06928571428571428 0.050833333333333335
0 0.2732142857142857 0.57375 0.06928571428571428 0.050833333333333335
0 0.3410714285714286 0.5795833333333333 0.06928571428571428 0.050833333333333335
0 0.41035714285714286 0.5879166666666668 0.06928571428571428 0.050833333333333335
0 0.45964285714285713 0.5879166666666668 0.06928571428571428 0.050833333333333335
0 0.5553571428571429 0.5879166666666668 0.06928571428571428 0.050833333333333335
0 0.6175 0.5920833333333334 0.06928571428571428 0.050833333333333335
0 0.7310714285714286 0.5870833333333334 0.06928571428571428 0.050833333333333335
0 0.7882142857142858 0.5770833333333334 0.06928571428571428 0.050833333333333335
0 0.6810714285714285 0.57125 0.06928571428571428 0.050833333333333335
0 0.8532142857142857 0.5904166666666667 0.06928571428571428 0.050833333333333335
0 0.5210714285714285 0.58875 0.06928571428571428 0.050833333333333335
