0 0.02892857142857143 0.5416666666666667 0.056428571428571425 0.045000000000000005
0 0.08 0.5733333333333334 0.05714285714285714 0.045000000000000005
0 0.265 0.5700000000000001 0.05714285714285714 0.045000000000000005
0 0.32571428571428573 0.5783333333333334 0.05714285714285714 0.045000000000000005
0 0.39071428571428574 0.5750000000000001 0.05714285714285714 0.045000000000000005
0 0.4564285714285714 0.5516666666666667 0.05714285714285714 0.045000000000000005
0 0.49857142857142855 0.5408333333333334 0.05714285714285714 0.045000000000000005
0 0.5942857142857143 0.5566666666666668 0.05714285714285714 0.045000000000000005
0 0.6428571428571429 0.5625 0.05714285714285714 0.045000000000000005
0 0.7078571428571429 0.5641666666666667 0.05714285714285714 0.045000000000000005
0 0.7492857142857143 0.5800000000000001 0.05714285714285714 0.045000000000000005
0 0.8057142857142857 0.6058333333333333 0.05714285714285714 0.045000000000000005
0 0.8471428571428572 0.6341666666666667 0.05714285714285714 0.045000000000000005
0 0.8664285714285714 0.6466666666666667 0.05714285714285714 0.045000000000000005
0 0.11428571428571428 0.5741666666666667 0.05714285714285714 0.045000000000000005
