0 0.08035714285714286 0.48583333333333334 0.08642857142857142 0.025
0 0.1682142857142857 0.5025000000000001 0.08642857142857142 0.025
0 0.2125 0.43250000000000005 0.08642857142857142 0.025
0 0.35535714285714287 0.4025 0.08642857142857142 0.025
0 0.33964285714285714 0.46166666666666667 0.08642857142857142 0.025
0 0.4639285714285714 0.45583333333333337 0.08642857142857142 0.025
0 0.4039285714285714 0.4 0.08642857142857142 0.025
0 0.5596428571428571 0.44083333333333335 0.08642857142857142 0.025
0 0.6396428571428572 0.4416666666666667 0.08642857142857142 0.025
0 0.7110714285714286 0.42583333333333334 0.08642857142857142 0.025
0 0.7746428571428572 0.4291666666666667 0.08642857142857142 0.025
0 0.8653571428571428 0.45333333333333337 0.06785714285714285 0.028333333333333335
0 0.9267857142857143 0.47500000000000003 0.06785714285714285 0.028333333333333335
0 0.9589285714285715 0.4591666666666667 0.06785714285714285 0.028333333333333335
