0 0.03535714285714286 0.5570833333333334 0.06785714285714285 0.03916666666666667
0 0.06678571428571428 0.55625 0.06785714285714285 0.03916666666666667
0 0.09678571428571428 0.54625 0.06785714285714285 0.03916666666666667
0 0.1332142857142857 0.5504166666666667 0.06785714285714285 0.03916666666666667
0 0.18035714285714285 0.55125 0.06785714285714285 0.03916666666666667
0 0.21392857142857144 0.55125 0.06785714285714285 0.03916666666666667
0 0.21964285714285714 0.5170833333333333 0.06785714285714285 0.03916666666666667
0 0.2275 0.5045833333333334 0.06785714285714285 0.03916666666666667
0 0.2567857142857143 0.5145833333333334 0.06785714285714285 0.03916666666666667
0 0.2867857142857143 0.50875 0.06785714285714285 0.03916666666666667
0 0.33107142857142857 0.5129166666666667 0.06785714285714285 0.03916666666666667
0 0.37892857142857145 0.5129166666666667 0.06785714285714285 0.03916666666666667
0 0.41535714285714287 0.51125 0.06785714285714285 0.03916666666666667
0 0.44892857142857145 0.52625 0.06785714285714285 0.03916666666666667
0 0.4832142857142857 0.5370833333333334 0.06785714285714285 0.03916666666666667
0 0.5232142857142857 0.5445833333333334 0.06785714285714285 0.03916666666666667
0 0.5625 0.5395833333333334 0.06785714285714285 0.03916666666666667
0 0.6039285714285715 0.5370833333333334 0.06785714285714285 0.03916666666666667
0 0.6482142857142857 0.5454166666666667 0.06785714285714285 0.03916666666666667
0 0.6853571428571429 0.5470833333333334 0.06785714285714285 0.03916666666666667
0 0.7210714285714286 0.5395833333333334 0.06785714285714285 0.03916666666666667
0 0.7653571428571428 0.5495833333333334 0.06785714285714285 0.03916666666666667
0 0.8153571428571429 0.5579166666666667 0.06785714285714285 0.03916666666666667
0 0.8460714285714286 0.55125 0.06785714285714285 0.03916666666666667
0 0.8896428571428572 0.55125 0.06785714285714285 0.03916666666666667
0 0.9239285714285714 0.5479166666666667 0.06785714285714285 0.03916666666666667
0 0.9653571428571428 0.5587500000000001 0.06785714285714285 0.03916666666666667
