0 0.06035714285714286 0.4808333333333334 0.08214285714285714 0.03666666666666667
0 0.09035714285714286 0.47750000000000004 0.08214285714285714 0.03666666666666667
0 0.1425 0.48750000000000004 0.08214285714285714 0.03666666666666667
0 0.1732142857142857 0.4741666666666667 0.08214285714285714 0.03666666666666667
0 0.21892857142857142 0.48250000000000004 0.08214285714285714 0.03666666666666667
0 0.27535714285714286 0.4916666666666667 0.08214285714285714 0.03666666666666667
0 0.30964285714285716 0.4808333333333334 0.08214285714285714 0.03666666666666667
0 0.3560714285714286 0.4766666666666667 0.08214285714285714 0.03666666666666667
0 0.3889285714285714 0.4766666666666667 0.08214285714285714 0.03666666666666667
0 0.44107142857142856 0.49333333333333335 0.08214285714285714 0.03666666666666667
0 0.5289285714285714 0.5025000000000001 0.08214285714285714 0.03666666666666667
0 0.5839285714285715 0.5 0.08214285714285714 0.03666666666666667
0 0.6296428571428572 0.4966666666666667 0.08214285714285714 0.03666666666666667
0 0.6696428571428571 0.49500000000000005 0.08214285714285714 0.03666666666666667
0 0.7039285714285715 0.5025000000000001 0.08214285714285714 0.03666666666666667
0 0.7732142857142857 0.5208333333333334 0.08214285714285714 0.03666666666666667
0 0.8496428571428571 0.5233333333333333 0.08214285714285714 0.03666666666666667
0 0.8953571428571429 0.5275000000000001 0.08214285714285714 0.03666666666666667
0 0.9403571428571429 0.5266666666666667 0.08214285714285714 0.03666666666666667
