0 0.16642857142857143 0.57375 0.06285714285714286 0.0325
0 0.22642857142857142 0.5579166666666667 0.06285714285714286 0.0325
0 0.29428571428571426 0.5437500000000001 0.06285714285714286 0.0325
0 0.3514285714285714 0.5154166666666667 0.06285714285714286 0.0325
0 0.41714285714285715 0.5129166666666667 0.06285714285714286 0.0325
0 0.475 0.4920833333333334 0.06285714285714286 0.0325
0 0.5378571428571428 0.4454166666666667 0.06285714285714286 0.0325
0 0.6035714285714285 0.45875000000000005 0.06285714285714286 0.0325
0 0.67 0.47625 0.06285714285714286 0.0325
0 0.7364285714285714 0.48458333333333337 0.06285714285714286 0.0325
0 0.815 0.48875 0.06285714285714286 0.0325
0 0.8814285714285715 0.47625 0.06285714285714286 0.0325
0 0.9307142857142857 0.45375000000000004 0.06285714285714286 0.0325
0 0.7814285714285715 0.48875 0.06285714285714286 0.0325
