0 0.2867857142857143 0.42708333333333337 0.07785714285714286 0.04416666666666667
0 0.3767857142857143 0.43125 0.09642857142857143 0.0325
0 0.4275 0.4216666666666667 0.07785714285714286 0.035
0 0.48392857142857143 0.4241666666666667 0.07785714285714286 0.035
0 0.5496428571428571 0.42000000000000004 0.07785714285714286 0.035
0 0.6360714285714286 0.4291666666666667 0.07785714285714286 0.035
0 0.7017857142857142 0.4391666666666667 0.07785714285714286 0.035
0 0.6817857142857143 0.4041666666666667 0.07785714285714286 0.035
0 0.7625 0.3983333333333334 0.07785714285714286 0.035
0 0.8389285714285715 0.3866666666666667 0.07785714285714286 0.035
