0 0.1475 0.4179166666666667 0.05928571428571429 0.0325
0 0.2075 0.42625 0.05928571428571429 0.0325
0 0.2596428571428571 0.42375 0.05928571428571429 0.0325
0 0.41964285714285715 0.43375 0.05928571428571429 0.0325
0 0.48392857142857143 0.4445833333333334 0.05928571428571429 0.0325
0 0.5382142857142858 0.43625 0.05928571428571429 0.0325
0 0.5960714285714286 0.4379166666666667 0.05928571428571429 0.0325
0 0.6353571428571428 0.4454166666666667 0.05928571428571429 0.0325
0 0.7410714285714286 0.46458333333333335 0.05928571428571429 0.0325
0 0.8103571428571429 0.4679166666666667 0.05928571428571429 0.0325
