0 0.2575 0.41458333333333336 0.06642857142857143 0.035833333333333335
0 0.3196428571428571 0.42208333333333337 0.06642857142857143 0.035833333333333335
0 0.3725 0.41708333333333336 0.06642857142857143 0.035833333333333335
0 0.42464285714285716 0.41375 0.06642857142857143 0.035833333333333335
0 0.4903571428571429 0.40125000000000005 0.06642857142857143 0.035833333333333335
0 0.5382142857142858 0.3804166666666667 0.06642857142857143 0.035833333333333335
0 0.6003571428571428 0.3795833333333334 0.06642857142857143 0.035833333333333335
0 0.6589285714285714 0.3720833333333334 0.06642857142857143 0.035833333333333335
0 0.7189285714285715 0.38458333333333333 0.06642857142857143 0.035833333333333335
0 0.7760714285714285 0.4229166666666667 0.06642857142857143 0.035833333333333335
0 0.8403571428571428 0.4179166666666667 0.06642857142857143 0.035833333333333335
0 0.8917857142857143 0.41458333333333336 0.06642857142857143 0.035833333333333335
