0 0.04285714285714286 0.52875 0.06285714285714286 0.03916666666666667
0 0.11071428571428571 0.52875 0.06285714285714286 0.03916666666666667
0 0.1657142857142857 0.5254166666666668 0.06285714285714286 0.03916666666666667
0 0.2392857142857143 0.5404166666666667 0.06285714285714286 0.03916666666666667
0 0.30857142857142855 0.52625 0.06285714285714286 0.03916666666666667
0 0.37 0.5129166666666667 0.06285714285714286 0.03916666666666667
0 0.42642857142857143 0.5170833333333333 0.06285714285714286 0.03916666666666667
0 0.495 0.51875 0.06285714285714286 0.03916666666666667
0 0.5657142857142857 0.53125 0.06285714285714286 0.03916666666666667
0 0.6214285714285714 0.5504166666666667 0.06285714285714286 0.03916666666666667
0 0.7121428571428572 0.4979166666666667 0.06285714285714286 0.03916666666666667
0 0.8471428571428572 0.5479166666666667 0.06285714285714286 0.03916666666666667
0 0.7607142857142857 0.4970833333333334 0.06285714285714286 0.03916666666666667
