0 0.055714285714285716 0.6104166666666667 0.08857142857142856 0.03416666666666667
0 0.036071428571428574 0.6579166666666667 0.062142857142857146 0.030833333333333334
0 0.11785714285714285 0.6183333333333334 0.06571428571428571 0.03666666666666667
0 0.0925 0.6629166666666667 0.062142857142857146 0.030833333333333334
0 0.15678571428571428 0.66125 0.062142857142857146 0.030833333333333334
0 0.22035714285714286 0.6620833333333334 0.062142857142857146 0.030833333333333334
0 0.28535714285714286 0.6645833333333334 0.062142857142857146 0.030833333333333334
0 0.3532142857142857 0.6720833333333334 0.062142857142857146 0.030833333333333334
0 0.4275 0.6820833333333334 0.062142857142857146 0.030833333333333334
0 0.48964285714285716 0.6820833333333334 0.062142857142857146 0.030833333333333334
0 0.5389285714285714 0.6670833333333334 0.062142857142857146 0.030833333333333334
0 0.5746428571428571 0.6666666666666667 0.05357142857142857 0.028333333333333335
0 0.6267857142857143 0.6858333333333334 0.05357142857142857 0.028333333333333335
0 0.6775 0.685 0.05357142857142857 0.028333333333333335
0 0.7310714285714286 0.6858333333333334 0.05357142857142857 0.028333333333333335
0 0.7853571428571429 0.6833333333333333 0.05357142857142857 0.028333333333333335
0 0.8546428571428571 0.6658333333333334 0.05357142857142857 0.028333333333333335
0 0.9182142857142858 0.6666666666666667 0.05357142857142857 0.028333333333333335
0 0.9703571428571428 0.6608333333333334 0.05357142857142857 0.028333333333333335
0 0.39035714285714285 0.6787500000000001 0.062142857142857146 0.030833333333333334
