0 0.24464285714285713 0.4166666666666667 0.07357142857142857 0.045000000000000005
0 0.30964285714285716 0.4491666666666667 0.07357142857142857 0.045000000000000005
0 0.3975 0.4666666666666667 0.07357142857142857 0.045000000000000005
0 0.4589285714285714 0.43750000000000006 0.07357142857142857 0.045000000000000005
0 0.5132142857142857 0.4516666666666667 0.07357142857142857 0.045000000000000005
0 0.5810714285714286 0.4466666666666667 0.07357142857142857 0.045000000000000005
0 0.6396428571428572 0.43083333333333335 0.07357142857142857 0.045000000000000005
0 0.7539285714285714 0.47000000000000003 0.07357142857142857 0.045000000000000005
0 0.8146428571428571 0.47750000000000004 0.07357142857142857 0.045000000000000005
0 0.8296428571428571 0.44083333333333335 0.07357142857142857 0.045000000000000005
0 0.8903571428571428 0.4216666666666667 0.07357142857142857 0.045000000000000005
