0 0.14357142857142857 0.39125000000000004 0.04 0.050833333333333335
0 0.19714285714285715 0.34375 0.06714285714285714 0.035833333333333335
0 0.24785714285714286 0.31375000000000003 0.06714285714285714 0.035833333333333335
0 0.3092857142857143 0.3179166666666667 0.06714285714285714 0.035833333333333335
0 0.3678571428571429 0.32125000000000004 0.06714285714285714 0.035833333333333335
0 0.42857142857142855 0.3204166666666667 0.06714285714285714 0.035833333333333335
0 0.48142857142857143 0.3279166666666667 0.06714285714285714 0.035833333333333335
0 0.5571428571428572 0.33625000000000005 0.06714285714285714 0.035833333333333335
0 0.5107142857142857 0.33125000000000004 0.06714285714285714 0.035833333333333335
0 0.6185714285714285 0.34958333333333336 0.06714285714285714 0.035833333333333335
0 0.6857142857142857 0.34458333333333335 0.06714285714285714 0.035833333333333335
0 0.7507142857142857 0.34625 0.06714285714285714 0.035833333333333335
0 0.8171428571428572 0.34625 0.06714285714285714 0.035833333333333335
0 0.8692857142857143 0.33458333333333334 0.06714285714285714 0.035833333333333335
0 0.9171428571428571 0.3120833333333334 0.06714285714285714 0.035833333333333335
0 0.9571428571428572 0.29541666666666666 0.06714285714285714 0.035833333333333335
