0 0.04071428571428572 0.5141666666666667 0.07571428571428572 0.035
0 0.07642857142857143 0.515 0.07571428571428572 0.035
0 0.12142857142857143 0.5158333333333334 0.07571428571428572 0.035
0 0.16357142857142856 0.5291666666666667 0.07571428571428572 0.035
0 0.21142857142857144 0.5325000000000001 0.07571428571428572 0.035
0 0.26785714285714285 0.5308333333333334 0.07571428571428572 0.035
0 0.5235714285714286 0.4916666666666667 0.07571428571428572 0.035
0 0.6171428571428571 0.48333333333333334 0.07571428571428572 0.035
0 0.6471428571428571 0.4591666666666667 0.07571428571428572 0.035
0 0.6878571428571428 0.4416666666666667 0.07571428571428572 0.035
0 0.7414285714285714 0.42833333333333334 0.07571428571428572 0.035
0 0.7892857142857143 0.43083333333333335 0.07571428571428572 0.035
0 0.8292857142857143 0.45 0.07571428571428572 0.035
0 0.8707142857142857 0.465 0.07571428571428572 0.035
0 0.9135714285714286 0.46166666666666667 0.07571428571428572 0.035
0 0.9621428571428572 0.4666666666666667 0.07571428571428572 0.035
