0 0.10857142857142857 0.4866666666666667 0.08142857142857143 0.035
0 0.1707142857142857 0.4733333333333334 0.08142857142857143 0.035
0 0.2357142857142857 0.47500000000000003 0.08142857142857143 0.035
0 0.31285714285714283 0.465 0.08142857142857143 0.035
0 0.38285714285714284 0.4516666666666667 0.08142857142857143 0.035
0 0.45714285714285713 0.43833333333333335 0.08142857142857143 0.035
0 0.5264285714285715 0.42583333333333334 0.08142857142857143 0.035
0 0.5864285714285714 0.43250000000000005 0.08142857142857143 0.035
0 0.6228571428571429 0.44833333333333336 0.08142857142857143 0.035
0 0.6964285714285714 0.4683333333333334 0.08142857142857143 0.035
0 0.77 0.4608333333333334 0.08142857142857143 0.035
0 0.8378571428571429 0.4341666666666667 0.08142857142857143 0.035
0 0.9007142857142857 0.4216666666666667 0.08142857142857143 0.035
0 0.9428571428571428 0.4241666666666667 0.08142857142857143 0.035
