0 0.038214285714285715 0.5133333333333334 0.05928571428571429 0.04
0 0.09964285714285714 0.5133333333333334 0.05928571428571429 0.04
0 0.1632142857142857 0.5025000000000001 0.05928571428571429 0.04
0 0.21892857142857142 0.5033333333333334 0.05928571428571429 0.04
0 0.2782142857142857 0.5225000000000001 0.05928571428571429 0.04
0 0.3425 0.5341666666666667 0.05928571428571429 0.04
0 0.4225 0.5366666666666667 0.05928571428571429 0.04
0 0.4853571428571429 0.5233333333333333 0.05928571428571429 0.04
0 0.5596428571428571 0.5291666666666667 0.05928571428571429 0.04
0 0.5925 0.5208333333333334 0.05928571428571429 0.04
0 0.5282142857142857 0.5316666666666667 0.05928571428571429 0.04
0 0.6296428571428572 0.52 0.05928571428571429 0.04
0 0.6910714285714286 0.5058333333333334 0.05928571428571429 0.04
0 0.7532142857142857 0.5016666666666667 0.05928571428571429 0.04
0 0.7803571428571429 0.49750000000000005 0.05928571428571429 0.04
0 0.8410714285714286 0.5375000000000001 0.05928571428571429 0.04
0 0.8939285714285714 0.5650000000000001 0.05928571428571429 0.04
0 0.9267857142857143 0.5691666666666667 0.05928571428571429 0.04
