0 0.12107142857142857 0.5195833333333334 0.052142857142857144 0.030833333333333334
0 0.16035714285714286 0.5204166666666667 0.052142857142857144 0.030833333333333334
0 0.21464285714285714 0.5304166666666666 0.052142857142857144 0.030833333333333334
0 0.2639285714285714 0.5220833333333333 0.052142857142857144 0.030833333333333334
0 0.44821428571428573 0.50875 0.052142857142857144 0.030833333333333334
0 0.5017857142857143 0.4920833333333334 0.052142857142857144 0.030833333333333334
0 0.5567857142857143 0.48958333333333337 0.052142857142857144 0.030833333333333334
0 0.6025 0.48375 0.052142857142857144 0.030833333333333334
0 0.6553571428571429 0.4854166666666667 0.052142857142857144 0.030833333333333334
0 0.6932142857142857 0.48125 0.052142857142857144 0.030833333333333334
0 0.7496428571428572 0.4945833333333334 0.052142857142857144 0.030833333333333334
0 0.7989285714285714 0.5070833333333333 0.052142857142857144 0.030833333333333334
0 0.8667857142857143 0.5379166666666667 0.052142857142857144 0.030833333333333334
0 0.9017857142857143 0.5554166666666667 0.052142857142857144 0.030833333333333334
