0 0.0325 0.4841666666666667 0.056428571428571425 0.03666666666666667
0 0.08964285714285715 0.49500000000000005 0.056428571428571425 0.03666666666666667
0 0.13892857142857143 0.51 0.056428571428571425 0.03666666666666667
0 0.19678571428571429 0.5066666666666667 0.056428571428571425 0.03666666666666667
0 0.2525 0.5158333333333334 0.056428571428571425 0.03666666666666667
0 0.2953571428571429 0.5116666666666667 0.056428571428571425 0.03666666666666667
0 0.33964285714285714 0.49833333333333335 0.056428571428571425 0.03666666666666667
0 0.42964285714285716 0.445 0.056428571428571425 0.03666666666666667
0 0.4782142857142857 0.44583333333333336 0.056428571428571425 0.03666666666666667
0 0.5367857142857143 0.43750000000000006 0.056428571428571425 0.03666666666666667
0 0.5853571428571429 0.4416666666666667 0.056428571428571425 0.03666666666666667
0 0.6467857142857143 0.4575 0.056428571428571425 0.03666666666666667
0 0.6967857142857142 0.4575 0.056428571428571425 0.03666666666666667
0 0.7432142857142857 0.4733333333333334 0.056428571428571425 0.03666666666666667
0 0.7803571428571429 0.5066666666666667 0.056428571428571425 0.03666666666666667
0 0.8260714285714286 0.5383333333333333 0.056428571428571425 0.03666666666666667
0 0.8682142857142857 0.5666666666666667 0.056428571428571425 0.03666666666666667
