0 0.14392857142857143 0.42750000000000005 0.052142857142857144 0.03166666666666667
0 0.18964285714285714 0.40750000000000003 0.052142857142857144 0.03166666666666667
0 0.23392857142857143 0.4 0.052142857142857144 0.03166666666666667
0 0.2875 0.39583333333333337 0.052142857142857144 0.03166666666666667
0 0.3425 0.4 0.052142857142857144 0.03166666666666667
0 0.3917857142857143 0.4166666666666667 0.052142857142857144 0.03166666666666667
0 0.4382142857142857 0.4166666666666667 0.052142857142857144 0.03166666666666667
0 0.48464285714285715 0.41250000000000003 0.052142857142857144 0.03166666666666667
0 0.5296428571428572 0.3983333333333334 0.052142857142857144 0.03166666666666667
0 0.5732142857142857 0.39666666666666667 0.052142857142857144 0.03166666666666667
0 0.6289285714285714 0.3983333333333334 0.052142857142857144 0.03166666666666667
0 0.6917857142857143 0.39416666666666667 0.052142857142857144 0.03166666666666667
0 0.7582142857142857 0.38833333333333336 0.052142857142857144 0.03166666666666667
0 0.8325 0.375 0.052142857142857144 0.03166666666666667
0 0.7925 0.3841666666666667 0.052142857142857144 0.03166666666666667
0 0.7182142857142857 0.3925 0.052142857142857144 0.03166666666666667
0 0.8696428571428572 0.3775 0.052142857142857144 0.03166666666666667
0 0.9375 0.37833333333333335 0.052142857142857144 0.03166666666666667
0 0.9182142857142858 0.37833333333333335 0.052142857142857144 0.03166666666666667
0 0.9617857142857142 0.3775 0.052142857142857144 0.03166666666666667
