0 0.2275 0.40708333333333335 0.07214285714285715 0.037500000000000006
0 0.28964285714285715 0.3979166666666667 0.07214285714285715 0.037500000000000006
0 0.3510714285714286 0.37625000000000003 0.07214285714285715 0.037500000000000006
0 0.41035714285714286 0.37125 0.07214285714285715 0.037500000000000006
0 0.4760714285714286 0.36541666666666667 0.07214285714285715 0.037500000000000006
0 0.5417857142857143 0.3779166666666667 0.07214285714285715 0.037500000000000006
0 0.5946428571428571 0.3745833333333334 0.07214285714285715 0.037500000000000006
0 0.6496428571428572 0.38208333333333333 0.07214285714285715 0.037500000000000006
0 0.6967857142857142 0.38875000000000004 0.07214285714285715 0.037500000000000006
0 0.7767857142857143 0.40125000000000005 0.07214285714285715 0.037500000000000006
0 0.8389285714285715 0.39625000000000005 0.07214285714285715 0.037500000000000006
0 0.8946428571428572 0.39125000000000004 0.07214285714285715 0.037500000000000006
0 0.9446428571428571 0.38125000000000003 0.07214285714285715 0.037500000000000006
