0 0.12642857142857142 0.4108333333333334 0.05714285714285714 0.03833333333333334
0 0.175 0.4058333333333334 0.05714285714285714 0.03833333333333334
0 0.23142857142857143 0.4108333333333334 0.05714285714285714 0.03833333333333334
0 0.2914285714285714 0.4141666666666667 0.05714285714285714 0.03833333333333334
0 0.35 0.395 0.05714285714285714 0.03833333333333334
0 0.42428571428571427 0.4058333333333334 0.05714285714285714 0.03833333333333334
0 0.4614285714285714 0.4133333333333334 0.05714285714285714 0.03833333333333334
0 0.38857142857142857 0.3975 0.05714285714285714 0.03833333333333334
0 0.5178571428571429 0.4266666666666667 0.05714285714285714 0.03833333333333334
0 0.5628571428571428 0.44583333333333336 0.05714285714285714 0.03833333333333334
0 0.7035714285714286 0.4633333333333334 0.05714285714285714 0.03833333333333334
0 0.7542857142857143 0.4525 0.05714285714285714 0.03833333333333334
0 0.8035714285714286 0.42583333333333334 0.05714285714285714 0.03833333333333334
0 0.8321428571428572 0.4066666666666667 0.05714285714285714 0.03833333333333334
0 0.8871428571428571 0.4066666666666667 0.05714285714285714 0.03833333333333334
0 0.9314285714285714 0.405 0.05714285714285714 0.03833333333333334
0 0.9714285714285714 0.40750000000000003 0.05714285714285714 0.03833333333333334
