0 0.03357142857142857 0.4479166666666667 0.05285714285714286 0.03416666666666667
0 0.08142857142857143 0.45458333333333334 0.05285714285714286 0.03416666666666667
0 0.12357142857142857 0.4604166666666667 0.05285714285714286 0.03416666666666667
0 0.1657142857142857 0.4779166666666667 0.05285714285714286 0.03416666666666667
0 0.21142857142857144 0.4829166666666667 0.05285714285714286 0.03416666666666667
0 0.26785714285714285 0.48375 0.05285714285714286 0.03416666666666667
0 0.32 0.47458333333333336 0.05285714285714286 0.03416666666666667
0 0.36142857142857143 0.4579166666666667 0.05285714285714286 0.03416666666666667
0 0.4114285714285714 0.4370833333333334 0.05285714285714286 0.03416666666666667
0 0.4564285714285714 0.42375 0.05285714285714286 0.03416666666666667
0 0.5092857142857142 0.47375 0.05285714285714286 0.03416666666666667
0 0.5 0.42625 0.05285714285714286 0.03416666666666667
0 0.5614285714285714 0.47208333333333335 0.05285714285714286 0.03416666666666667
0 0.6157142857142857 0.4754166666666667 0.05285714285714286 0.03416666666666667
0 0.6692857142857143 0.46708333333333335 0.05285714285714286 0.03416666666666667
0 0.7178571428571429 0.4454166666666667 0.05285714285714286 0.03416666666666667
0 0.7692857142857142 0.4320833333333334 0.05285714285714286 0.03416666666666667
0 0.81 0.4229166666666667 0.05285714285714286 0.03416666666666667
0 0.8578571428571429 0.43875000000000003 0.05285714285714286 0.03416666666666667
0 0.9228571428571428 0.43875000000000003 0.05285714285714286 0.03416666666666667
0 0.9735714285714285 0.4254166666666667 0.05285714285714286 0.03416666666666667
0 0.8778571428571429 0.43875000000000003 0.05285714285714286 0.03416666666666667
