0 0.04428571428571428 0.41833333333333333 0.07714285714285714 0.03333333333333333
0 0.08785714285714286 0.4166666666666667 0.07714285714285714 0.03333333333333333
0 0.12142857142857143 0.43500000000000005 0.07714285714285714 0.03333333333333333
0 0.16642857142857143 0.4491666666666667 0.07714285714285714 0.03333333333333333
0 0.21785714285714286 0.4491666666666667 0.07714285714285714 0.03333333333333333
0 0.27 0.4525 0.07714285714285714 0.03333333333333333
0 0.30785714285714283 0.4633333333333334 0.07714285714285714 0.03333333333333333
0 0.3485714285714286 0.4683333333333334 0.07714285714285714 0.03333333333333333
0 0.39357142857142857 0.4691666666666667 0.07714285714285714 0.03333333333333333
0 0.4442857142857143 0.45583333333333337 0.07714285714285714 0.03333333333333333
0 0.4857142857142857 0.4733333333333334 0.07714285714285714 0.03333333333333333
0 0.5414285714285715 0.46166666666666667 0.07714285714285714 0.03333333333333333
0 0.595 0.47000000000000003 0.07714285714285714 0.03333333333333333
0 0.6478571428571429 0.4791666666666667 0.07714285714285714 0.03333333333333333
0 0.6821428571428572 0.5083333333333334 0.07714285714285714 0.03333333333333333
0 0.7214285714285714 0.5383333333333333 0.07714285714285714 0.03333333333333333
