0 0.04214285714285714 0.44333333333333336 0.06714285714285714 0.045000000000000005
0 0.10428571428571429 0.4425 0.06714285714285714 0.045000000000000005
0 0.15928571428571428 0.4391666666666667 0.06714285714285714 0.045000000000000005
0 0.20857142857142857 0.43333333333333335 0.06714285714285714 0.045000000000000005
0 0.2571428571428571 0.4266666666666667 0.06714285714285714 0.045000000000000005
0 0.3142857142857143 0.4008333333333334 0.06714285714285714 0.045000000000000005
0 0.3678571428571429 0.405 0.06714285714285714 0.045000000000000005
0 0.43 0.39333333333333337 0.06714285714285714 0.045000000000000005
0 0.48857142857142855 0.3866666666666667 0.06714285714285714 0.045000000000000005
0 0.5385714285714286 0.3841666666666667 0.06714285714285714 0.045000000000000005
0 0.5878571428571429 0.4008333333333334 0.06714285714285714 0.045000000000000005
0 0.6492857142857142 0.43333333333333335 0.06714285714285714 0.045000000000000005
0 0.695 0.4666666666666667 0.06714285714285714 0.045000000000000005
0 0.7507142857142857 0.48750000000000004 0.06714285714285714 0.045000000000000005
0 0.8142857142857143 0.5233333333333333 0.06714285714285714 0.045000000000000005
0 0.7771428571428571 0.49750000000000005 0.06714285714285714 0.045000000000000005
0 0.8592857142857143 0.5516666666666667 0.06714285714285714 0.045000000000000005
0 0.895 0.5983333333333334 0.06714285714285714 0.045000000000000005
0 0.9442857142857143 0.635 0.06714285714285714 0.045000000000000005
