0 0.032857142857142856 0.37375 0.06285714285714286 0.04416666666666667
0 0.08285714285714285 0.36041666666666666 0.06285714285714286 0.04416666666666667
0 0.1392857142857143 0.35208333333333336 0.06285714285714286 0.04416666666666667
0 0.18642857142857142 0.34875 0.06285714285714286 0.04416666666666667
0 0.2307142857142857 0.35375 0.06285714285714286 0.04416666666666667
0 0.2842857142857143 0.36291666666666667 0.06285714285714286 0.04416666666666667
0 0.345 0.36041666666666666 0.06285714285714286 0.04416666666666667
0 0.4164285714285714 0.36375 0.06285714285714286 0.04416666666666667
0 0.465 0.34958333333333336 0.06285714285714286 0.04416666666666667
0 0.49857142857142855 0.32708333333333334 0.06285714285714286 0.04416666666666667
0 0.5435714285714286 0.32708333333333334 0.06285714285714286 0.04416666666666667
0 0.58 0.34875 0.06285714285714286 0.04416666666666667
0 0.6478571428571429 0.35708333333333336 0.06285714285714286 0.04416666666666667
0 0.7028571428571428 0.36375 0.06285714285714286 0.04416666666666667
0 0.74 0.36125 0.06285714285714286 0.04416666666666667
0 0.7921428571428571 0.34625 0.06285714285714286 0.04416666666666667
0 0.8292857142857143 0.3329166666666667 0.06285714285714286 0.04416666666666667
0 0.875 0.32958333333333334 0.06285714285714286 0.04416666666666667
0 0.9321428571428572 0.32875000000000004 0.06285714285714286 0.04416666666666667
0 0.9664285714285714 0.32625000000000004 0.06285714285714286 0.04416666666666667
