0 0.16392857142857142 0.47375 0.07071428571428572 0.0475
0 0.22178571428571428 0.45625000000000004 0.07071428571428572 0.0475
0 0.2889285714285714 0.4379166666666667 0.07071428571428572 0.0475
0 0.3489285714285714 0.4379166666666667 0.07071428571428572 0.0475
0 0.41035714285714286 0.44625000000000004 0.07071428571428572 0.0475
0 0.47035714285714286 0.43291666666666667 0.07071428571428572 0.0475
0 0.5317857142857143 0.4295833333333334 0.07071428571428572 0.0475
0 0.6032142857142857 0.4454166666666667 0.07071428571428572 0.0475
0 0.6689285714285714 0.46125000000000005 0.07071428571428572 0.0475
0 0.7375 0.47708333333333336 0.07071428571428572 0.0475
0 0.8039285714285714 0.4754166666666667 0.07071428571428572 0.0475
0 0.8753571428571428 0.47958333333333336 0.07071428571428572 0.0475
0 0.9510714285714286 0.4604166666666667 0.07071428571428572 0.0475
