0 0.03857142857142857 0.39625000000000005 0.06714285714285714 0.0425
0 0.09285714285714286 0.4104166666666667 0.06714285714285714 0.0425
0 0.16071428571428573 0.40708333333333335 0.06714285714285714 0.0425
0 0.24214285714285713 0.4204166666666667 0.06714285714285714 0.0425
0 0.315 0.3904166666666667 0.06714285714285714 0.0425
0 0.3757142857142857 0.38958333333333334 0.06714285714285714 0.0425
0 0.4257142857142857 0.40375000000000005 0.06714285714285714 0.0425
0 0.47714285714285715 0.4054166666666667 0.06714285714285714 0.0425
0 0.5164285714285715 0.38375000000000004 0.06714285714285714 0.0425
0 0.575 0.36625 0.06714285714285714 0.0425
0 0.635 0.37041666666666667 0.06714285714285714 0.0425
0 0.7007142857142857 0.38708333333333333 0.06714285714285714 0.0425
0 0.7771428571428571 0.40125000000000005 0.06714285714285714 0.0425
0 0.8392857142857143 0.38375000000000004 0.06714285714285714 0.0425
0 0.8857142857142857 0.35708333333333336 0.06714285714285714 0.0425
0 0.9471428571428572 0.3504166666666667 0.06714285714285714 0.0425
0 0.9657142857142857 0.3504166666666667 0.06714285714285714 0.0425
