0 0.14392857142857143 0.41208333333333336 0.05785714285714286 0.04416666666666667
0 0.20392857142857143 0.39958333333333335 0.05785714285714286 0.04416666666666667
0 0.2639285714285714 0.38958333333333334 0.05785714285714286 0.04416666666666667
0 0.32107142857142856 0.38125000000000003 0.05785714285714286 0.04416666666666667
0 0.37464285714285717 0.4054166666666667 0.05785714285714286 0.04416666666666667
0 0.43535714285714283 0.4254166666666667 0.05785714285714286 0.04416666666666667
0 0.5075 0.43375 0.05785714285714286 0.04416666666666667
0 0.5732142857142857 0.4345833333333334 0.05785714285714286 0.04416666666666667
0 0.6353571428571428 0.43625 0.05785714285714286 0.04416666666666667
0 0.6689285714285714 0.4104166666666667 0.05785714285714286 0.04416666666666667
0 0.735 0.4033333333333334 0.055714285714285716 0.035
0 0.7957142857142857 0.39208333333333334 0.06 0.030833333333333334
0 0.8592857142857143 0.4316666666666667 0.05857142857142857 0.04
0 0.9178571428571428 0.44833333333333336 0.07285714285714286 0.03333333333333333
