0 0.22857142857142856 0.4541666666666667 0.07142857142857142 0.03166666666666667
0 0.2842857142857143 0.45583333333333337 0.07142857142857142 0.03166666666666667
0 0.3342857142857143 0.4691666666666667 0.07142857142857142 0.03166666666666667
0 0.39714285714285713 0.4525 0.07142857142857142 0.03166666666666667
0 0.46 0.4316666666666667 0.07142857142857142 0.03166666666666667
0 0.28285714285714286 0.53 0.07142857142857142 0.03166666666666667
0 0.33785714285714286 0.5125000000000001 0.07142857142857142 0.03166666666666667
0 0.40214285714285714 0.4966666666666667 0.07142857142857142 0.03166666666666667
0 0.4807142857142857 0.4891666666666667 0.07142857142857142 0.03166666666666667
0 0.5471428571428572 0.4791666666666667 0.07142857142857142 0.03166666666666667
0 0.6114285714285714 0.46416666666666667 0.07142857142857142 0.03166666666666667
0 0.6814285714285714 0.4608333333333334 0.07142857142857142 0.03166666666666667
0 0.7371428571428571 0.4716666666666667 0.07142857142857142 0.03166666666666667
0 0.8107142857142857 0.47000000000000003 0.07142857142857142 0.03166666666666667
0 0.8828571428571429 0.47000000000000003 0.07142857142857142 0.03166666666666667
0 0.945 0.4566666666666667 0.07142857142857142 0.03166666666666667
