0 0.20964285714285713 0.38 0.07642857142857143 0.035
0 0.2775 0.38583333333333336 0.07642857142857143 0.035
0 0.34035714285714286 0.38833333333333336 0.07642857142857143 0.035
0 0.4132142857142857 0.39916666666666667 0.07642857142857143 0.035
0 0.4775 0.38083333333333336 0.07642857142857143 0.035
0 0.5196428571428572 0.3458333333333334 0.07642857142857143 0.035
0 0.5660714285714286 0.3641666666666667 0.07642857142857143 0.035
0 0.6582142857142858 0.3925 0.07642857142857143 0.035
0 0.7289285714285715 0.4008333333333334 0.07642857142857143 0.035
0 0.7860714285714285 0.3975 0.07642857142857143 0.035
0 0.8889285714285714 0.39083333333333337 0.07642857142857143 0.035
0 0.9496428571428571 0.37833333333333335 0.07642857142857143 0.035
