0 0.04071428571428572 0.5129166666666667 0.06285714285714286 0.04916666666666667
0 0.07714285714285714 0.4829166666666667 0.06285714285714286 0.04916666666666667
0 0.12357142857142857 0.4970833333333334 0.06285714285714286 0.04916666666666667
0 0.17285714285714285 0.50375 0.06285714285714286 0.04916666666666667
0 0.2092857142857143 0.4829166666666667 0.06285714285714286 0.04916666666666667
0 0.24642857142857144 0.4779166666666667 0.06285714285714286 0.04916666666666667
0 0.285 0.48375 0.06285714285714286 0.04916666666666667
0 0.3171428571428571 0.48875 0.06285714285714286 0.04916666666666667
0 0.35928571428571426 0.4970833333333334 0.06285714285714286 0.04916666666666667
0 0.405 0.48958333333333337 0.06285714285714286 0.04916666666666667
0 0.44 0.4854166666666667 0.06285714285714286 0.04916666666666667
0 0.4757142857142857 0.4754166666666667 0.06285714285714286 0.04916666666666667
0 0.5178571428571429 0.46708333333333335 0.06285714285714286 0.04916666666666667
0 0.5578571428571428 0.43375 0.06285714285714286 0.04916666666666667
0 0.5957142857142858 0.42458333333333337 0.06285714285714286 0.04916666666666667
0 0.6421428571428571 0.4429166666666667 0.06285714285714286 0.04916666666666667
0 0.6914285714285714 0.45208333333333334 0.06285714285714286 0.04916666666666667
0 0.7214285714285714 0.47375 0.06285714285714286 0.04916666666666667
0 0.7721428571428571 0.48208333333333336 0.06285714285714286 0.04916666666666667
0 0.8142857142857143 0.4854166666666667 0.06285714285714286 0.04916666666666667
0 0.8507142857142858 0.4679166666666667 0.06285714285714286 0.04916666666666667
