0 0.03642857142857143 0.4658333333333334 0.07142857142857142 0.04166666666666667
0 0.10821428571428571 0.4841666666666667 0.07214285714285715 0.04166666666666667
0 0.17607142857142857 0.47500000000000003 0.07214285714285715 0.04166666666666667
0 0.2382142857142857 0.4783333333333334 0.07214285714285715 0.04166666666666667
0 0.30392857142857144 0.4675 0.07214285714285715 0.04166666666666667
0 0.3675 0.4758333333333334 0.07214285714285715 0.04166666666666667
0 0.44035714285714284 0.48833333333333334 0.07214285714285715 0.04166666666666667
0 0.5032142857142857 0.49250000000000005 0.07214285714285715 0.04166666666666667
0 0.5589285714285714 0.51 0.07214285714285715 0.04166666666666667
0 0.6275 0.4866666666666667 0.07214285714285715 0.04166666666666667
0 0.6875 0.49750000000000005 0.07214285714285715 0.04166666666666667
0 0.7582142857142857 0.4866666666666667 0.07214285714285715 0.04166666666666667
0 0.8182142857142857 0.5058333333333334 0.07214285714285715 0.04166666666666667
0 0.9175 0.5925 0.07214285714285715 0.04166666666666667
