0 0.03571428571428571 0.45125000000000004 0.05714285714285714 0.0325
0 0.09214285714285714 0.4420833333333334 0.05714285714285714 0.0325
0 0.20285714285714285 0.46458333333333335 0.05714285714285714 0.0325
0 0.2864285714285714 0.4904166666666667 0.05714285714285714 0.0325
0 0.355 0.5029166666666667 0.05714285714285714 0.0325
0 0.45785714285714285 0.5070833333333333 0.05714285714285714 0.0325
0 0.5371428571428571 0.50625 0.05714285714285714 0.0325
0 0.4942857142857143 0.5054166666666667 0.05714285714285714 0.0325
0 0.6042857142857143 0.4979166666666667 0.05714285714285714 0.0325
0 0.7021428571428572 0.4554166666666667 0.05714285714285714 0.0325
0 0.7814285714285715 0.46375000000000005 0.05714285714285714 0.0325
0 0.8307142857142857 0.4779166666666667 0.05714285714285714 0.0325
0 0.88 0.4829166666666667 0.05714285714285714 0.0325
0 0.9585714285714285 0.4829166666666667 0.05714285714285714 0.0325
0 0.7478571428571429 0.45625000000000004 0.05714285714285714 0.0325
