0 0.14857142857142858 0.4566666666666667 0.08571428571428572 0.04166666666666667
0 0.22857142857142856 0.4541666666666667 0.08571428571428572 0.04166666666666667
0 0.3192857142857143 0.4425 0.08571428571428572 0.04166666666666667
0 0.4042857142857143 0.4541666666666667 0.08571428571428572 0.04166666666666667
0 0.4614285714285714 0.43000000000000005 0.08571428571428572 0.04166666666666667
0 0.5814285714285714 0.39583333333333337 0.08571428571428572 0.04166666666666667
0 0.6621428571428571 0.44 0.08571428571428572 0.04166666666666667
0 0.745 0.4341666666666667 0.08571428571428572 0.04166666666666667
0 0.82 0.4341666666666667 0.08571428571428572 0.04166666666666667
0 0.9071428571428571 0.4366666666666667 0.08571428571428572 0.04166666666666667
0 0.9478571428571428 0.44833333333333336 0.08571428571428572 0.04166666666666667
