0 0.032857142857142856 0.45208333333333334 0.06428571428571428 0.04583333333333334
0 0.10678571428571429 0.4504166666666667 0.065 0.04583333333333334
0 0.17392857142857143 0.44375000000000003 0.065 0.04583333333333334
0 0.24821428571428572 0.44125000000000003 0.065 0.04583333333333334
0 0.32607142857142857 0.43125 0.065 0.04583333333333334
0 0.3989285714285714 0.43625 0.065 0.04583333333333334
0 0.4660714285714286 0.43875000000000003 0.065 0.04583333333333334
0 0.5182142857142857 0.42708333333333337 0.065 0.04583333333333334
0 0.5860714285714286 0.42125 0.065 0.04583333333333334
0 0.6525 0.4179166666666667 0.065 0.04583333333333334
0 0.7125 0.42791666666666667 0.065 0.04583333333333334
0 0.7653571428571428 0.4254166666666667 0.065 0.04583333333333334
0 0.8317857142857142 0.44125000000000003 0.065 0.04583333333333334
0 0.8817857142857143 0.45875000000000005 0.065 0.04583333333333334
0 0.9239285714285714 0.47125000000000006 0.065 0.04583333333333334
