0 0.028214285714285713 0.5129166666666667 0.055 0.04083333333333333
0 0.08285714285714285 0.5204166666666667 0.055714285714285716 0.04083333333333333
0 0.21285714285714286 0.5104166666666667 0.055714285714285716 0.04083333333333333
0 0.2642857142857143 0.51625 0.055714285714285716 0.04083333333333333
0 0.32142857142857145 0.5120833333333333 0.055714285714285716 0.04083333333333333
0 0.38 0.5012500000000001 0.055714285714285716 0.04083333333333333
0 0.43 0.48958333333333337 0.055714285714285716 0.04083333333333333
0 0.47714285714285715 0.49541666666666667 0.055714285714285716 0.04083333333333333
0 0.5178571428571429 0.49375 0.055714285714285716 0.04083333333333333
0 0.5664285714285714 0.4979166666666667 0.055714285714285716 0.04083333333333333
0 0.6257142857142857 0.5012500000000001 0.055714285714285716 0.04083333333333333
0 0.6842857142857143 0.49875 0.055714285714285716 0.04083333333333333
0 0.7442857142857143 0.5054166666666667 0.055714285714285716 0.04083333333333333
0 0.8092857142857143 0.5095833333333334 0.055714285714285716 0.04083333333333333
0 0.8485714285714285 0.50375 0.055714285714285716 0.04083333333333333
0 0.8885714285714286 0.49875 0.055714285714285716 0.04083333333333333
0 0.9535714285714286 0.5070833333333333 0.055714285714285716 0.04083333333333333
0 0.9721428571428572 0.5129166666666667 0.055714285714285716 0.04083333333333333
