0 0.3032142857142857 0.4766666666666667 0.07928571428571428 0.045000000000000005
0 0.3539285714285714 0.48500000000000004 0.07928571428571428 0.045000000000000005
0 0.40464285714285714 0.4808333333333334 0.07928571428571428 0.045000000000000005
0 0.44607142857142856 0.4991666666666667 0.07928571428571428 0.045000000000000005
0 0.5075 0.5125000000000001 0.07928571428571428 0.045000000000000005
0 0.5410714285714285 0.5016666666666667 0.07928571428571428 0.045000000000000005
0 0.5967857142857143 0.4866666666666667 0.07928571428571428 0.045000000000000005
0 0.6417857142857143 0.4866666666666667 0.07928571428571428 0.045000000000000005
0 0.7039285714285715 0.48333333333333334 0.07928571428571428 0.045000000000000005
0 0.7539285714285714 0.4733333333333334 0.07928571428571428 0.045000000000000005
0 0.8067857142857143 0.46 0.07928571428571428 0.045000000000000005
0 0.8517857142857143 0.4516666666666667 0.07928571428571428 0.045000000000000005
0 0.8917857142857143 0.44333333333333336 0.07928571428571428 0.045000000000000005
0 0.9303571428571429 0.42583333333333334 0.07928571428571428 0.045000000000000005
0 0.9603571428571429 0.4291666666666667 0.07928571428571428 0.045000000000000005
