0 0.06678571428571428 0.7045833333333333 0.10785714285714286 0.0325
0 0.12821428571428573 0.6837500000000001 0.10785714285714286 0.0325
0 0.1982142857142857 0.6879166666666667 0.10785714285714286 0.0325
0 0.2764285714285714 0.6937500000000001 0.07285714285714286 0.029166666666666667
0 0.32571428571428573 0.6920833333333334 0.07285714285714286 0.029166666666666667
0 0.38857142857142857 0.6795833333333334 0.07285714285714286 0.029166666666666667
0 0.455 0.6637500000000001 0.07285714285714286 0.029166666666666667
0 0.5142857142857142 0.66125 0.07285714285714286 0.029166666666666667
0 0.5757142857142857 0.6604166666666668 0.07285714285714286 0.029166666666666667
0 0.6428571428571429 0.6654166666666667 0.07285714285714286 0.029166666666666667
0 0.7085714285714285 0.66625 0.07285714285714286 0.029166666666666667
0 0.7635714285714286 0.6620833333333334 0.07285714285714286 0.029166666666666667
0 0.8271428571428572 0.6729166666666667 0.07285714285714286 0.029166666666666667
0 0.8742857142857143 0.7045833333333333 0.04857142857142857 0.050833333333333335
