0 0.22857142857142856 0.535 0.08571428571428572 0.035
0 0.2957142857142857 0.5275000000000001 0.08571428571428572 0.035
0 0.36142857142857143 0.5133333333333334 0.08571428571428572 0.035
0 0.4342857142857143 0.5016666666666667 0.08571428571428572 0.035
0 0.5071428571428571 0.5108333333333334 0.08571428571428572 0.035
0 0.5814285714285714 0.5116666666666667 0.08571428571428572 0.035
0 0.635 0.5066666666666667 0.08571428571428572 0.035
0 0.7064285714285714 0.4991666666666667 0.08571428571428572 0.035
0 0.78 0.4991666666666667 0.08571428571428572 0.035
0 0.8485714285714285 0.49000000000000005 0.08571428571428572 0.035
0 0.9121428571428571 0.4891666666666667 0.08571428571428572 0.035
0 0.9414285714285714 0.5058333333333334 0.08571428571428572 0.035
