0 0.12 0.38083333333333336 0.06714285714285714 0.04666666666666667
0 0.2692857142857143 0.38083333333333336 0.07571428571428572 0.030000000000000002
0 0.36357142857142855 0.38083333333333336 0.07571428571428572 0.030000000000000002
0 0.4757142857142857 0.38333333333333336 0.07571428571428572 0.030000000000000002
0 0.5528571428571428 0.36250000000000004 0.07571428571428572 0.030000000000000002
0 0.6235714285714286 0.3458333333333334 0.07571428571428572 0.030000000000000002
0 0.695 0.3408333333333334 0.07571428571428572 0.030000000000000002
0 0.7792857142857142 0.3408333333333334 0.07571428571428572 0.030000000000000002
0 0.8485714285714285 0.3566666666666667 0.07571428571428572 0.030000000000000002
0 0.9592857142857143 0.37000000000000005 0.07571428571428572 0.030000000000000002
