0 0.19714285714285715 0.45458333333333334 0.05142857142857143 0.022500000000000003
0 0.3175 0.46875000000000006 0.060714285714285714 0.02416666666666667
0 0.13071428571428573 0.4929166666666667 0.05142857142857143 0.022500000000000003
0 0.38107142857142856 0.4829166666666667 0.060714285714285714 0.02416666666666667
0 0.4689285714285714 0.4945833333333334 0.060714285714285714 0.02416666666666667
0 0.5296428571428572 0.48708333333333337 0.060714285714285714 0.02416666666666667
0 0.6089285714285714 0.4854166666666667 0.060714285714285714 0.02416666666666667
0 0.6725 0.47708333333333336 0.060714285714285714 0.02416666666666667
0 0.7260714285714286 0.46875000000000006 0.060714285714285714 0.02416666666666667
0 0.7989285714285714 0.48375 0.060714285714285714 0.02416666666666667
0 0.8660714285714286 0.4879166666666667 0.060714285714285714 0.02416666666666667
0 0.07928571428571428 0.50875 0.05142857142857143 0.022500000000000003
