0 0.030357142857142857 0.5283333333333333 0.052142857142857144 0.021666666666666667
0 0.08035714285714286 0.5275000000000001 0.052142857142857144 0.021666666666666667
0 0.17107142857142857 0.5316666666666667 0.052142857142857144 0.021666666666666667
0 0.3517857142857143 0.5158333333333334 0.052142857142857144 0.021666666666666667
0 0.3482142857142857 0.5141666666666667 0.052142857142857144 0.021666666666666667
0 0.4775 0.48250000000000004 0.052142857142857144 0.021666666666666667
0 0.5282142857142857 0.4866666666666667 0.052142857142857144 0.021666666666666667
0 0.5925 0.5141666666666667 0.052142857142857144 0.021666666666666667
0 0.6446428571428572 0.5141666666666667 0.052142857142857144 0.021666666666666667
0 0.6960714285714286 0.5 0.052142857142857144 0.021666666666666667
0 0.7439285714285714 0.4783333333333334 0.052142857142857144 0.021666666666666667
0 0.7946428571428571 0.48000000000000004 0.052142857142857144 0.021666666666666667
0 0.8532142857142857 0.4791666666666667 0.052142857142857144 0.021666666666666667
