0 0.2357142857142857 0.37375 0.07428571428571429 0.0275
0 0.3028571428571429 0.36541666666666667 0.07428571428571429 0.0275
0 0.3964285714285714 0.37375 0.07428571428571429 0.0275
0 0.465 0.3979166666666667 0.07428571428571429 0.0275
0 0.5257142857142857 0.40875 0.07428571428571429 0.0275
0 0.5978571428571429 0.4129166666666667 0.07428571428571429 0.0275
0 0.6785714285714286 0.4395833333333334 0.07428571428571429 0.0275
0 0.7728571428571429 0.45708333333333334 0.07428571428571429 0.0275
0 0.8728571428571429 0.45125000000000004 0.07428571428571429 0.0275
0 0.13714285714285715 0.39708333333333334 0.07428571428571429 0.0275
