0 0.15714285714285714 0.45 0.06857142857142857 0.035
0 0.062142857142857146 0.47500000000000003 0.06857142857142857 0.035
0 0.22071428571428572 0.4525 0.06857142857142857 0.035
0 0.3007142857142857 0.4525 0.06857142857142857 0.035
0 0.39071428571428574 0.45083333333333336 0.06857142857142857 0.035
0 0.45357142857142857 0.4291666666666667 0.06857142857142857 0.035
0 0.525 0.4241666666666667 0.06857142857142857 0.035
0 0.5992857142857143 0.42500000000000004 0.06857142857142857 0.035
0 0.6778571428571428 0.4216666666666667 0.06857142857142857 0.035
0 0.7435714285714285 0.41000000000000003 0.06857142857142857 0.035
0 0.8028571428571428 0.4083333333333334 0.06857142857142857 0.035
0 0.8721428571428571 0.44083333333333335 0.06857142857142857 0.035
