0 0.08357142857142857 0.5125000000000001 0.07142857142857142 0.035
0 0.15428571428571428 0.5125000000000001 0.07142857142857142 0.035
0 0.2292857142857143 0.49833333333333335 0.07142857142857142 0.035
0 0.30428571428571427 0.4966666666666667 0.07142857142857142 0.035
0 0.39714285714285713 0.525 0.07142857142857142 0.035
0 0.46214285714285713 0.5125000000000001 0.07142857142857142 0.035
0 0.5107142857142857 0.4841666666666667 0.07142857142857142 0.035
0 0.5892857142857143 0.4866666666666667 0.07142857142857142 0.035
0 0.6142857142857143 0.5441666666666667 0.07142857142857142 0.035
0 0.6885714285714286 0.525 0.07142857142857142 0.035
0 0.64 0.5133333333333334 0.07142857142857142 0.035
0 0.7585714285714286 0.52 0.07142857142857142 0.035
0 0.815 0.5241666666666667 0.07142857142857142 0.035
0 0.8621428571428571 0.5316666666666667 0.07142857142857142 0.035
0 0.9114285714285715 0.5175000000000001 0.07142857142857142 0.035
0 0.9535714285714286 0.5158333333333334 0.07142857142857142 0.035
