0 0.045 0.46416666666666667 0.08428571428571428 0.04666666666666667
0 0.08285714285714285 0.4475 0.08428571428571428 0.04666666666666667
0 0.1457142857142857 0.44083333333333335 0.08428571428571428 0.04666666666666667
0 0.18857142857142858 0.4341666666666667 0.08428571428571428 0.04666666666666667
0 0.22 0.42333333333333334 0.08428571428571428 0.04666666666666667
0 0.26857142857142857 0.4191666666666667 0.08428571428571428 0.04666666666666667
0 0.3171428571428571 0.4216666666666667 0.08428571428571428 0.04666666666666667
0 0.37 0.41500000000000004 0.08428571428571428 0.04666666666666667
0 0.40714285714285714 0.4266666666666667 0.08428571428571428 0.04666666666666667
0 0.45 0.44083333333333335 0.08428571428571428 0.04666666666666667
0 0.505 0.45 0.08428571428571428 0.04666666666666667
0 0.5792857142857143 0.4783333333333334 0.08428571428571428 0.04666666666666667
0 0.5407142857142857 0.46416666666666667 0.08428571428571428 0.04666666666666667
0 0.6221428571428571 0.4891666666666667 0.08428571428571428 0.04666666666666667
0 0.6757142857142857 0.49583333333333335 0.08428571428571428 0.04666666666666667
