0 0.03357142857142857 0.4754166666666667 0.06571428571428571 0.050833333333333335
0 0.09892857142857144 0.48625 0.06642857142857143 0.050833333333333335
0 0.17642857142857143 0.5004166666666667 0.08714285714285715 0.03916666666666667
0 0.24928571428571428 0.51125 0.08714285714285715 0.03916666666666667
0 0.3314285714285714 0.51125 0.08714285714285715 0.03916666666666667
0 0.39071428571428574 0.4945833333333334 0.08714285714285715 0.03916666666666667
0 0.4614285714285714 0.5054166666666667 0.08714285714285715 0.03916666666666667
0 0.5357142857142857 0.52875 0.08714285714285715 0.03916666666666667
0 0.6142857142857143 0.5304166666666666 0.08714285714285715 0.03916666666666667
0 0.6742857142857143 0.51125 0.08714285714285715 0.03916666666666667
0 0.7464285714285714 0.51875 0.08714285714285715 0.03916666666666667
0 0.8121428571428572 0.5170833333333333 0.08714285714285715 0.03916666666666667
0 0.88 0.5370833333333334 0.08714285714285715 0.03916666666666667
0 0.9114285714285715 0.55625 0.08714285714285715 0.03916666666666667
