0 0.23892857142857143 0.42208333333333337 0.07928571428571428 0.030833333333333334
0 0.33785714285714286 0.43083333333333335 0.06857142857142857 0.030000000000000002
0 0.4067857142857143 0.43250000000000005 0.07071428571428572 0.04
0 0.465 0.43375 0.07 0.035833333333333335
0 0.5492857142857143 0.45125000000000004 0.06285714285714286 0.029166666666666667
0 0.6021428571428571 0.4470833333333334 0.06285714285714286 0.029166666666666667
0 0.5057142857142857 0.4420833333333334 0.06285714285714286 0.029166666666666667
0 0.2782142857142857 0.4295833333333334 0.07928571428571428 0.030833333333333334
0 0.6585714285714286 0.43291666666666667 0.06285714285714286 0.029166666666666667
0 0.715 0.42791666666666667 0.06285714285714286 0.029166666666666667
0 0.765 0.4470833333333334 0.06285714285714286 0.029166666666666667
0 0.825 0.46125000000000005 0.06285714285714286 0.029166666666666667
0 0.895 0.48125 0.06285714285714286 0.029166666666666667
0 0.9478571428571428 0.4654166666666667 0.06285714285714286 0.029166666666666667
0 0.9635714285714285 0.44875000000000004 0.06285714285714286 0.029166666666666667
