0 0.046785714285714285 0.3516666666666667 0.085 0.021666666666666667
0 0.09892857142857144 0.32583333333333336 0.085 0.021666666666666667
0 0.17035714285714285 0.3175 0.085 0.021666666666666667
0 0.30392857142857144 0.2991666666666667 0.085 0.021666666666666667
0 0.3825 0.28500000000000003 0.085 0.021666666666666667
0 0.45035714285714284 0.26916666666666667 0.085 0.021666666666666667
0 0.5153571428571428 0.29083333333333333 0.085 0.021666666666666667
0 0.5839285714285715 0.3041666666666667 0.085 0.021666666666666667
0 0.6510714285714285 0.3091666666666667 0.085 0.021666666666666667
0 0.7132142857142857 0.29833333333333334 0.085 0.021666666666666667
0 0.7932142857142858 0.30000000000000004 0.085 0.021666666666666667
0 0.8439285714285715 0.3075 0.085 0.021666666666666667
