0 0.030714285714285715 0.47875 0.06 0.01916666666666667
0 0.06928571428571428 0.4425 0.04 0.028333333333333335
0 0.125 0.42833333333333334 0.07142857142857142 0.03166666666666667
0 0.195 0.42833333333333334 0.07142857142857142 0.03166666666666667
0 0.26357142857142857 0.42750000000000005 0.07142857142857142 0.03166666666666667
0 0.32571428571428573 0.4033333333333334 0.07142857142857142 0.03166666666666667
0 0.4064285714285714 0.3866666666666667 0.07142857142857142 0.03166666666666667
0 0.47285714285714286 0.39583333333333337 0.07142857142857142 0.03166666666666667
0 0.5392857142857143 0.41000000000000003 0.07142857142857142 0.03166666666666667
0 0.6007142857142858 0.43083333333333335 0.07142857142857142 0.03166666666666667
0 0.66 0.4366666666666667 0.07142857142857142 0.03166666666666667
0 0.7121428571428572 0.4191666666666667 0.07142857142857142 0.03166666666666667
0 0.765 0.42833333333333334 0.07142857142857142 0.03166666666666667
0 0.8221428571428572 0.45333333333333337 0.07142857142857142 0.03166666666666667
0 0.8842857142857142 0.46416666666666667 0.07142857142857142 0.03166666666666667
