0 0.04428571428571428 0.43750000000000006 0.055714285714285716 0.04166666666666667
0 0.23607142857142857 0.42875 0.06928571428571428 0.0325
0 0.29678571428571426 0.40875 0.06928571428571428 0.0325
0 0.3575 0.40958333333333335 0.06928571428571428 0.0325
0 0.42678571428571427 0.4104166666666667 0.06928571428571428 0.0325
0 0.47535714285714287 0.42625 0.06928571428571428 0.0325
0 0.5289285714285714 0.4395833333333334 0.06928571428571428 0.0325
0 0.5982142857142857 0.4404166666666667 0.06928571428571428 0.0325
0 0.6432142857142857 0.45458333333333334 0.06928571428571428 0.0325
0 0.6953571428571429 0.46625000000000005 0.06928571428571428 0.0325
0 0.7503571428571428 0.44125000000000003 0.06928571428571428 0.0325
0 0.8139285714285714 0.4454166666666667 0.06928571428571428 0.0325
0 0.8810714285714286 0.47458333333333336 0.06928571428571428 0.0325
