0 0.3967857142857143 0.5041666666666667 0.07357142857142857 0.043333333333333335
0 0.31892857142857145 0.5125000000000001 0.07357142857142857 0.043333333333333335
0 0.48178571428571426 0.4658333333333334 0.07357142857142857 0.043333333333333335
0 0.5560714285714285 0.4658333333333334 0.07357142857142857 0.043333333333333335
0 0.6289285714285714 0.4633333333333334 0.07357142857142857 0.043333333333333335
0 0.6803571428571429 0.4466666666666667 0.07357142857142857 0.043333333333333335
0 0.7403571428571428 0.43250000000000005 0.07357142857142857 0.043333333333333335
0 0.8039285714285714 0.4083333333333334 0.07357142857142857 0.043333333333333335
0 0.8660714285714286 0.40166666666666667 0.07357142857142857 0.043333333333333335
0 0.9110714285714285 0.4108333333333334 0.07357142857142857 0.043333333333333335
0 0.9546428571428571 0.42250000000000004 0.07357142857142857 0.043333333333333335
