0 0.15928571428571428 0.45208333333333334 0.08428571428571428 0.04583333333333334
0 0.2292857142857143 0.4395833333333334 0.08428571428571428 0.04583333333333334
0 0.2985714285714286 0.43625 0.08428571428571428 0.04583333333333334
0 0.37714285714285717 0.4295833333333334 0.08428571428571428 0.04583333333333334
0 0.44571428571428573 0.42208333333333337 0.08428571428571428 0.04583333333333334
0 0.5257142857142857 0.4204166666666667 0.08428571428571428 0.04583333333333334
0 0.5864285714285714 0.40375000000000005 0.08428571428571428 0.04583333333333334
0 0.6678571428571428 0.38625000000000004 0.08428571428571428 0.04583333333333334
0 0.7385714285714285 0.3854166666666667 0.08428571428571428 0.04583333333333334
0 0.8042857142857143 0.35958333333333337 0.08428571428571428 0.04583333333333334
0 0.8771428571428571 0.37375 0.08428571428571428 0.04583333333333334
0 0.9514285714285714 0.36541666666666667 0.08428571428571428 0.04583333333333334
0 0.9532142857142857 0.3166666666666667 0.06642857142857143 0.03666666666666667
