0 0.05178571428571429 0.3354166666666667 0.09928571428571428 0.0475
0 0.11964285714285715 0.3454166666666667 0.09928571428571428 0.0475
0 0.2082142857142857 0.35958333333333337 0.09928571428571428 0.0475
0 0.2889285714285714 0.3745833333333334 0.09928571428571428 0.0475
0 0.35678571428571426 0.3795833333333334 0.09928571428571428 0.0475
0 0.4367857142857143 0.37125 0.09928571428571428 0.0475
0 0.5117857142857143 0.3720833333333334 0.09928571428571428 0.0475
0 0.5746428571428571 0.37041666666666667 0.09928571428571428 0.0475
0 0.6353571428571428 0.38208333333333333 0.09928571428571428 0.0475
0 0.7125 0.38625000000000004 0.09928571428571428 0.0475
0 0.7825 0.38958333333333334 0.09928571428571428 0.0475
0 0.8367857142857142 0.3979166666666667 0.09928571428571428 0.0475
0 0.8839285714285714 0.40958333333333335 0.09928571428571428 0.0475
0 0.9217857142857143 0.41875 0.09928571428571428 0.0475
0 0.9410714285714286 0.4395833333333334 0.09928571428571428 0.0475
