0 0.03857142857142857 0.525 0.07571428571428572 0.03333333333333333
0 0.06607142857142857 0.5058333333333334 0.07642857142857143 0.03333333333333333
0 0.1382142857142857 0.48583333333333334 0.07642857142857143 0.03333333333333333
0 0.20607142857142857 0.4741666666666667 0.07642857142857143 0.03333333333333333
0 0.27535714285714286 0.4658333333333334 0.07642857142857143 0.03333333333333333
0 0.3432142857142857 0.465 0.07642857142857143 0.03333333333333333
0 0.3975 0.4633333333333334 0.07642857142857143 0.03333333333333333
0 0.4625 0.4791666666666667 0.07642857142857143 0.03333333333333333
0 0.5139285714285714 0.4816666666666667 0.07642857142857143 0.03333333333333333
0 0.5767857142857142 0.4766666666666667 0.07642857142857143 0.03333333333333333
0 0.5789285714285715 0.4766666666666667 0.07642857142857143 0.03333333333333333
0 0.6353571428571428 0.455 0.07642857142857143 0.03333333333333333
0 0.6832142857142857 0.4566666666666667 0.07642857142857143 0.03333333333333333
0 0.7517857142857143 0.47250000000000003 0.07642857142857143 0.03333333333333333
0 0.8189285714285715 0.49083333333333334 0.07642857142857143 0.03333333333333333
0 0.8817857142857143 0.48333333333333334 0.07642857142857143 0.03333333333333333
0 0.9496428571428571 0.4666666666666667 0.07642857142857143 0.03333333333333333
