0 0.0325 0.4575 0.06357142857142857 0.043333333333333335
0 0.09071428571428572 0.44333333333333336 0.06428571428571428 0.043333333333333335
0 0.15928571428571428 0.42500000000000004 0.06428571428571428 0.043333333333333335
0 0.2307142857142857 0.42500000000000004 0.06428571428571428 0.043333333333333335
0 0.295 0.42333333333333334 0.06428571428571428 0.043333333333333335
0 0.34 0.42250000000000004 0.06428571428571428 0.043333333333333335
0 0.39071428571428574 0.4416666666666667 0.06428571428571428 0.043333333333333335
0 0.44571428571428573 0.44833333333333336 0.06428571428571428 0.043333333333333335
0 0.5021428571428571 0.42833333333333334 0.06428571428571428 0.043333333333333335
0 0.5685714285714286 0.43583333333333335 0.06428571428571428 0.043333333333333335
0 0.6207142857142857 0.45083333333333336 0.06428571428571428 0.043333333333333335
0 0.6764285714285714 0.4608333333333334 0.06428571428571428 0.043333333333333335
0 0.7221428571428572 0.4716666666666667 0.06428571428571428 0.043333333333333335
0 0.7878571428571428 0.47250000000000003 0.06428571428571428 0.043333333333333335
0 0.8457142857142858 0.4766666666666667 0.06428571428571428 0.043333333333333335
0 0.8885714285714286 0.4966666666666667 0.06428571428571428 0.043333333333333335
0 0.9335714285714286 0.5041666666666667 0.06428571428571428 0.043333333333333335
0 0.9675 0.48833333333333334 0.065 0.043333333333333335
