0 0.036071428571428574 0.47375 0.05785714285714286 0.030833333333333334
0 0.08964285714285715 0.47208333333333335 0.05785714285714286 0.030833333333333334
0 0.1425 0.47458333333333336 0.05785714285714286 0.030833333333333334
0 0.1925 0.47875 0.05785714285714286 0.030833333333333334
0 0.2332142857142857 0.49125 0.05785714285714286 0.030833333333333334
0 0.2889285714285714 0.49375 0.05785714285714286 0.030833333333333334
0 0.3382142857142857 0.4904166666666667 0.05785714285714286 0.030833333333333334
0 0.3875 0.48625 0.05785714285714286 0.030833333333333334
0 0.44392857142857145 0.4904166666666667 0.05785714285714286 0.030833333333333334
0 0.48892857142857143 0.4804166666666667 0.05785714285714286 0.030833333333333334
0 0.5417857142857143 0.49375 0.05785714285714286 0.030833333333333334
0 0.5917857142857142 0.48958333333333337 0.05785714285714286 0.030833333333333334
0 0.6525 0.4904166666666667 0.05785714285714286 0.030833333333333334
0 0.6932142857142857 0.49541666666666667 0.05785714285714286 0.030833333333333334
0 0.8460714285714286 0.4829166666666667 0.05785714285714286 0.030833333333333334
