0 0.06464285714285714 0.42083333333333334 0.09357142857142857 0.03833333333333334
0 0.14464285714285716 0.3866666666666667 0.09357142857142857 0.03833333333333334
0 0.22785714285714287 0.3729166666666667 0.08857142857142856 0.035833333333333335
0 0.29 0.3879166666666667 0.055714285714285716 0.030833333333333334
0 0.3489285714285714 0.40166666666666667 0.060714285714285714 0.04
0 0.4075 0.4008333333333334 0.060714285714285714 0.04
0 0.4632142857142857 0.3916666666666667 0.060714285714285714 0.04
0 0.5025 0.385 0.060714285714285714 0.04
0 0.5596428571428571 0.4133333333333334 0.06928571428571428 0.035
0 0.6217857142857143 0.42250000000000004 0.06928571428571428 0.035
0 0.6753571428571429 0.4441666666666667 0.06928571428571428 0.035
0 0.7217857142857143 0.4575 0.06928571428571428 0.035
0 0.7867857142857143 0.4683333333333334 0.06928571428571428 0.035
0 0.8446428571428571 0.455 0.06928571428571428 0.035
0 0.8467857142857143 0.49000000000000005 0.06928571428571428 0.035
0 0.8653571428571428 0.4591666666666667 0.06928571428571428 0.035
