0 0.1682142857142857 0.5404166666666667 0.05357142857142857 0.0325
0 0.21535714285714286 0.5070833333333333 0.05357142857142857 0.0325
0 0.2725 0.5154166666666667 0.05357142857142857 0.0325
0 0.32607142857142857 0.5045833333333334 0.05357142857142857 0.0325
0 0.37392857142857144 0.4970833333333334 0.05357142857142857 0.0325
0 0.4275 0.48208333333333336 0.05357142857142857 0.0325
0 0.4832142857142857 0.4654166666666667 0.05357142857142857 0.0325
0 0.5382142857142858 0.44125000000000003 0.05357142857142857 0.0325
0 0.5817857142857142 0.4504166666666667 0.05357142857142857 0.0325
0 0.6696428571428571 0.4704166666666667 0.05357142857142857 0.0325
0 0.7353571428571428 0.49375 0.05357142857142857 0.0325
0 0.7903571428571429 0.4970833333333334 0.05357142857142857 0.0325
0 0.8432142857142857 0.47958333333333336 0.05357142857142857 0.0325
0 0.9039285714285714 0.4854166666666667 0.05357142857142857 0.0325
0 0.9510714285714286 0.4920833333333334 0.05357142857142857 0.0325
