0 0.038214285714285715 0.5058333333333334 0.06642857142857143 0.035
0 0.08178571428571428 0.49250000000000005 0.06642857142857143 0.035
0 0.11107142857142857 0.4791666666666667 0.06642857142857143 0.035
0 0.15107142857142858 0.4691666666666667 0.06642857142857143 0.035
0 0.1825 0.4525 0.06642857142857143 0.035
0 0.2275 0.4425 0.06642857142857143 0.035
0 0.2617857142857143 0.46 0.06642857142857143 0.035
0 0.29892857142857143 0.44583333333333336 0.06642857142857143 0.035
0 0.3425 0.44083333333333335 0.06642857142857143 0.035
0 0.3896428571428571 0.4475 0.06642857142857143 0.035
0 0.43392857142857144 0.44333333333333336 0.06642857142857143 0.035
0 0.44392857142857145 0.4675 0.06642857142857143 0.035
0 0.48035714285714287 0.45833333333333337 0.06642857142857143 0.035
0 0.5089285714285714 0.48000000000000004 0.06642857142857143 0.035
0 0.5382142857142858 0.4691666666666667 0.06642857142857143 0.035
0 0.5753571428571429 0.49000000000000005 0.06642857142857143 0.035
0 0.5889285714285715 0.4633333333333334 0.06642857142857143 0.035
0 0.6339285714285714 0.4475 0.06642857142857143 0.035
0 0.6739285714285714 0.4425 0.06642857142857143 0.035
0 0.7175 0.43500000000000005 0.06642857142857143 0.035
0 0.7475 0.44583333333333336 0.06642857142857143 0.035
0 0.7882142857142858 0.445 0.06642857142857143 0.035
0 0.8239285714285715 0.4633333333333334 0.06642857142857143 0.035
0 0.8582142857142857 0.4766666666666667 0.06642857142857143 0.035
0 0.8846428571428572 0.46416666666666667 0.06642857142857143 0.035
0 0.9275 0.45083333333333336 0.06642857142857143 0.035
0 0.9575 0.43250000000000005 0.06642857142857143 0.035
0 0.9667857142857142 0.4425 0.06642857142857143 0.035
