0 0.038214285714285715 0.4254166666666667 0.07357142857142857 0.04083333333333333
0 0.07821428571428571 0.43125 0.07357142857142857 0.04083333333333333
0 0.11892857142857143 0.45375000000000004 0.07357142857142857 0.04083333333333333
0 0.16892857142857143 0.4554166666666667 0.07357142857142857 0.04083333333333333
0 0.19892857142857143 0.4404166666666667 0.07357142857142857 0.04083333333333333
0 0.22892857142857143 0.42708333333333337 0.07357142857142857 0.04083333333333333
0 0.2689285714285714 0.41875 0.07357142857142857 0.04083333333333333
0 0.31392857142857145 0.41625 0.07357142857142857 0.04083333333333333
0 0.34964285714285714 0.4179166666666667 0.07357142857142857 0.04083333333333333
0 0.3960714285714286 0.43291666666666667 0.07357142857142857 0.04083333333333333
0 0.4517857142857143 0.45458333333333334 0.07357142857142857 0.04083333333333333
0 0.45535714285714285 0.4204166666666667 0.07357142857142857 0.04083333333333333
0 0.4975 0.46875000000000006 0.07357142857142857 0.04083333333333333
0 0.5146428571428572 0.4420833333333334 0.07357142857142857 0.04083333333333333
0 0.5475 0.44958333333333333 0.07357142857142857 0.04083333333333333
0 0.6003571428571428 0.4579166666666667 0.07357142857142857 0.04083333333333333
