0 0.04428571428571428 0.455 0.07857142857142857 0.03166666666666667
0 0.08 0.4416666666666667 0.07857142857142857 0.03166666666666667
0 0.11428571428571428 0.4316666666666667 0.07857142857142857 0.03166666666666667
0 0.13642857142857143 0.42250000000000004 0.07857142857142857 0.03166666666666667
0 0.17 0.4416666666666667 0.07857142857142857 0.03166666666666667
0 0.20857142857142857 0.44583333333333336 0.07857142857142857 0.03166666666666667
0 0.24285714285714285 0.4291666666666667 0.07857142857142857 0.03166666666666667
0 0.28785714285714287 0.42500000000000004 0.07857142857142857 0.03166666666666667
0 0.32071428571428573 0.41500000000000004 0.07857142857142857 0.03166666666666667
0 0.35642857142857143 0.4266666666666667 0.07857142857142857 0.03166666666666667
0 0.38571428571428573 0.4366666666666667 0.07857142857142857 0.03166666666666667
0 0.42714285714285716 0.4425 0.07857142857142857 0.03166666666666667
0 0.475 0.4475 0.07857142857142857 0.03166666666666667
0 0.51 0.4425 0.07857142857142857 0.03166666666666667
0 0.5485714285714286 0.43333333333333335 0.07857142857142857 0.03166666666666667
0 0.575 0.4266666666666667 0.07857142857142857 0.03166666666666667
0 0.615 0.4133333333333334 0.07857142857142857 0.03166666666666667
0 0.6421428571428571 0.39916666666666667 0.07857142857142857 0.03166666666666667
0 0.6842857142857143 0.4116666666666667 0.07857142857142857 0.03166666666666667
0 0.73 0.41583333333333333 0.07857142857142857 0.03166666666666667
