0 0.05142857142857143 0.5404166666666667 0.09571428571428571 0.035833333333333335
0 0.09428571428571429 0.5354166666666667 0.09571428571428571 0.035833333333333335
0 0.12214285714285714 0.5295833333333334 0.09571428571428571 0.035833333333333335
0 0.15571428571428572 0.54625 0.09571428571428571 0.035833333333333335
0 0.19428571428571428 0.5479166666666667 0.09571428571428571 0.035833333333333335
0 0.24857142857142858 0.5437500000000001 0.09571428571428571 0.035833333333333335
0 0.2978571428571429 0.5504166666666667 0.09571428571428571 0.035833333333333335
0 0.335 0.5420833333333334 0.09571428571428571 0.035833333333333335
0 0.3757142857142857 0.5445833333333334 0.09571428571428571 0.035833333333333335
0 0.4185714285714286 0.5445833333333334 0.09571428571428571 0.035833333333333335
0 0.4764285714285714 0.55625 0.09571428571428571 0.035833333333333335
0 0.5085714285714286 0.53125 0.09571428571428571 0.035833333333333335
0 0.5635714285714286 0.51625 0.09571428571428571 0.035833333333333335
0 0.5928571428571429 0.50625 0.09571428571428571 0.035833333333333335
0 0.6385714285714286 0.48708333333333337 0.09571428571428571 0.035833333333333335
0 0.7014285714285714 0.49875 0.09571428571428571 0.035833333333333335
0 0.7457142857142857 0.4829166666666667 0.09571428571428571 0.035833333333333335
0 0.7807142857142857 0.4629166666666667 0.09571428571428571 0.035833333333333335
0 0.8157142857142857 0.4504166666666667 0.09571428571428571 0.035833333333333335
0 0.8985714285714286 0.47375 0.09571428571428571 0.035833333333333335
0 0.9521428571428572 0.5095833333333334 0.09571428571428571 0.035833333333333335
0 0.9314285714285714 0.4979166666666667 0.09571428571428571 0.035833333333333335
