0 0.16035714285714286 0.4666666666666667 0.07214285714285715 0.03666666666666667
0 0.20464285714285715 0.4575 0.07214285714285715 0.03666666666666667
0 0.24821428571428572 0.465 0.07214285714285715 0.03666666666666667
0 0.2739285714285714 0.44333333333333336 0.07214285714285715 0.03666666666666667
0 0.31035714285714283 0.43250000000000005 0.07214285714285715 0.03666666666666667
0 0.35892857142857143 0.4166666666666667 0.07214285714285715 0.03666666666666667
0 0.4017857142857143 0.41250000000000003 0.07214285714285715 0.03666666666666667
0 0.44607142857142856 0.42000000000000004 0.07214285714285715 0.03666666666666667
0 0.4760714285714286 0.4033333333333334 0.07214285714285715 0.03666666666666667
0 0.5103571428571428 0.3983333333333334 0.07214285714285715 0.03666666666666667
0 0.5482142857142858 0.4116666666666667 0.07214285714285715 0.03666666666666667
0 0.5925 0.42500000000000004 0.07214285714285715 0.03666666666666667
0 0.6310714285714286 0.41583333333333333 0.07214285714285715 0.03666666666666667
0 0.6882142857142857 0.4 0.07214285714285715 0.03666666666666667
0 0.7210714285714286 0.41750000000000004 0.07214285714285715 0.03666666666666667
0 0.7575 0.43250000000000005 0.07214285714285715 0.03666666666666667
0 0.7996428571428571 0.4241666666666667 0.07214285714285715 0.03666666666666667
0 0.8317857142857142 0.41583333333333333 0.07214285714285715 0.03666666666666667
0 0.8775 0.4291666666666667 0.07214285714285715 0.03666666666666667
0 0.9103571428571429 0.44 0.07214285714285715 0.03666666666666667
0 0.9432142857142857 0.44833333333333336 0.07214285714285715 0.03666666666666667
0 0.9639285714285715 0.4516666666666667 0.07214285714285715 0.03666666666666667
