0 0.04392857142857143 0.40750000000000003 0.07928571428571428 0.04
0 0.09035714285714286 0.4116666666666667 0.07928571428571428 0.04
0 0.13107142857142856 0.4066666666666667 0.07928571428571428 0.04
0 0.1717857142857143 0.41833333333333333 0.07928571428571428 0.04
0 0.2125 0.4316666666666667 0.07928571428571428 0.04
0 0.2575 0.44083333333333335 0.07928571428571428 0.04
0 0.3003571428571429 0.42583333333333334 0.07928571428571428 0.04
0 0.34035714285714286 0.44 0.07928571428571428 0.04
0 0.3782142857142857 0.4525 0.07928571428571428 0.04
0 0.4567857142857143 0.4541666666666667 0.07928571428571428 0.04
0 0.43535714285714283 0.445 0.07928571428571428 0.04
0 0.4739285714285714 0.4008333333333334 0.07928571428571428 0.04
0 0.5267857142857143 0.3925 0.07928571428571428 0.04
0 0.5803571428571429 0.39666666666666667 0.07928571428571428 0.04
0 0.7103571428571429 0.4758333333333334 0.07928571428571428 0.04
0 0.7360714285714286 0.4675 0.07928571428571428 0.04
