0 0.048214285714285716 0.5850000000000001 0.07928571428571428 0.03666666666666667
0 0.10035714285714285 0.5841666666666667 0.07928571428571428 0.03666666666666667
0 0.14892857142857144 0.5825 0.07928571428571428 0.03666666666666667
0 0.19392857142857142 0.5708333333333334 0.07928571428571428 0.03666666666666667
0 0.24964285714285714 0.5891666666666667 0.07928571428571428 0.03666666666666667
0 0.3175 0.5891666666666667 0.07928571428571428 0.03666666666666667
0 0.3532142857142857 0.5883333333333334 0.07928571428571428 0.03666666666666667
0 0.4060714285714286 0.5858333333333333 0.07928571428571428 0.03666666666666667
0 0.4332142857142857 0.5666666666666667 0.07928571428571428 0.03666666666666667
0 0.46964285714285714 0.5533333333333333 0.07928571428571428 0.03666666666666667
0 0.5203571428571429 0.5533333333333333 0.07928571428571428 0.03666666666666667
0 0.5610714285714286 0.5558333333333334 0.07928571428571428 0.03666666666666667
0 0.5939285714285715 0.5325000000000001 0.07928571428571428 0.03666666666666667
0 0.6396428571428572 0.5216666666666667 0.07928571428571428 0.03666666666666667
0 0.6675 0.5075000000000001 0.07928571428571428 0.03666666666666667
0 0.7110714285714286 0.535 0.07928571428571428 0.03666666666666667
0 0.7067857142857142 0.5208333333333334 0.07928571428571428 0.03666666666666667
0 0.7553571428571428 0.5383333333333333 0.07928571428571428 0.03666666666666667
0 0.8060714285714285 0.5675 0.07928571428571428 0.03666666666666667
0 0.8460714285714286 0.5741666666666667 0.07928571428571428 0.03666666666666667
0 0.8867857142857143 0.5658333333333334 0.07928571428571428 0.03666666666666667
0 0.9160714285714285 0.5566666666666668 0.07928571428571428 0.03666666666666667
0 0.9603571428571429 0.54 0.07928571428571428 0.03666666666666667
