0 0.04428571428571428 0.5570833333333334 0.07714285714285714 0.03916666666666667
0 0.08642857142857142 0.54125 0.07714285714285714 0.03916666666666667
0 0.12285714285714286 0.5495833333333334 0.07714285714285714 0.03916666666666667
0 0.15357142857142858 0.53125 0.07714285714285714 0.03916666666666667
0 0.28714285714285714 0.4979166666666667 0.07714285714285714 0.03916666666666667
0 0.32 0.5229166666666667 0.07714285714285714 0.03916666666666667
0 0.36857142857142855 0.5254166666666668 0.07714285714285714 0.03916666666666667
0 0.3892857142857143 0.4970833333333334 0.07714285714285714 0.03916666666666667
0 0.4421428571428571 0.4979166666666667 0.07714285714285714 0.03916666666666667
0 0.48714285714285716 0.5020833333333333 0.07714285714285714 0.03916666666666667
0 0.5292857142857142 0.5245833333333334 0.07714285714285714 0.03916666666666667
0 0.7457142857142857 0.5695833333333333 0.07714285714285714 0.03916666666666667
0 0.7885714285714286 0.57375 0.07714285714285714 0.03916666666666667
0 0.83 0.5770833333333334 0.07714285714285714 0.03916666666666667
0 0.86 0.5545833333333333 0.07714285714285714 0.03916666666666667
0 0.9007142857142857 0.5304166666666666 0.07714285714285714 0.03916666666666667
0 0.9457142857142857 0.5054166666666667 0.07714285714285714 0.03916666666666667
