0 0.04 0.5570833333333334 0.07285714285714286 0.04083333333333333
0 0.07285714285714286 0.5587500000000001 0.07285714285714286 0.04083333333333333
0 0.11642857142857142 0.5629166666666667 0.07285714285714286 0.04083333333333333
0 0.16 0.5579166666666667 0.07285714285714286 0.04083333333333333
0 0.19214285714285714 0.5279166666666667 0.07285714285714286 0.04083333333333333
0 0.23857142857142857 0.49375 0.07285714285714286 0.04083333333333333
0 0.29214285714285715 0.4729166666666667 0.07285714285714286 0.04083333333333333
0 0.34 0.4629166666666667 0.07285714285714286 0.04083333333333333
0 0.385 0.45458333333333334 0.07285714285714286 0.04083333333333333
0 0.42642857142857143 0.43875000000000003 0.07285714285714286 0.04083333333333333
0 0.46785714285714286 0.42625 0.07285714285714286 0.04083333333333333
0 0.5042857142857143 0.42458333333333337 0.07285714285714286 0.04083333333333333
