0 0.03857142857142857 0.4791666666666667 0.07428571428571429 0.043333333333333335
0 0.06571428571428571 0.45 0.07428571428571429 0.043333333333333335
0 0.12428571428571429 0.43500000000000005 0.07428571428571429 0.043333333333333335
0 0.1757142857142857 0.4425 0.07428571428571429 0.043333333333333335
0 0.20142857142857143 0.4733333333333334 0.07428571428571429 0.043333333333333335
0 0.24214285714285713 0.5016666666666667 0.07428571428571429 0.043333333333333335
0 0.2857142857142857 0.49750000000000005 0.07428571428571429 0.043333333333333335
0 0.32857142857142857 0.48250000000000004 0.07428571428571429 0.043333333333333335
0 0.3707142857142857 0.4683333333333334 0.07428571428571429 0.043333333333333335
0 0.41214285714285714 0.4625 0.07428571428571429 0.043333333333333335
0 0.4592857142857143 0.4591666666666667 0.07428571428571429 0.043333333333333335
0 0.5057142857142857 0.4766666666666667 0.07428571428571429 0.043333333333333335
0 0.5521428571428572 0.4666666666666667 0.07428571428571429 0.043333333333333335
0 0.5971428571428572 0.4566666666666667 0.07428571428571429 0.043333333333333335
0 0.6514285714285715 0.4591666666666667 0.07428571428571429 0.043333333333333335
0 0.7 0.4716666666666667 0.07428571428571429 0.043333333333333335
0 0.7307142857142858 0.4841666666666667 0.07428571428571429 0.043333333333333335
