0 0.04535714285714286 0.5008333333333334 0.08785714285714286 0.043333333333333335
0 0.08678571428571429 0.48333333333333334 0.08785714285714286 0.043333333333333335
0 0.13892857142857143 0.47500000000000003 0.08785714285714286 0.043333333333333335
0 0.18464285714285714 0.4766666666666667 0.08785714285714286 0.043333333333333335
0 0.2225 0.5025000000000001 0.08785714285714286 0.043333333333333335
0 0.25392857142857145 0.5291666666666667 0.08785714285714286 0.043333333333333335
0 0.3053571428571429 0.5491666666666667 0.08785714285714286 0.043333333333333335
0 0.36892857142857144 0.5566666666666668 0.08785714285714286 0.043333333333333335
0 0.4160714285714286 0.5700000000000001 0.08785714285714286 0.043333333333333335
0 0.4739285714285714 0.5783333333333334 0.08785714285714286 0.043333333333333335
0 0.5167857142857143 0.5833333333333334 0.08785714285714286 0.043333333333333335
0 0.5803571428571429 0.5841666666666667 0.08785714285714286 0.043333333333333335
0 0.6082142857142857 0.5625 0.08785714285714286 0.043333333333333335
0 0.6403571428571428 0.5383333333333333 0.08785714285714286 0.043333333333333335
0 0.6946428571428571 0.5183333333333333 0.08785714285714286 0.043333333333333335
0 0.7482142857142857 0.5308333333333334 0.08785714285714286 0.043333333333333335
0 0.8032142857142857 0.5516666666666667 0.08785714285714286 0.043333333333333335
0 0.8589285714285714 0.5666666666666667 0.08785714285714286 0.043333333333333335
0 0.9053571428571429 0.5841666666666667 0.08785714285714286 0.043333333333333335
0 0.9560714285714286 0.6133333333333334 0.08785714285714286 0.043333333333333335
0 0.9560714285714286 0.5708333333333334 0.08785714285714286 0.043333333333333335
