0 0.07642857142857143 0.5920833333333334 0.10571428571428572 0.0475
0 0.115 0.5770833333333334 0.10571428571428572 0.0475
0 0.16142857142857142 0.5795833333333333 0.10571428571428572 0.0475
0 0.2057142857142857 0.57375 0.10571428571428572 0.0475
0 0.265 0.5537500000000001 0.10571428571428572 0.0475
0 0.315 0.5395833333333334 0.10571428571428572 0.0475
0 0.34714285714285714 0.5537500000000001 0.10571428571428572 0.0475
0 0.39071428571428574 0.5695833333333333 0.10571428571428572 0.0475
0 0.43785714285714283 0.5620833333333334 0.10571428571428572 0.0475
0 0.49214285714285716 0.5579166666666667 0.10571428571428572 0.0475
0 0.5507142857142857 0.5729166666666667 0.10571428571428572 0.0475
0 0.61 0.56625 0.10571428571428572 0.0475
0 0.6514285714285715 0.56625 0.10571428571428572 0.0475
0 0.6907142857142857 0.5654166666666667 0.10571428571428572 0.0475
0 0.7342857142857143 0.5687500000000001 0.10571428571428572 0.0475
0 0.7585714285714286 0.5587500000000001 0.10571428571428572 0.0475
0 0.7978571428571428 0.5454166666666667 0.10571428571428572 0.0475
0 0.8521428571428571 0.5429166666666667 0.10571428571428572 0.0475
0 0.8907142857142857 0.5229166666666667 0.10571428571428572 0.0475
0 0.9285714285714286 0.5054166666666667 0.10571428571428572 0.0475
0 0.9471428571428572 0.5054166666666667 0.10571428571428572 0.0475
