0 0.12357142857142857 0.8416666666666667 0.10428571428571429 0.04166666666666667
0 0.15214285714285714 0.8225 0.10428571428571429 0.04166666666666667
0 0.22392857142857142 0.7758333333333334 0.027857142857142858 0.055
0 0.2417857142857143 0.7225 0.027857142857142858 0.055
0 0.2760714285714286 0.6658333333333334 0.045 0.055
0 0.3510714285714286 0.65125 0.09071428571428572 0.0325
0 0.4160714285714286 0.64875 0.09071428571428572 0.0325
0 0.5382142857142858 0.6404166666666667 0.09071428571428572 0.0325
0 0.5867857142857142 0.6295833333333334 0.09071428571428572 0.0325
0 0.6425 0.62875 0.09071428571428572 0.0325
0 0.7003571428571429 0.6362500000000001 0.09071428571428572 0.0325
0 0.7646428571428572 0.6262500000000001 0.09071428571428572 0.0325
0 0.8117857142857143 0.60875 0.09071428571428572 0.0325
0 0.8978571428571429 0.5962500000000001 0.08571428571428572 0.04583333333333334
0 0.945 0.5929166666666668 0.08571428571428572 0.04583333333333334
0 0.9571428571428572 0.5870833333333334 0.08571428571428572 0.04583333333333334
0 0.8721428571428571 0.6062500000000001 0.08571428571428572 0.04583333333333334
