0 0.04535714285714286 0.5583333333333333 0.08928571428571429 0.043333333333333335
0 0.08428571428571428 0.555 0.09 0.043333333333333335
0 0.14714285714285713 0.5566666666666668 0.09 0.043333333333333335
0 0.1957142857142857 0.545 0.09 0.043333333333333335
0 0.2557142857142857 0.5341666666666667 0.09 0.043333333333333335
0 0.3057142857142857 0.5391666666666667 0.09 0.043333333333333335
0 0.34714285714285714 0.5383333333333333 0.09 0.043333333333333335
0 0.4035714285714286 0.5516666666666667 0.09 0.043333333333333335
0 0.44571428571428573 0.535 0.09 0.043333333333333335
0 0.48714285714285716 0.5175000000000001 0.09 0.043333333333333335
0 0.5307142857142857 0.5208333333333334 0.09 0.043333333333333335
0 0.5807142857142857 0.5375000000000001 0.09 0.043333333333333335
0 0.6328571428571429 0.56 0.09 0.043333333333333335
0 0.6835714285714286 0.5683333333333334 0.09 0.043333333333333335
0 0.7392857142857143 0.5816666666666667 0.09 0.043333333333333335
0 0.8 0.5908333333333333 0.09 0.043333333333333335
0 0.8157142857142857 0.5591666666666667 0.09 0.043333333333333335
0 0.8714285714285714 0.5558333333333334 0.09 0.043333333333333335
0 0.9078571428571428 0.5666666666666667 0.09 0.043333333333333335
0 0.955 0.5841666666666667 0.09 0.043333333333333335
