0 0.06571428571428571 0.6000000000000001 0.12285714285714286 0.03833333333333334
0 0.24142857142857144 0.5700000000000001 0.12285714285714286 0.03833333333333334
0 0.2835714285714286 0.5800000000000001 0.12285714285714286 0.03833333333333334
0 0.33071428571428574 0.5816666666666667 0.12285714285714286 0.03833333333333334
0 0.3792857142857143 0.5633333333333334 0.12285714285714286 0.03833333333333334
0 0.40714285714285714 0.5466666666666667 0.12285714285714286 0.03833333333333334
0 0.46785714285714286 0.5575 0.12285714285714286 0.03833333333333334
0 0.5242857142857142 0.5575 0.12285714285714286 0.03833333333333334
0 0.585 0.5491666666666667 0.12285714285714286 0.03833333333333334
0 0.6157142857142857 0.5433333333333333 0.12285714285714286 0.03833333333333334
0 0.6692857142857143 0.555 0.12285714285714286 0.03833333333333334
0 0.7021428571428572 0.5733333333333334 0.12285714285714286 0.03833333333333334
0 0.7742857142857142 0.5950000000000001 0.12285714285714286 0.03833333333333334
0 0.8264285714285714 0.5975 0.12285714285714286 0.03833333333333334
0 0.875 0.5933333333333334 0.12285714285714286 0.03833333333333334
0 0.9121428571428571 0.5791666666666667 0.12285714285714286 0.03833333333333334
0 0.9385714285714286 0.5791666666666667 0.12285714285714286 0.03833333333333334
