0 0.10821428571428571 0.7795833333333334 0.07928571428571428 0.04416666666666667
0 0.14821428571428572 0.7645833333333334 0.07928571428571428 0.04416666666666667
0 0.24607142857142858 0.6554166666666668 0.07928571428571428 0.04416666666666667
0 0.2953571428571429 0.6454166666666667 0.07928571428571428 0.04416666666666667
0 0.3382142857142857 0.6262500000000001 0.07928571428571428 0.04416666666666667
0 0.37392857142857144 0.6179166666666667 0.07928571428571428 0.04416666666666667
0 0.44607142857142856 0.6495833333333334 0.07928571428571428 0.04416666666666667
0 0.4975 0.64625 0.07928571428571428 0.04416666666666667
0 0.5453571428571429 0.6304166666666667 0.07928571428571428 0.04416666666666667
0 0.6246428571428572 0.62875 0.07928571428571428 0.04416666666666667
0 0.7446428571428572 0.6329166666666667 0.07928571428571428 0.04416666666666667
0 0.6882142857142857 0.62875 0.07928571428571428 0.04416666666666667
0 0.8132142857142857 0.62875 0.07928571428571428 0.04416666666666667
0 0.9467857142857142 0.5970833333333334 0.07928571428571428 0.04416666666666667
0 0.9603571428571429 0.5954166666666667 0.07928571428571428 0.04416666666666667
