0 0.06107142857142857 0.4254166666666667 0.11642857142857142 0.04583333333333334
0 0.09678571428571428 0.4254166666666667 0.11642857142857142 0.04583333333333334
0 0.13035714285714287 0.44875000000000004 0.11642857142857142 0.04583333333333334
0 0.17964285714285713 0.46625000000000005 0.11642857142857142 0.04583333333333334
0 0.2639285714285714 0.47875 0.11642857142857142 0.04583333333333334
0 0.30892857142857144 0.49541666666666667 0.11642857142857142 0.04583333333333334
0 0.37464285714285717 0.5079166666666667 0.11642857142857142 0.04583333333333334
0 0.44392857142857145 0.5129166666666667 0.11642857142857142 0.04583333333333334
0 0.49892857142857144 0.5195833333333334 0.11642857142857142 0.04583333333333334
0 0.5896428571428571 0.52125 0.11642857142857142 0.04583333333333334
0 0.6646428571428571 0.5229166666666667 0.11642857142857142 0.04583333333333334
0 0.7339285714285714 0.5170833333333333 0.11642857142857142 0.04583333333333334
0 0.7967857142857143 0.5254166666666668 0.11642857142857142 0.04583333333333334
0 0.8639285714285714 0.5354166666666667 0.11642857142857142 0.04583333333333334
0 0.9282142857142857 0.55625 0.11642857142857142 0.04583333333333334
0 0.9417857142857143 0.5745833333333333 0.11642857142857142 0.04583333333333334
