0 0.04928571428571429 0.615 0.09571428571428571 0.05333333333333334
0 0.10142857142857142 0.6316666666666667 0.09571428571428571 0.05333333333333334
0 0.10642857142857143 0.6758333333333334 0.09571428571428571 0.05333333333333334
0 0.17785714285714285 0.6541666666666667 0.09571428571428571 0.05333333333333334
0 0.18928571428571428 0.6983333333333334 0.09571428571428571 0.05333333333333334
0 0.24642857142857144 0.6658333333333334 0.09571428571428571 0.05333333333333334
0 0.285 0.6941666666666667 0.09571428571428571 0.05333333333333334
0 0.325 0.6708333333333334 0.09571428571428571 0.05333333333333334
0 0.7121428571428572 0.67 0.09571428571428571 0.05333333333333334
0 0.79 0.6766666666666667 0.09571428571428571 0.05333333333333334
0 0.8528571428571429 0.6725000000000001 0.09571428571428571 0.05333333333333334
0 0.8964285714285715 0.65 0.09571428571428571 0.05333333333333334
0 0.9521428571428572 0.64 0.09571428571428571 0.05333333333333334
0 0.7464285714285714 0.6766666666666667 0.09571428571428571 0.05333333333333334
