0 0.0525 0.5154166666666667 0.10357142857142858 0.060833333333333336
0 0.09464285714285714 0.5195833333333334 0.10357142857142858 0.060833333333333336
0 0.14892857142857144 0.5195833333333334 0.10357142857142858 0.060833333333333336
0 0.2225 0.52375 0.10357142857142858 0.060833333333333336
0 0.28535714285714286 0.5245833333333334 0.10357142857142858 0.060833333333333336
0 0.3475 0.5154166666666667 0.10357142857142858 0.060833333333333336
0 0.4210714285714286 0.5279166666666667 0.10357142857142858 0.060833333333333336
0 0.48035714285714287 0.5370833333333334 0.10357142857142858 0.060833333333333336
0 0.5267857142857143 0.5454166666666667 0.10357142857142858 0.060833333333333336
0 0.5982142857142857 0.55125 0.10357142857142858 0.060833333333333336
0 0.6489285714285714 0.5529166666666667 0.10357142857142858 0.060833333333333336
0 0.6989285714285715 0.5445833333333334 0.10357142857142858 0.060833333333333336
0 0.7489285714285714 0.52625 0.10357142857142858 0.060833333333333336
0 0.7810714285714285 0.4945833333333334 0.10357142857142858 0.060833333333333336
0 0.8296428571428571 0.46625000000000005 0.10357142857142858 0.060833333333333336
0 0.8875 0.4529166666666667 0.10357142857142858 0.060833333333333336
0 0.9482142857142857 0.4604166666666667 0.10357142857142858 0.060833333333333336
