0 0.12357142857142857 0.5962500000000001 0.09857142857142857 0.05416666666666667
0 0.14642857142857144 0.5729166666666667 0.09857142857142857 0.05416666666666667
0 0.26285714285714284 0.4654166666666667 0.09857142857142857 0.05416666666666667
0 0.30714285714285716 0.45708333333333334 0.09857142857142857 0.05416666666666667
0 0.3442857142857143 0.46458333333333335 0.09857142857142857 0.05416666666666667
0 0.4135714285714286 0.48625 0.09857142857142857 0.05416666666666667
0 0.4564285714285714 0.4970833333333334 0.09857142857142857 0.05416666666666667
0 0.51 0.48458333333333337 0.09857142857142857 0.05416666666666667
0 0.5585714285714286 0.47208333333333335 0.09857142857142857 0.05416666666666667
0 0.6071428571428571 0.47208333333333335 0.09857142857142857 0.05416666666666667
0 0.6521428571428571 0.4879166666666667 0.09857142857142857 0.05416666666666667
0 0.7135714285714285 0.5220833333333333 0.09857142857142857 0.05416666666666667
0 0.7657142857142857 0.5379166666666667 0.09857142857142857 0.05416666666666667
0 0.8321428571428572 0.5529166666666667 0.09857142857142857 0.05416666666666667
0 0.8978571428571429 0.5445833333333334 0.09857142857142857 0.05416666666666667
0 0.9507142857142857 0.5504166666666667 0.09857142857142857 0.05416666666666667
