0 0.040357142857142855 0.42083333333333334 0.07928571428571428 0.04666666666666667
0 0.07678571428571429 0.4391666666666667 0.07928571428571428 0.04666666666666667
0 0.11107142857142857 0.4633333333333334 0.07928571428571428 0.04666666666666667
0 0.15678571428571428 0.4808333333333334 0.07928571428571428 0.04666666666666667
0 0.2025 0.48750000000000004 0.07928571428571428 0.04666666666666667
0 0.2667857142857143 0.4783333333333334 0.07928571428571428 0.04666666666666667
0 0.31892857142857145 0.4733333333333334 0.07928571428571428 0.04666666666666667
0 0.3675 0.4733333333333334 0.07928571428571428 0.04666666666666667
0 0.43107142857142855 0.465 0.07928571428571428 0.04666666666666667
0 0.4739285714285714 0.455 0.07928571428571428 0.04666666666666667
0 0.5196428571428572 0.4366666666666667 0.07928571428571428 0.04666666666666667
0 0.5539285714285714 0.42500000000000004 0.07928571428571428 0.04666666666666667
0 0.5946428571428571 0.4366666666666667 0.07928571428571428 0.04666666666666667
0 0.6410714285714286 0.44333333333333336 0.07928571428571428 0.04666666666666667
0 0.6967857142857142 0.4566666666666667 0.07928571428571428 0.04666666666666667
0 0.7396428571428572 0.4766666666666667 0.07928571428571428 0.04666666666666667
0 0.7739285714285714 0.5008333333333334 0.07928571428571428 0.04666666666666667
0 0.8210714285714286 0.5116666666666667 0.07928571428571428 0.04666666666666667
0 0.8710714285714286 0.5116666666666667 0.07928571428571428 0.04666666666666667
0 0.9182142857142858 0.5016666666666667 0.07928571428571428 0.04666666666666667
0 0.9603571428571429 0.49583333333333335 0.07928571428571428 0.04666666666666667
