0 0.041428571428571426 0.52875 0.08142857142857143 0.037500000000000006
0 0.10285714285714286 0.5254166666666668 0.08142857142857143 0.037500000000000006
0 0.12571428571428572 0.5029166666666667 0.08142857142857143 0.037500000000000006
0 0.18857142857142858 0.5045833333333334 0.08142857142857143 0.037500000000000006
0 0.22285714285714286 0.5095833333333334 0.08142857142857143 0.037500000000000006
0 0.28785714285714287 0.5070833333333333 0.08142857142857143 0.037500000000000006
0 0.3242857142857143 0.4879166666666667 0.08142857142857143 0.037500000000000006
0 0.3871428571428571 0.48458333333333337 0.08142857142857143 0.037500000000000006
0 0.43214285714285716 0.47625 0.08142857142857143 0.037500000000000006
0 0.475 0.4729166666666667 0.08142857142857143 0.037500000000000006
0 0.5121428571428571 0.48625 0.08142857142857143 0.037500000000000006
0 0.5692857142857143 0.49125 0.08142857142857143 0.037500000000000006
0 0.6064285714285714 0.46375000000000005 0.08142857142857143 0.037500000000000006
0 0.6442857142857142 0.43041666666666667 0.08142857142857143 0.037500000000000006
0 0.685 0.41208333333333336 0.08142857142857143 0.037500000000000006
0 0.7385714285714285 0.4079166666666667 0.08142857142857143 0.037500000000000006
0 0.7842857142857143 0.40208333333333335 0.08142857142857143 0.037500000000000006
0 0.8228571428571428 0.4229166666666667 0.08142857142857143 0.037500000000000006
0 0.8735714285714286 0.44375000000000003 0.08142857142857143 0.037500000000000006
0 0.9121428571428571 0.4704166666666667 0.08142857142857143 0.037500000000000006
0 0.9592857142857143 0.5012500000000001 0.08142857142857143 0.037500000000000006
0 0.935 0.4779166666666667 0.08142857142857143 0.037500000000000006
