0 0.275 0.665 0.04428571428571428 0.07500000000000001
0 0.335 0.6070833333333334 0.07714285714285714 0.050833333333333335
0 0.38857142857142857 0.5804166666666667 0.07714285714285714 0.050833333333333335
0 0.4185714285714286 0.5745833333333333 0.07714285714285714 0.050833333333333335
0 0.4757142857142857 0.5745833333333333 0.07714285714285714 0.050833333333333335
0 0.535 0.5745833333333333 0.07714285714285714 0.050833333333333335
0 0.6014285714285714 0.5904166666666667 0.07714285714285714 0.050833333333333335
0 0.57 0.5779166666666667 0.07714285714285714 0.050833333333333335
0 0.6414285714285715 0.5820833333333334 0.07714285714285714 0.050833333333333335
0 0.6907142857142857 0.5670833333333334 0.07714285714285714 0.050833333333333335
0 0.7407142857142857 0.5337500000000001 0.07714285714285714 0.050833333333333335
0 0.8071428571428572 0.5429166666666667 0.07714285714285714 0.050833333333333335
0 0.8514285714285714 0.5429166666666667 0.07714285714285714 0.050833333333333335
0 0.9035714285714286 0.52875 0.07714285714285714 0.050833333333333335
0 0.9660714285714286 0.5275000000000001 0.06785714285714285 0.05
