0 0.4125 0.38583333333333336 0.11071428571428571 0.04
0 0.4417857142857143 0.37833333333333335 0.11071428571428571 0.04
0 0.4925 0.3691666666666667 0.11071428571428571 0.04
0 0.5353571428571429 0.36833333333333335 0.11071428571428571 0.04
0 0.5925 0.35833333333333334 0.11071428571428571 0.04
0 0.7360714285714286 0.3875 0.11071428571428571 0.04
0 0.7810714285714285 0.405 0.11071428571428571 0.04
0 0.8360714285714286 0.4116666666666667 0.11071428571428571 0.04
0 0.8875 0.4066666666666667 0.11071428571428571 0.04
0 0.9432142857142857 0.3641666666666667 0.11071428571428571 0.04
0 0.9117857142857143 0.3866666666666667 0.11071428571428571 0.04
