0 0.04535714285714286 0.4608333333333334 0.08928571428571429 0.04833333333333334
0 0.10357142857142858 0.4566666666666667 0.09 0.04833333333333334
0 0.155 0.4658333333333334 0.09 0.04833333333333334
0 0.21142857142857144 0.4591666666666667 0.09 0.04833333333333334
0 0.255 0.4766666666666667 0.09 0.04833333333333334
0 0.3107142857142857 0.48583333333333334 0.09 0.04833333333333334
0 0.3607142857142857 0.4866666666666667 0.09 0.04833333333333334
0 0.4092857142857143 0.47750000000000004 0.09 0.04833333333333334
0 0.45071428571428573 0.46 0.09 0.04833333333333334
0 0.5021428571428571 0.4466666666666667 0.09 0.04833333333333334
0 0.5428571428571428 0.4366666666666667 0.09 0.04833333333333334
0 0.5914285714285714 0.4566666666666667 0.09 0.04833333333333334
0 0.6392857142857142 0.47750000000000004 0.09 0.04833333333333334
0 0.695 0.47000000000000003 0.09 0.04833333333333334
0 0.7421428571428571 0.48500000000000004 0.09 0.04833333333333334
0 0.7964285714285714 0.49500000000000005 0.09 0.04833333333333334
0 0.85 0.49083333333333334 0.09 0.04833333333333334
0 0.9014285714285715 0.4941666666666667 0.09 0.04833333333333334
0 0.9521428571428572 0.5008333333333334 0.09 0.04833333333333334
