0 0.10464285714285715 0.7279166666666668 0.06357142857142857 0.0475
0 0.1475 0.6950000000000001 0.052142857142857144 0.05166666666666667
0 0.18214285714285713 0.65625 0.05 0.052500000000000005
0 0.25535714285714284 0.5395833333333334 0.04928571428571429 0.06583333333333334
0 0.36428571428571427 0.4754166666666667 0.12857142857142856 0.04583333333333334
0 0.41 0.47458333333333336 0.12857142857142856 0.04583333333333334
0 0.46714285714285714 0.48375 0.12857142857142856 0.04583333333333334
0 0.5285714285714286 0.5045833333333334 0.12857142857142856 0.04583333333333334
0 0.6178571428571429 0.5054166666666667 0.12857142857142856 0.04583333333333334
0 0.6971428571428572 0.4945833333333334 0.12857142857142856 0.04583333333333334
0 0.7457142857142857 0.4854166666666667 0.12857142857142856 0.04583333333333334
0 0.8135714285714286 0.4879166666666667 0.12857142857142856 0.04583333333333334
0 0.8621428571428571 0.4704166666666667 0.12857142857142856 0.04583333333333334
0 0.9142857142857143 0.49125 0.12857142857142856 0.04583333333333334
0 0.9357142857142857 0.5120833333333333 0.12857142857142856 0.04583333333333334
