0 0.04428571428571428 0.5566666666666668 0.08714285714285715 0.04666666666666667
0 0.08178571428571428 0.5541666666666667 0.08785714285714286 0.04666666666666667
0 0.1375 0.5541666666666667 0.08785714285714286 0.04666666666666667
0 0.1767857142857143 0.5508333333333334 0.08785714285714286 0.04666666666666667
0 0.22107142857142856 0.5416666666666667 0.08785714285714286 0.04666666666666667
0 0.2710714285714286 0.5383333333333333 0.08785714285714286 0.04666666666666667
0 0.3367857142857143 0.5491666666666667 0.08785714285714286 0.04666666666666667
0 0.37392857142857144 0.5675 0.08785714285714286 0.04666666666666667
0 0.42964285714285716 0.5841666666666667 0.08785714285714286 0.04666666666666667
0 0.4710714285714286 0.5800000000000001 0.08785714285714286 0.04666666666666667
0 0.5189285714285714 0.5833333333333334 0.08785714285714286 0.04666666666666667
0 0.5717857142857142 0.5758333333333334 0.08785714285714286 0.04666666666666667
0 0.6160714285714286 0.5691666666666667 0.08785714285714286 0.04666666666666667
0 0.6610714285714285 0.5583333333333333 0.08785714285714286 0.04666666666666667
0 0.7132142857142857 0.5766666666666667 0.08785714285714286 0.04666666666666667
0 0.7467857142857143 0.5691666666666667 0.08785714285714286 0.04666666666666667
0 0.8032142857142857 0.5625 0.08785714285714286 0.04666666666666667
0 0.8632142857142857 0.5591666666666667 0.08785714285714286 0.04666666666666667
0 0.9046428571428572 0.5766666666666667 0.08785714285714286 0.04666666666666667
0 0.9389285714285714 0.5933333333333334 0.08785714285714286 0.04666666666666667
0 0.9560714285714286 0.6083333333333334 0.08785714285714286 0.04666666666666667
