0 0.04357142857142857 0.64625 0.08571428571428572 0.060833333333333336
0 0.11678571428571428 0.6270833333333333 0.11357142857142857 0.0475
0 0.1632142857142857 0.6195833333333334 0.11357142857142857 0.0475
0 0.2125 0.6179166666666667 0.11357142857142857 0.0475
0 0.2617857142857143 0.6179166666666667 0.11357142857142857 0.0475
0 0.3296428571428571 0.6070833333333334 0.11357142857142857 0.0475
0 0.40035714285714286 0.5879166666666668 0.11357142857142857 0.0475
0 0.4639285714285714 0.58125 0.11357142857142857 0.0475
0 0.5067857142857143 0.59875 0.11357142857142857 0.0475
0 0.5682142857142857 0.5954166666666667 0.11357142857142857 0.0475
0 0.6403571428571428 0.6054166666666667 0.11357142857142857 0.0475
0 0.6846428571428571 0.6054166666666667 0.11357142857142857 0.0475
0 0.7467857142857143 0.6229166666666667 0.11357142857142857 0.0475
0 0.7975 0.6362500000000001 0.11357142857142857 0.0475
0 0.8546428571428571 0.6220833333333333 0.11357142857142857 0.0475
0 0.9432142857142857 0.6120833333333334 0.11357142857142857 0.0475
0 0.8860714285714286 0.6212500000000001 0.11357142857142857 0.0475
