0 0.10285714285714286 0.6770833333333334 0.09428571428571429 0.050833333333333335
0 0.1492857142857143 0.6529166666666667 0.09428571428571429 0.050833333333333335
0 0.19357142857142856 0.6320833333333333 0.09428571428571429 0.050833333333333335
0 0.24428571428571427 0.6012500000000001 0.09428571428571429 0.050833333333333335
0 0.30857142857142855 0.5795833333333333 0.09428571428571429 0.050833333333333335
0 0.3485714285714286 0.5637500000000001 0.09428571428571429 0.050833333333333335
0 0.38642857142857145 0.5429166666666667 0.09428571428571429 0.050833333333333335
0 0.4185714285714286 0.5279166666666667 0.09428571428571429 0.050833333333333335
0 0.47214285714285714 0.5204166666666667 0.09428571428571429 0.050833333333333335
0 0.5192857142857142 0.5229166666666667 0.09428571428571429 0.050833333333333335
0 0.5557142857142857 0.5445833333333334 0.09428571428571429 0.050833333333333335
0 0.6042857142857143 0.5587500000000001 0.09428571428571429 0.050833333333333335
0 0.6735714285714286 0.5604166666666667 0.09428571428571429 0.050833333333333335
0 0.7421428571428571 0.5687500000000001 0.09428571428571429 0.050833333333333335
0 0.8014285714285714 0.57875 0.09428571428571429 0.050833333333333335
0 0.8607142857142858 0.5595833333333333 0.09428571428571429 0.050833333333333335
0 0.905 0.5487500000000001 0.09428571428571429 0.050833333333333335
0 0.9528571428571428 0.5329166666666667 0.09428571428571429 0.050833333333333335
