0 0.053214285714285714 0.4658333333333334 0.105 0.04833333333333334
0 0.11107142857142857 0.4658333333333334 0.105 0.04833333333333334
0 0.18107142857142858 0.46 0.105 0.04833333333333334
0 0.23392857142857143 0.4791666666666667 0.105 0.04833333333333334
0 0.3053571428571429 0.46 0.105 0.04833333333333334
0 0.36607142857142855 0.4566666666666667 0.105 0.04833333333333334
0 0.4382142857142857 0.4541666666666667 0.105 0.04833333333333334
0 0.48464285714285715 0.4441666666666667 0.105 0.04833333333333334
0 0.5196428571428572 0.4266666666666667 0.105 0.04833333333333334
0 0.5725 0.40166666666666667 0.105 0.04833333333333334
0 0.6210714285714286 0.42083333333333334 0.105 0.04833333333333334
0 0.7010714285714286 0.42500000000000004 0.105 0.04833333333333334
0 0.7517857142857143 0.44 0.105 0.04833333333333334
0 0.8082142857142857 0.4241666666666667 0.105 0.04833333333333334
0 0.8753571428571428 0.42500000000000004 0.105 0.04833333333333334
0 0.9303571428571429 0.4475 0.105 0.04833333333333334
0 0.9475 0.4683333333333334 0.105 0.04833333333333334
