0 0.04428571428571428 0.47875 0.08714285714285715 0.04416666666666667
0 0.07928571428571428 0.47458333333333336 0.08714285714285715 0.04416666666666667
0 0.11428571428571428 0.46625000000000005 0.08714285714285715 0.04416666666666667
0 0.15714285714285714 0.48375 0.08714285714285715 0.04416666666666667
0 0.19714285714285715 0.48708333333333337 0.08714285714285715 0.04416666666666667
0 0.23357142857142857 0.4995833333333334 0.08714285714285715 0.04416666666666667
0 0.28285714285714286 0.4920833333333334 0.08714285714285715 0.04416666666666667
0 0.3335714285714286 0.48208333333333336 0.08714285714285715 0.04416666666666667
0 0.3992857142857143 0.48625 0.08714285714285715 0.04416666666666667
0 0.4207142857142857 0.4704166666666667 0.08714285714285715 0.04416666666666667
0 0.4657142857142857 0.46125000000000005 0.08714285714285715 0.04416666666666667
0 0.5078571428571429 0.4504166666666667 0.08714285714285715 0.04416666666666667
0 0.5514285714285714 0.4504166666666667 0.08714285714285715 0.04416666666666667
0 0.6007142857142858 0.45875000000000005 0.08714285714285715 0.04416666666666667
0 0.6521428571428571 0.46875000000000006 0.08714285714285715 0.04416666666666667
0 0.6971428571428572 0.48208333333333336 0.08714285714285715 0.04416666666666667
0 0.7471428571428571 0.48708333333333337 0.08714285714285715 0.04416666666666667
0 0.7985714285714286 0.48708333333333337 0.08714285714285715 0.04416666666666667
0 0.8657142857142857 0.4970833333333334 0.08714285714285715 0.04416666666666667
0 0.9092857142857143 0.5004166666666667 0.08714285714285715 0.04416666666666667
0 0.9485714285714286 0.48958333333333337 0.08714285714285715 0.04416666666666667
0 0.9564285714285714 0.48375 0.08714285714285715 0.04416666666666667
