0 0.10928571428571429 0.7870833333333334 0.08857142857142856 0.04416666666666667
0 0.1675 0.7570833333333333 0.062142857142857146 0.0625
0 0.21714285714285714 0.6825 0.047142857142857146 0.09166666666666667
0 0.2667857142857143 0.6066666666666667 0.06928571428571428 0.08666666666666667
0 0.3171428571428571 0.56125 0.09142857142857143 0.050833333333333335
0 0.38285714285714284 0.5387500000000001 0.09142857142857143 0.050833333333333335
0 0.44357142857142856 0.5279166666666667 0.09142857142857143 0.050833333333333335
0 0.5135714285714286 0.5079166666666667 0.09142857142857143 0.050833333333333335
0 0.5471428571428572 0.49375 0.09142857142857143 0.050833333333333335
0 0.6 0.47208333333333335 0.09142857142857143 0.050833333333333335
0 0.6492857142857142 0.4879166666666667 0.09142857142857143 0.050833333333333335
0 0.6935714285714286 0.5045833333333334 0.09142857142857143 0.050833333333333335
0 0.7521428571428571 0.5129166666666667 0.09142857142857143 0.050833333333333335
0 0.8092857142857143 0.49625 0.09142857142857143 0.050833333333333335
0 0.8614285714285714 0.4970833333333334 0.09142857142857143 0.050833333333333335
0 0.9121428571428571 0.5154166666666667 0.09142857142857143 0.050833333333333335
0 0.9542857142857143 0.5220833333333333 0.09142857142857143 0.050833333333333335
