0 0.037142857142857144 0.36041666666666666 0.07142857142857142 0.05583333333333334
0 0.07428571428571429 0.38208333333333333 0.07142857142857142 0.05583333333333334
0 0.1357142857142857 0.40208333333333335 0.07142857142857142 0.05583333333333334
0 0.18857142857142858 0.41625 0.07142857142857142 0.05583333333333334
0 0.24214285714285713 0.41875 0.07142857142857142 0.05583333333333334
0 0.28714285714285714 0.41458333333333336 0.07142857142857142 0.05583333333333334
0 0.345 0.41625 0.07142857142857142 0.05583333333333334
0 0.39285714285714285 0.42125 0.07142857142857142 0.05583333333333334
0 0.43857142857142856 0.42875 0.07142857142857142 0.05583333333333334
0 0.48642857142857143 0.4345833333333334 0.07142857142857142 0.05583333333333334
0 0.5414285714285715 0.4420833333333334 0.07142857142857142 0.05583333333333334
0 0.595 0.44125000000000003 0.07142857142857142 0.05583333333333334
0 0.6435714285714286 0.41708333333333336 0.07142857142857142 0.05583333333333334
0 0.6807142857142857 0.40875 0.07142857142857142 0.05583333333333334
0 0.7142857142857143 0.39208333333333334 0.07142857142857142 0.05583333333333334
0 0.75 0.39125000000000004 0.07142857142857142 0.05583333333333334
0 0.7864285714285715 0.40875 0.07142857142857142 0.05583333333333334
0 0.8271428571428572 0.42875 0.07142857142857142 0.05583333333333334
0 0.8628571428571429 0.4504166666666667 0.07142857142857142 0.05583333333333334
0 0.9035714285714286 0.41708333333333336 0.07142857142857142 0.05583333333333334
0 0.9485714285714286 0.4054166666666667 0.07142857142857142 0.05583333333333334
0 0.9642857142857143 0.3929166666666667 0.07142857142857142 0.05583333333333334
