0 0.040357142857142855 0.39916666666666667 0.07928571428571428 0.04666666666666667
0 0.0675 0.4041666666666667 0.07928571428571428 0.04666666666666667
0 0.11321428571428571 0.4041666666666667 0.07928571428571428 0.04666666666666667
0 0.15392857142857141 0.4108333333333334 0.07928571428571428 0.04666666666666667
0 0.19964285714285715 0.4108333333333334 0.07928571428571428 0.04666666666666667
0 0.2425 0.41583333333333333 0.07928571428571428 0.04666666666666667
0 0.29035714285714287 0.41750000000000004 0.07928571428571428 0.04666666666666667
0 0.3317857142857143 0.4091666666666667 0.07928571428571428 0.04666666666666667
0 0.38535714285714284 0.4008333333333334 0.07928571428571428 0.04666666666666667
0 0.43464285714285716 0.4033333333333334 0.07928571428571428 0.04666666666666667
0 0.4860714285714286 0.395 0.07928571428571428 0.04666666666666667
0 0.5375 0.38583333333333336 0.07928571428571428 0.04666666666666667
0 0.5546428571428571 0.37083333333333335 0.07928571428571428 0.04666666666666667
0 0.6003571428571428 0.39 0.07928571428571428 0.04666666666666667
0 0.6410714285714286 0.39333333333333337 0.07928571428571428 0.04666666666666667
0 0.6732142857142858 0.3725 0.07928571428571428 0.04666666666666667
0 0.7267857142857143 0.3641666666666667 0.07928571428571428 0.04666666666666667
0 0.7753571428571429 0.36833333333333335 0.07928571428571428 0.04666666666666667
0 0.8275 0.3816666666666667 0.07928571428571428 0.04666666666666667
0 0.8703571428571428 0.38333333333333336 0.07928571428571428 0.04666666666666667
0 0.9225 0.39583333333333337 0.07928571428571428 0.04666666666666667
0 0.9603571428571429 0.42083333333333334 0.07928571428571428 0.04666666666666667
