0 0.08678571428571429 0.4425 0.08357142857142857 0.06333333333333334
0 0.13035714285714287 0.4116666666666667 0.08357142857142857 0.06333333333333334
0 0.17964285714285713 0.3775 0.08357142857142857 0.06333333333333334
0 0.23964285714285713 0.3766666666666667 0.08357142857142857 0.06333333333333334
0 0.30892857142857144 0.37833333333333335 0.08357142857142857 0.06333333333333334
0 0.38392857142857145 0.3791666666666667 0.08357142857142857 0.06333333333333334
0 0.44392857142857145 0.39083333333333337 0.08357142857142857 0.06333333333333334
0 0.49464285714285716 0.4033333333333334 0.08357142857142857 0.06333333333333334
0 0.5932142857142857 0.4291666666666667 0.08357142857142857 0.06333333333333334
0 0.5432142857142858 0.42083333333333334 0.08357142857142857 0.06333333333333334
0 0.6410714285714286 0.42500000000000004 0.08357142857142857 0.06333333333333334
0 0.6889285714285714 0.42000000000000004 0.08357142857142857 0.06333333333333334
0 0.7475 0.4241666666666667 0.08357142857142857 0.06333333333333334
0 0.8082142857142857 0.42500000000000004 0.08357142857142857 0.06333333333333334
0 0.8796428571428572 0.4266666666666667 0.08357142857142857 0.06333333333333334
0 0.9282142857142857 0.4316666666666667 0.08357142857142857 0.06333333333333334
0 0.9582142857142857 0.43750000000000006 0.08357142857142857 0.06333333333333334
