0 0.14892857142857144 0.33083333333333337 0.10785714285714286 0.035
0 0.21392857142857144 0.325 0.10785714285714286 0.035
0 0.2596428571428571 0.32083333333333336 0.10785714285714286 0.035
0 0.3196428571428571 0.34 0.10785714285714286 0.035
0 0.3717857142857143 0.35250000000000004 0.10785714285714286 0.035
0 0.4275 0.3691666666666667 0.10785714285714286 0.035
0 0.49964285714285717 0.3766666666666667 0.10785714285714286 0.035
0 0.5489285714285714 0.3866666666666667 0.10785714285714286 0.035
0 0.6167857142857143 0.405 0.10785714285714286 0.035
0 0.6639285714285714 0.42500000000000004 0.10785714285714286 0.035
0 0.8317857142857142 0.42750000000000005 0.10785714285714286 0.035
0 0.8910714285714286 0.44 0.10785714285714286 0.035
0 0.9460714285714286 0.455 0.10785714285714286 0.035
0 0.06035714285714286 0.32666666666666666 0.10785714285714286 0.035
