0 0.03642857142857143 0.60875 0.07142857142857142 0.0475
0 0.06321428571428571 0.6195833333333334 0.07214285714285715 0.0475
0 0.09821428571428571 0.6212500000000001 0.07214285714285715 0.0475
0 0.13178571428571428 0.6070833333333334 0.07214285714285715 0.0475
0 0.16392857142857142 0.6129166666666667 0.07214285714285715 0.0475
0 0.2125 0.6145833333333334 0.07214285714285715 0.0475
0 0.25535714285714284 0.61875 0.07214285714285715 0.0475
0 0.3067857142857143 0.6095833333333334 0.07214285714285715 0.0475
0 0.3510714285714286 0.6045833333333334 0.07214285714285715 0.0475
0 0.4039285714285714 0.6145833333333334 0.07214285714285715 0.0475
0 0.45535714285714285 0.6054166666666667 0.07214285714285715 0.0475
0 0.49392857142857144 0.5820833333333334 0.07214285714285715 0.0475
0 0.5132142857142857 0.62375 0.07214285714285715 0.0475
0 0.5517857142857143 0.6454166666666667 0.07214285714285715 0.0475
0 0.5875 0.6929166666666667 0.07214285714285715 0.0475
0 0.6339285714285714 0.70625 0.07214285714285715 0.0475
0 0.6796428571428571 0.70875 0.07214285714285715 0.0475
