0 0.05 0.47708333333333336 0.09714285714285714 0.04916666666666667
0 0.08571428571428572 0.48125 0.09714285714285714 0.04916666666666667
0 0.13357142857142856 0.47958333333333336 0.09714285714285714 0.04916666666666667
0 0.17785714285714285 0.47458333333333336 0.09714285714285714 0.04916666666666667
0 0.23 0.47208333333333335 0.09714285714285714 0.04916666666666667
0 0.2807142857142857 0.4654166666666667 0.09714285714285714 0.04916666666666667
0 0.3392857142857143 0.47208333333333335 0.09714285714285714 0.04916666666666667
0 0.39785714285714285 0.4779166666666667 0.09714285714285714 0.04916666666666667
0 0.44357142857142856 0.4920833333333334 0.09714285714285714 0.04916666666666667
0 0.4835714285714286 0.5012500000000001 0.09714285714285714 0.04916666666666667
0 0.5378571428571428 0.5020833333333333 0.09714285714285714 0.04916666666666667
0 0.5521428571428572 0.44875000000000004 0.09714285714285714 0.04916666666666667
0 0.6014285714285714 0.4454166666666667 0.09714285714285714 0.04916666666666667
0 0.6435714285714286 0.4320833333333334 0.09714285714285714 0.04916666666666667
0 0.64 0.4995833333333334 0.09714285714285714 0.04916666666666667
0 0.7071428571428572 0.49375 0.09714285714285714 0.04916666666666667
0 0.7628571428571429 0.4704166666666667 0.09714285714285714 0.04916666666666667
0 0.7135714285714285 0.45125000000000004 0.09714285714285714 0.04916666666666667
0 0.8221428571428572 0.45125000000000004 0.09714285714285714 0.04916666666666667
0 0.8735714285714286 0.4395833333333334 0.09714285714285714 0.04916666666666667
0 0.9321428571428572 0.44375000000000003 0.09714285714285714 0.04916666666666667
0 0.9514285714285714 0.47625 0.09714285714285714 0.04916666666666667
