0 0.060714285714285714 0.4791666666666667 0.12 0.05166666666666667
0 0.11428571428571428 0.47250000000000003 0.12 0.05166666666666667
0 0.16 0.46416666666666667 0.12 0.05166666666666667
0 0.20785714285714285 0.4691666666666667 0.12 0.05166666666666667
0 0.2792857142857143 0.4916666666666667 0.12 0.05166666666666667
0 0.2935714285714286 0.45083333333333336 0.12 0.05166666666666667
0 0.3357142857142857 0.4741666666666667 0.12 0.05166666666666667
0 0.38571428571428573 0.49000000000000005 0.12 0.05166666666666667
0 0.43 0.49250000000000005 0.12 0.05166666666666667
0 0.485 0.4783333333333334 0.12 0.05166666666666667
0 0.5228571428571429 0.465 0.12 0.05166666666666667
0 0.5721428571428572 0.4525 0.12 0.05166666666666667
0 0.6292857142857143 0.4658333333333334 0.12 0.05166666666666667
0 0.6785714285714286 0.4808333333333334 0.12 0.05166666666666667
0 0.7171428571428572 0.4741666666666667 0.12 0.05166666666666667
0 0.7814285714285715 0.49250000000000005 0.12 0.05166666666666667
0 0.8557142857142858 0.5091666666666667 0.12 0.05166666666666667
0 0.8928571428571429 0.5091666666666667 0.12 0.05166666666666667
0 0.94 0.5091666666666667 0.12 0.05166666666666667
