0 0.11571428571428571 0.7258333333333333 0.08571428571428572 0.060000000000000005
0 0.16142857142857142 0.6950000000000001 0.08571428571428572 0.060000000000000005
0 0.18642857142857142 0.6516666666666667 0.08571428571428572 0.060000000000000005
0 0.29464285714285715 0.5716666666666667 0.10071428571428571 0.060000000000000005
0 0.3382142857142857 0.5483333333333333 0.10071428571428571 0.060000000000000005
0 0.3939285714285714 0.53 0.10071428571428571 0.060000000000000005
0 0.45107142857142857 0.5241666666666667 0.10071428571428571 0.060000000000000005
0 0.49178571428571427 0.5308333333333334 0.10071428571428571 0.060000000000000005
0 0.5353571428571429 0.5333333333333333 0.10071428571428571 0.060000000000000005
0 0.5975 0.525 0.10071428571428571 0.060000000000000005
0 0.6553571428571429 0.5125000000000001 0.10071428571428571 0.060000000000000005
0 0.7060714285714286 0.505 0.10071428571428571 0.060000000000000005
0 0.7532142857142857 0.5108333333333334 0.10071428571428571 0.060000000000000005
0 0.8096428571428571 0.5016666666666667 0.10071428571428571 0.060000000000000005
0 0.8717857142857143 0.49500000000000005 0.10071428571428571 0.060000000000000005
0 0.9182142857142858 0.49500000000000005 0.10071428571428571 0.060000000000000005
0 0.9496428571428571 0.4966666666666667 0.10071428571428571 0.060000000000000005
