0 0.03642857142857143 0.35833333333333334 0.07142857142857142 0.03166666666666667
0 0.08142857142857143 0.36750000000000005 0.07142857142857142 0.03166666666666667
0 0.12571428571428572 0.3775 0.07142857142857142 0.03166666666666667
0 0.17785714285714285 0.3825 0.07142857142857142 0.03166666666666667
0 0.22428571428571428 0.3766666666666667 0.07142857142857142 0.03166666666666667
0 0.2757142857142857 0.3775 0.07142857142857142 0.03166666666666667
0 0.3171428571428571 0.385 0.07142857142857142 0.03166666666666667
0 0.35214285714285715 0.3975 0.07142857142857142 0.03166666666666667
0 0.3871428571428571 0.405 0.07142857142857142 0.03166666666666667
0 0.4228571428571429 0.4 0.07142857142857142 0.03166666666666667
0 0.4828571428571429 0.3866666666666667 0.07142857142857142 0.03166666666666667
0 0.5378571428571428 0.4008333333333334 0.07142857142857142 0.03166666666666667
0 0.5921428571428572 0.4041666666666667 0.07142857142857142 0.03166666666666667
0 0.6421428571428571 0.4116666666666667 0.07142857142857142 0.03166666666666667
0 0.8278571428571428 0.4416666666666667 0.07142857142857142 0.03166666666666667
0 0.8657142857142857 0.44833333333333336 0.07142857142857142 0.03166666666666667
0 0.9157142857142857 0.4591666666666667 0.07142857142857142 0.03166666666666667
