0 0.2742857142857143 0.44583333333333336 0.07 0.04666666666666667
0 0.295 0.4341666666666667 0.07 0.04666666666666667
0 0.3271428571428571 0.42583333333333334 0.07 0.04666666666666667
0 0.365 0.4141666666666667 0.07 0.04666666666666667
0 0.4157142857142857 0.405 0.07 0.04666666666666667
0 0.46214285714285713 0.395 0.07 0.04666666666666667
0 0.4878571428571429 0.3925 0.07 0.04666666666666667
0 0.5292857142857142 0.39333333333333337 0.07 0.04666666666666667
0 0.5607142857142857 0.39583333333333337 0.07 0.04666666666666667
0 0.6 0.39416666666666667 0.07 0.04666666666666667
0 0.6378571428571429 0.3975 0.07 0.04666666666666667
0 0.68 0.4 0.07 0.04666666666666667
0 0.72 0.39 0.07 0.04666666666666667
0 0.7535714285714286 0.3875 0.07 0.04666666666666667
0 0.7828571428571428 0.3891666666666667 0.07 0.04666666666666667
0 0.8107142857142857 0.3916666666666667 0.07 0.04666666666666667
0 0.8478571428571429 0.3916666666666667 0.07 0.04666666666666667
0 0.8771428571428571 0.4041666666666667 0.07 0.04666666666666667
0 0.905 0.40166666666666667 0.07 0.04666666666666667
0 0.9278571428571428 0.4 0.07 0.04666666666666667
0 0.9557142857142857 0.405 0.07 0.04666666666666667
