0 0.036071428571428574 0.43625 0.062142857142857146 0.037500000000000006
0 0.06035714285714286 0.4395833333333334 0.062142857142857146 0.037500000000000006
0 0.0825 0.4395833333333334 0.062142857142857146 0.037500000000000006
0 0.10035714285714285 0.43625 0.062142857142857146 0.037500000000000006
0 0.12892857142857142 0.43625 0.062142857142857146 0.037500000000000006
0 0.15892857142857142 0.4354166666666667 0.062142857142857146 0.037500000000000006
0 0.19035714285714286 0.43125 0.062142857142857146 0.037500000000000006
0 0.2225 0.4420833333333334 0.062142857142857146 0.037500000000000006
0 0.24678571428571427 0.4479166666666667 0.062142857142857146 0.037500000000000006
0 0.28035714285714286 0.45375000000000004 0.062142857142857146 0.037500000000000006
0 0.31607142857142856 0.45708333333333334 0.062142857142857146 0.037500000000000006
0 0.3560714285714286 0.45958333333333334 0.062142857142857146 0.037500000000000006
0 0.3896428571428571 0.46708333333333335 0.062142857142857146 0.037500000000000006
0 0.42892857142857144 0.46375000000000005 0.062142857142857146 0.037500000000000006
0 0.4625 0.45875000000000005 0.062142857142857146 0.037500000000000006
0 0.4982142857142857 0.4529166666666667 0.062142857142857146 0.037500000000000006
0 0.5296428571428572 0.45208333333333334 0.062142857142857146 0.037500000000000006
0 0.5675 0.4420833333333334 0.062142857142857146 0.037500000000000006
0 0.5989285714285715 0.41875 0.062142857142857146 0.037500000000000006
0 0.6353571428571428 0.41625 0.062142857142857146 0.037500000000000006
0 0.6639285714285714 0.4079166666666667 0.062142857142857146 0.037500000000000006
0 0.6353571428571428 0.46375000000000005 0.062142857142857146 0.037500000000000006
0 0.6546428571428572 0.4579166666666667 0.062142857142857146 0.037500000000000006
0 0.6767857142857143 0.4479166666666667 0.062142857142857146 0.037500000000000006
0 0.7025 0.4054166666666667 0.062142857142857146 0.037500000000000006
0 0.7375 0.4029166666666667 0.062142857142857146 0.037500000000000006
0 0.7696428571428572 0.4054166666666667 0.062142857142857146 0.037500000000000006
0 0.8082142857142857 0.41375 0.062142857142857146 0.037500000000000006
0 0.8446428571428571 0.41708333333333336 0.062142857142857146 0.037500000000000006
0 0.8689285714285714 0.4370833333333334 0.062142857142857146 0.037500000000000006
0 0.8996428571428572 0.4404166666666667 0.062142857142857146 0.037500000000000006
0 0.9296428571428571 0.45458333333333334 0.062142857142857146 0.037500000000000006
0 0.9596428571428571 0.47625 0.062142857142857146 0.037500000000000006
