0 0.041428571428571426 0.4254166666666667 0.06571428571428571 0.035833333333333335
0 0.06142857142857143 0.43625 0.06571428571428571 0.035833333333333335
0 0.08142857142857143 0.4454166666666667 0.06571428571428571 0.035833333333333335
0 0.11714285714285715 0.45375000000000004 0.06571428571428571 0.035833333333333335
0 0.1492857142857143 0.45375000000000004 0.06571428571428571 0.035833333333333335
0 0.1792857142857143 0.45875000000000005 0.06571428571428571 0.035833333333333335
0 0.1992857142857143 0.46875000000000006 0.06571428571428571 0.035833333333333335
0 0.24 0.45958333333333334 0.06571428571428571 0.035833333333333335
0 0.27285714285714285 0.45458333333333334 0.06571428571428571 0.035833333333333335
0 0.30857142857142855 0.4529166666666667 0.06571428571428571 0.035833333333333335
0 0.3364285714285714 0.44875000000000004 0.06571428571428571 0.035833333333333335
0 0.3742857142857143 0.4479166666666667 0.06571428571428571 0.035833333333333335
0 0.4157142857142857 0.4470833333333334 0.06571428571428571 0.035833333333333335
0 0.44857142857142857 0.44375000000000003 0.06571428571428571 0.035833333333333335
0 0.49142857142857144 0.4429166666666667 0.06571428571428571 0.035833333333333335
0 0.5307142857142857 0.4454166666666667 0.06571428571428571 0.035833333333333335
0 0.5678571428571428 0.44958333333333333 0.06571428571428571 0.035833333333333335
0 0.6064285714285714 0.4470833333333334 0.06571428571428571 0.035833333333333335
0 0.6385714285714286 0.45708333333333334 0.06571428571428571 0.035833333333333335
0 0.6778571428571428 0.46625000000000005 0.06571428571428571 0.035833333333333335
0 0.7121428571428572 0.47208333333333335 0.06571428571428571 0.035833333333333335
0 0.7464285714285714 0.46875000000000006 0.06571428571428571 0.035833333333333335
0 0.7685714285714286 0.46375000000000005 0.06571428571428571 0.035833333333333335
0 0.8042857142857143 0.46375000000000005 0.06571428571428571 0.035833333333333335
0 0.8364285714285714 0.4654166666666667 0.06571428571428571 0.035833333333333335
0 0.8707142857142857 0.46875000000000006 0.06571428571428571 0.035833333333333335
0 0.9071428571428571 0.47375 0.06571428571428571 0.035833333333333335
0 0.935 0.46708333333333335 0.06571428571428571 0.035833333333333335
0 0.9642857142857143 0.46125000000000005 0.06571428571428571 0.035833333333333335
