0 0.3385714285714286 0.51875 0.07142857142857142 0.03916666666666667
0 0.3692857142857143 0.5020833333333333 0.07142857142857142 0.03916666666666667
0 0.39357142857142857 0.49541666666666667 0.07142857142857142 0.03916666666666667
0 0.42214285714285715 0.48958333333333337 0.07142857142857142 0.03916666666666667
0 0.4564285714285714 0.4779166666666667 0.07142857142857142 0.03916666666666667
0 0.4828571428571429 0.4729166666666667 0.07142857142857142 0.03916666666666667
0 0.5157142857142857 0.47125000000000006 0.07142857142857142 0.03916666666666667
0 0.5528571428571428 0.46125000000000005 0.07142857142857142 0.03916666666666667
0 0.5907142857142857 0.4529166666666667 0.07142857142857142 0.03916666666666667
0 0.6128571428571429 0.45958333333333334 0.07142857142857142 0.03916666666666667
0 0.6442857142857142 0.45375000000000004 0.07142857142857142 0.03916666666666667
0 0.6757142857142857 0.45708333333333334 0.07142857142857142 0.03916666666666667
0 0.7057142857142857 0.45708333333333334 0.07142857142857142 0.03916666666666667
0 0.7428571428571429 0.4604166666666667 0.07142857142857142 0.03916666666666667
0 0.7828571428571428 0.4679166666666667 0.07142857142857142 0.03916666666666667
0 0.8078571428571428 0.4679166666666667 0.07142857142857142 0.03916666666666667
0 0.8392857142857143 0.47458333333333336 0.07142857142857142 0.03916666666666667
0 0.8642857142857143 0.47458333333333336 0.07142857142857142 0.03916666666666667
0 0.9007142857142857 0.4854166666666667 0.07142857142857142 0.03916666666666667
0 0.9171428571428571 0.48208333333333336 0.07142857142857142 0.03916666666666667
0 0.9414285714285714 0.48208333333333336 0.07142857142857142 0.03916666666666667
0 0.9592857142857143 0.4804166666666667 0.07142857142857142 0.03916666666666667
0 0.28785714285714287 0.5554166666666667 0.07142857142857142 0.03916666666666667
0 0.2985714285714286 0.5370833333333334 0.07142857142857142 0.03916666666666667
