0 0.1825 0.39625000000000005 0.07642857142857143 0.03416666666666667
0 0.20392857142857143 0.40458333333333335 0.07642857142857143 0.03416666666666667
0 0.23107142857142857 0.40458333333333335 0.07642857142857143 0.03416666666666667
0 0.25607142857142856 0.3979166666666667 0.07642857142857143 0.03416666666666667
0 0.2832142857142857 0.38958333333333334 0.07642857142857143 0.03416666666666667
0 0.31464285714285717 0.38375000000000004 0.07642857142857143 0.03416666666666667
0 0.3525 0.3795833333333334 0.07642857142857143 0.03416666666666667
0 0.38035714285714284 0.36291666666666667 0.07642857142857143 0.03416666666666667
0 0.4060714285714286 0.36291666666666667 0.07642857142857143 0.03416666666666667
0 0.4332142857142857 0.36291666666666667 0.07642857142857143 0.03416666666666667
0 0.4525 0.3579166666666667 0.07642857142857143 0.03416666666666667
0 0.4767857142857143 0.35958333333333337 0.07642857142857143 0.03416666666666667
0 0.5032142857142857 0.35375 0.07642857142857143 0.03416666666666667
0 0.5325 0.36541666666666667 0.07642857142857143 0.03416666666666667
0 0.5589285714285714 0.36291666666666667 0.07642857142857143 0.03416666666666667
0 0.5860714285714286 0.3795833333333334 0.07642857142857143 0.03416666666666667
0 0.6139285714285714 0.38625000000000004 0.07642857142857143 0.03416666666666667
0 0.6475 0.40208333333333335 0.07642857142857143 0.03416666666666667
0 0.6725 0.41625 0.07642857142857143 0.03416666666666667
0 0.7017857142857142 0.41958333333333336 0.07642857142857143 0.03416666666666667
0 0.7410714285714286 0.42625 0.07642857142857143 0.03416666666666667
0 0.7717857142857143 0.4295833333333334 0.07642857142857143 0.03416666666666667
0 0.8260714285714286 0.4370833333333334 0.07642857142857143 0.03416666666666667
0 0.8567857142857143 0.43291666666666667 0.07642857142857143 0.03416666666666667
0 0.8889285714285714 0.4354166666666667 0.07642857142857143 0.03416666666666667
0 0.9196428571428571 0.43041666666666667 0.07642857142857143 0.03416666666666667
