0 0.04285714285714286 0.41875 0.06285714285714286 0.03416666666666667
0 0.05928571428571429 0.41958333333333336 0.06285714285714286 0.03416666666666667
0 0.09857142857142857 0.4254166666666667 0.06285714285714286 0.03416666666666667
0 0.12571428571428572 0.4295833333333334 0.06285714285714286 0.03416666666666667
0 0.15428571428571428 0.4295833333333334 0.06285714285714286 0.03416666666666667
0 0.18571428571428572 0.42875 0.06285714285714286 0.03416666666666667
0 0.21785714285714286 0.4345833333333334 0.06285714285714286 0.03416666666666667
0 0.25142857142857145 0.42791666666666667 0.06285714285714286 0.03416666666666667
0 0.29 0.41958333333333336 0.06285714285714286 0.03416666666666667
0 0.3242857142857143 0.40958333333333335 0.06285714285714286 0.03416666666666667
0 0.36142857142857143 0.41125 0.06285714285714286 0.03416666666666667
0 0.39571428571428574 0.41125 0.06285714285714286 0.03416666666666667
0 0.42428571428571427 0.4104166666666667 0.06285714285714286 0.03416666666666667
0 0.5021428571428571 0.3829166666666667 0.06285714285714286 0.03416666666666667
0 0.5342857142857143 0.3829166666666667 0.06285714285714286 0.03416666666666667
0 0.5585714285714286 0.38208333333333333 0.06285714285714286 0.03416666666666667
0 0.5914285714285714 0.37625000000000003 0.06285714285714286 0.03416666666666667
0 0.6257142857142857 0.3904166666666667 0.06285714285714286 0.03416666666666667
0 0.6742857142857143 0.4004166666666667 0.06285714285714286 0.03416666666666667
0 0.7078571428571429 0.41458333333333336 0.06285714285714286 0.03416666666666667
0 0.7264285714285714 0.42458333333333337 0.06285714285714286 0.03416666666666667
0 0.7714285714285715 0.43291666666666667 0.06285714285714286 0.03416666666666667
0 0.7957142857142857 0.4420833333333334 0.06285714285714286 0.03416666666666667
0 0.8307142857142857 0.44625000000000004 0.06285714285714286 0.03416666666666667
0 0.8707142857142857 0.4479166666666667 0.06285714285714286 0.03416666666666667
0 0.905 0.44958333333333333 0.06285714285714286 0.03416666666666667
