0 0.31392857142857145 0.52125 0.06928571428571428 0.0425
0 0.3339285714285714 0.5045833333333334 0.06928571428571428 0.0425
0 0.36178571428571427 0.4729166666666667 0.06928571428571428 0.0425
0 0.34464285714285714 0.48625 0.06928571428571428 0.0425
0 0.40535714285714286 0.45958333333333334 0.06928571428571428 0.0425
0 0.43392857142857144 0.45625000000000004 0.06928571428571428 0.0425
0 0.4617857142857143 0.45375000000000004 0.06928571428571428 0.0425
0 0.5060714285714286 0.4604166666666667 0.06928571428571428 0.0425
0 0.5432142857142858 0.4579166666666667 0.06928571428571428 0.0425
0 0.5810714285714286 0.45875000000000005 0.06928571428571428 0.0425
0 0.6182142857142857 0.4579166666666667 0.06928571428571428 0.0425
0 0.6546428571428572 0.45458333333333334 0.06928571428571428 0.0425
0 0.6696428571428571 0.4604166666666667 0.06928571428571428 0.0425
0 0.7510714285714286 0.44875000000000004 0.06928571428571428 0.0425
0 0.7896428571428571 0.4454166666666667 0.06928571428571428 0.0425
0 0.8182142857142857 0.4470833333333334 0.06928571428571428 0.0425
0 0.7710714285714285 0.44958333333333333 0.06928571428571428 0.0425
0 0.8575 0.44875000000000004 0.06928571428571428 0.0425
0 0.8810714285714286 0.44958333333333333 0.06928571428571428 0.0425
0 0.9560714285714286 0.45625000000000004 0.06928571428571428 0.0425
