0 0.04392857142857143 0.46708333333333335 0.07071428571428572 0.037500000000000006
0 0.06892857142857142 0.46458333333333335 0.07071428571428572 0.037500000000000006
0 0.09892857142857144 0.4604166666666667 0.07071428571428572 0.037500000000000006
0 0.13107142857142856 0.4604166666666667 0.07071428571428572 0.037500000000000006
0 0.15178571428571427 0.4629166666666667 0.07071428571428572 0.037500000000000006
0 0.23607142857142857 0.4879166666666667 0.07071428571428572 0.037500000000000006
0 0.26035714285714284 0.5079166666666667 0.07071428571428572 0.037500000000000006
0 0.24464285714285713 0.4995833333333334 0.07071428571428572 0.037500000000000006
0 0.42392857142857143 0.4904166666666667 0.07071428571428572 0.037500000000000006
0 0.4517857142857143 0.47208333333333335 0.07071428571428572 0.037500000000000006
0 0.47464285714285714 0.4754166666666667 0.07071428571428572 0.037500000000000006
0 0.49535714285714283 0.48458333333333337 0.07071428571428572 0.037500000000000006
0 0.5275 0.4979166666666667 0.07071428571428572 0.037500000000000006
0 0.5525 0.4979166666666667 0.07071428571428572 0.037500000000000006
0 0.5896428571428571 0.50625 0.07071428571428572 0.037500000000000006
0 0.6139285714285714 0.50875 0.07071428571428572 0.037500000000000006
0 0.8367857142857142 0.53125 0.07071428571428572 0.037500000000000006
0 0.8682142857142857 0.5404166666666667 0.07071428571428572 0.037500000000000006
0 0.9032142857142857 0.5529166666666667 0.07071428571428572 0.037500000000000006
0 0.6339285714285714 0.50375 0.07071428571428572 0.037500000000000006
0 0.5746428571428571 0.50375 0.07071428571428572 0.037500000000000006
0 0.43464285714285716 0.5004166666666667 0.07071428571428572 0.037500000000000006
0 0.23035714285714284 0.4929166666666667 0.07071428571428572 0.037500000000000006
0 0.16607142857142856 0.46458333333333335 0.07071428571428572 0.037500000000000006
0 0.8460714285714286 0.5429166666666667 0.07071428571428572 0.037500000000000006
