0 0.30428571428571427 0.5558333333333334 0.08142857142857143 0.04833333333333334
0 0.32142857142857145 0.5441666666666667 0.08142857142857143 0.04833333333333334
0 0.34785714285714286 0.5308333333333334 0.08142857142857143 0.04833333333333334
0 0.37142857142857144 0.5258333333333334 0.08142857142857143 0.04833333333333334
0 0.4014285714285714 0.5258333333333334 0.08142857142857143 0.04833333333333334
0 0.43 0.5175000000000001 0.08142857142857143 0.04833333333333334
0 0.4764285714285714 0.5116666666666667 0.08142857142857143 0.04833333333333334
0 0.5128571428571429 0.5066666666666667 0.08142857142857143 0.04833333333333334
0 0.5364285714285715 0.5008333333333334 0.08142857142857143 0.04833333333333334
0 0.5728571428571428 0.49750000000000005 0.08142857142857143 0.04833333333333334
0 0.605 0.4941666666666667 0.08142857142857143 0.04833333333333334
0 0.6428571428571429 0.4966666666666667 0.08142857142857143 0.04833333333333334
0 0.6778571428571428 0.4991666666666667 0.08142857142857143 0.04833333333333334
0 0.7035714285714286 0.5025000000000001 0.08142857142857143 0.04833333333333334
0 0.7314285714285714 0.5 0.08142857142857143 0.04833333333333334
0 0.7707142857142857 0.4966666666666667 0.08142857142857143 0.04833333333333334
0 0.8028571428571428 0.49500000000000005 0.08142857142857143 0.04833333333333334
0 0.8335714285714285 0.4891666666666667 0.08142857142857143 0.04833333333333334
0 0.8707142857142857 0.4941666666666667 0.08142857142857143 0.04833333333333334
0 0.9078571428571428 0.5008333333333334 0.08142857142857143 0.04833333333333334
0 0.9421428571428572 0.5225000000000001 0.08142857142857143 0.04833333333333334
