0 0.032857142857142856 0.5441666666666667 0.054285714285714284 0.03666666666666667
0 0.04071428571428572 0.5341666666666667 0.054285714285714284 0.03666666666666667
0 0.08071428571428571 0.5241666666666667 0.054285714285714284 0.03666666666666667
0 0.11785714285714285 0.5158333333333334 0.054285714285714284 0.03666666666666667
0 0.14785714285714285 0.5175000000000001 0.054285714285714284 0.03666666666666667
0 0.17285714285714285 0.5266666666666667 0.054285714285714284 0.03666666666666667
0 0.20285714285714285 0.5208333333333334 0.054285714285714284 0.03666666666666667
0 0.23142857142857143 0.51 0.054285714285714284 0.03666666666666667
0 0.26071428571428573 0.5016666666666667 0.054285714285714284 0.03666666666666667
0 0.3007142857142857 0.49000000000000005 0.054285714285714284 0.03666666666666667
0 0.33285714285714285 0.48000000000000004 0.054285714285714284 0.03666666666666667
0 0.44642857142857145 0.4466666666666667 0.054285714285714284 0.03666666666666667
0 0.4785714285714286 0.465 0.054285714285714284 0.03666666666666667
0 0.5114285714285715 0.47500000000000003 0.054285714285714284 0.03666666666666667
0 0.5428571428571428 0.47750000000000004 0.054285714285714284 0.03666666666666667
0 0.5692857142857143 0.47750000000000004 0.054285714285714284 0.03666666666666667
0 0.5114285714285715 0.47750000000000004 0.054285714285714284 0.03666666666666667
0 0.5735714285714286 0.47750000000000004 0.054285714285714284 0.03666666666666667
0 0.6121428571428571 0.48333333333333334 0.054285714285714284 0.03666666666666667
0 0.6457142857142857 0.48500000000000004 0.054285714285714284 0.03666666666666667
0 0.6342857142857142 0.48833333333333334 0.054285714285714284 0.03666666666666667
0 0.7228571428571429 0.4783333333333334 0.054285714285714284 0.03666666666666667
0 0.7585714285714286 0.47250000000000003 0.054285714285714284 0.03666666666666667
0 0.8271428571428572 0.46166666666666667 0.054285714285714284 0.03666666666666667
0 0.86 0.46166666666666667 0.054285714285714284 0.03666666666666667
0 0.8885714285714286 0.46166666666666667 0.054285714285714284 0.03666666666666667
0 0.9135714285714286 0.45833333333333337 0.054285714285714284 0.03666666666666667
0 0.9314285714285714 0.46 0.054285714285714284 0.03666666666666667
0 0.9 0.46416666666666667 0.054285714285714284 0.03666666666666667
0 0.8707142857142857 0.46416666666666667 0.054285714285714284 0.03666666666666667
0 0.8335714285714285 0.455 0.054285714285714284 0.03666666666666667
