0 0.04178571428571429 0.48875 0.07214285714285715 0.04083333333333333
0 0.054642857142857146 0.4995833333333334 0.07214285714285715 0.04083333333333333
0 0.0775 0.51125 0.07214285714285715 0.04083333333333333
0 0.14464285714285716 0.5379166666666667 0.07214285714285715 0.04083333333333333
0 0.16464285714285715 0.5387500000000001 0.07214285714285715 0.04083333333333333
0 0.18607142857142858 0.54625 0.07214285714285715 0.04083333333333333
0 0.21392857142857144 0.5437500000000001 0.07214285714285715 0.04083333333333333
0 0.23964285714285713 0.54125 0.07214285714285715 0.04083333333333333
0 0.27535714285714286 0.5329166666666667 0.07214285714285715 0.04083333333333333
0 0.30607142857142855 0.5329166666666667 0.07214285714285715 0.04083333333333333
0 0.32821428571428574 0.5320833333333334 0.07214285714285715 0.04083333333333333
0 0.35964285714285715 0.5295833333333334 0.07214285714285715 0.04083333333333333
0 0.4117857142857143 0.53125 0.07214285714285715 0.04083333333333333
0 0.4525 0.5470833333333334 0.07214285714285715 0.04083333333333333
0 0.4860714285714286 0.5487500000000001 0.07214285714285715 0.04083333333333333
0 0.5175 0.5479166666666667 0.07214285714285715 0.04083333333333333
0 0.5617857142857143 0.5504166666666667 0.07214285714285715 0.04083333333333333
0 0.5453571428571429 0.5545833333333333 0.07214285714285715 0.04083333333333333
0 0.5832142857142857 0.5529166666666667 0.07214285714285715 0.04083333333333333
0 0.7932142857142858 0.5704166666666667 0.07214285714285715 0.04083333333333333
0 0.8460714285714286 0.5637500000000001 0.07214285714285715 0.04083333333333333
0 0.8739285714285714 0.5604166666666667 0.07214285714285715 0.04083333333333333
0 0.9175 0.5587500000000001 0.07214285714285715 0.04083333333333333
0 0.9446428571428571 0.5504166666666667 0.07214285714285715 0.04083333333333333
0 0.8275 0.5679166666666667 0.07214285714285715 0.04083333333333333
