0 0.2807142857142857 0.52125 0.07571428571428572 0.04416666666666667
0 0.2978571428571429 0.5195833333333334 0.07571428571428572 0.04416666666666667
0 0.32857142857142857 0.5129166666666667 0.07571428571428572 0.04416666666666667
0 0.3507142857142857 0.5079166666666667 0.07571428571428572 0.04416666666666667
0 0.3757142857142857 0.5020833333333333 0.07571428571428572 0.04416666666666667
0 0.4 0.4970833333333334 0.07571428571428572 0.04416666666666667
0 0.435 0.5012500000000001 0.07571428571428572 0.04416666666666667
0 0.4642857142857143 0.50375 0.07571428571428572 0.04416666666666667
0 0.48642857142857143 0.4995833333333334 0.07571428571428572 0.04416666666666667
0 0.5164285714285715 0.5045833333333334 0.07571428571428572 0.04416666666666667
0 0.5385714285714286 0.5095833333333334 0.07571428571428572 0.04416666666666667
0 0.5678571428571428 0.5070833333333333 0.07571428571428572 0.04416666666666667
0 0.6 0.5129166666666667 0.07571428571428572 0.04416666666666667
0 0.63 0.5179166666666667 0.07571428571428572 0.04416666666666667
0 0.6592857142857143 0.51375 0.07571428571428572 0.04416666666666667
0 0.6928571428571428 0.5129166666666667 0.07571428571428572 0.04416666666666667
0 0.7264285714285714 0.5145833333333334 0.07571428571428572 0.04416666666666667
0 0.7607142857142857 0.5220833333333333 0.07571428571428572 0.04416666666666667
0 0.7885714285714286 0.5329166666666667 0.07571428571428572 0.04416666666666667
0 0.8092857142857143 0.5437500000000001 0.07571428571428572 0.04416666666666667
0 0.8864285714285715 0.56625 0.07571428571428572 0.04416666666666667
0 0.9142857142857143 0.5687500000000001 0.07571428571428572 0.04416666666666667
0 0.9007142857142857 0.5687500000000001 0.07571428571428572 0.04416666666666667
0 0.9285714285714286 0.5679166666666667 0.07571428571428572 0.04416666666666667
0 0.9492857142857143 0.5679166666666667 0.07571428571428572 0.04416666666666667
