0 0.08357142857142857 0.45375000000000004 0.07714285714285714 0.04583333333333334
0 0.10285714285714286 0.4479166666666667 0.07714285714285714 0.04583333333333334
0 0.13071428571428573 0.4345833333333334 0.07714285714285714 0.04583333333333334
0 0.1457142857142857 0.4320833333333334 0.07714285714285714 0.04583333333333334
0 0.27785714285714286 0.43375 0.07714285714285714 0.04583333333333334
0 0.295 0.43375 0.07714285714285714 0.04583333333333334
0 0.3271428571428571 0.44958333333333333 0.07714285714285714 0.04583333333333334
0 0.34785714285714286 0.4629166666666667 0.07714285714285714 0.04583333333333334
0 0.30214285714285716 0.44875000000000004 0.07714285714285714 0.04583333333333334
0 0.3742857142857143 0.47375 0.07714285714285714 0.04583333333333334
0 0.4135714285714286 0.48125 0.07714285714285714 0.04583333333333334
0 0.4471428571428571 0.48708333333333337 0.07714285714285714 0.04583333333333334
0 0.47928571428571426 0.48708333333333337 0.07714285714285714 0.04583333333333334
0 0.505 0.4970833333333334 0.07714285714285714 0.04583333333333334
0 0.5342857142857143 0.4970833333333334 0.07714285714285714 0.04583333333333334
0 0.5628571428571428 0.49375 0.07714285714285714 0.04583333333333334
0 0.5842857142857143 0.48958333333333337 0.07714285714285714 0.04583333333333334
0 0.7557142857142857 0.4929166666666667 0.07714285714285714 0.04583333333333334
0 0.7757142857142857 0.5012500000000001 0.07714285714285714 0.04583333333333334
0 0.8985714285714286 0.5745833333333333 0.07714285714285714 0.04583333333333334
0 0.8807142857142857 0.5695833333333333 0.07714285714285714 0.04583333333333334
