0 0.06785714285714285 0.35833333333333334 0.08571428571428572 0.03666666666666667
0 0.085 0.36083333333333334 0.08571428571428572 0.03666666666666667
0 0.11357142857142857 0.3616666666666667 0.08571428571428572 0.03666666666666667
0 0.14214285714285715 0.37333333333333335 0.08571428571428572 0.03666666666666667
0 0.1792857142857143 0.3775 0.08571428571428572 0.03666666666666667
0 0.3871428571428571 0.4033333333333334 0.08571428571428572 0.03666666666666667
0 0.4 0.4033333333333334 0.08571428571428572 0.03666666666666667
0 0.43714285714285717 0.4 0.08571428571428572 0.03666666666666667
0 0.46785714285714286 0.39333333333333337 0.08571428571428572 0.03666666666666667
0 0.5142857142857142 0.39083333333333337 0.08571428571428572 0.03666666666666667
0 0.5428571428571428 0.385 0.08571428571428572 0.03666666666666667
0 0.5671428571428572 0.38 0.08571428571428572 0.03666666666666667
0 0.6064285714285714 0.3691666666666667 0.08571428571428572 0.03666666666666667
0 0.6407142857142857 0.36083333333333334 0.08571428571428572 0.03666666666666667
0 0.6685714285714286 0.3566666666666667 0.08571428571428572 0.03666666666666667
0 0.8342857142857143 0.39583333333333337 0.08571428571428572 0.03666666666666667
0 0.8642857142857143 0.38833333333333336 0.08571428571428572 0.03666666666666667
0 0.9492857142857143 0.35750000000000004 0.08571428571428572 0.03666666666666667
