0 0.3007142857142857 0.44583333333333336 0.07428571428571429 0.045000000000000005
0 0.2857142857142857 0.44583333333333336 0.07428571428571429 0.045000000000000005
0 0.30214285714285716 0.43750000000000006 0.07428571428571429 0.045000000000000005
0 0.7835714285714286 0.37583333333333335 0.07428571428571429 0.045000000000000005
0 0.81 0.3841666666666667 0.07428571428571429 0.045000000000000005
0 0.8378571428571429 0.38833333333333336 0.07428571428571429 0.045000000000000005
0 0.865 0.39083333333333337 0.07428571428571429 0.045000000000000005
0 0.89 0.4 0.07428571428571429 0.045000000000000005
0 0.8692857142857143 0.4 0.07428571428571429 0.045000000000000005
0 0.8071428571428572 0.39083333333333337 0.07428571428571429 0.045000000000000005
0 0.6678571428571428 0.3641666666666667 0.07428571428571429 0.045000000000000005
0 0.6557142857142857 0.3666666666666667 0.07428571428571429 0.045000000000000005
0 0.68 0.36083333333333334 0.07428571428571429 0.045000000000000005
