0 0.26785714285714285 0.5404166666666667 0.07285714285714286 0.04083333333333333
0 0.285 0.5337500000000001 0.07285714285714286 0.04083333333333333
0 0.3171428571428571 0.5254166666666668 0.07285714285714286 0.04083333333333333
0 0.35214285714285715 0.5179166666666667 0.07285714285714286 0.04083333333333333
0 0.38285714285714284 0.5170833333333333 0.07285714285714286 0.04083333333333333
0 0.40285714285714286 0.51625 0.07285714285714286 0.04083333333333333
0 0.42928571428571427 0.5129166666666667 0.07285714285714286 0.04083333333333333
0 0.46214285714285713 0.5254166666666668 0.07285714285714286 0.04083333333333333
0 0.49142857142857144 0.5295833333333334 0.07285714285714286 0.04083333333333333
0 0.52 0.5295833333333334 0.07285714285714286 0.04083333333333333
0 0.5478571428571428 0.5254166666666668 0.07285714285714286 0.04083333333333333
0 0.5728571428571428 0.5229166666666667 0.07285714285714286 0.04083333333333333
0 0.6085714285714285 0.52125 0.07285714285714286 0.04083333333333333
0 0.6378571428571429 0.5170833333333333 0.07285714285714286 0.04083333333333333
0 0.6771428571428572 0.52125 0.07285714285714286 0.04083333333333333
0 0.7114285714285714 0.51875 0.07285714285714286 0.04083333333333333
0 0.7335714285714285 0.5354166666666667 0.07285714285714286 0.04083333333333333
0 0.7642857142857142 0.5537500000000001 0.07285714285714286 0.04083333333333333
0 0.8042857142857143 0.5545833333333333 0.07285714285714286 0.04083333333333333
0 0.8364285714285714 0.55125 0.07285714285714286 0.04083333333333333
0 0.86 0.54625 0.07285714285714286 0.04083333333333333
0 0.9035714285714286 0.5404166666666667 0.07285714285714286 0.04083333333333333
0 0.9428571428571428 0.5345833333333334 0.07285714285714286 0.04083333333333333
