0 0.038214285714285715 0.5575 0.06357142857142857 0.03833333333333334
0 0.05892857142857143 0.5658333333333334 0.06357142857142857 0.03833333333333334
0 0.08107142857142857 0.5683333333333334 0.06357142857142857 0.03833333333333334
0 0.10464285714285715 0.5700000000000001 0.06357142857142857 0.03833333333333334
0 0.13035714285714287 0.5725 0.06357142857142857 0.03833333333333334
0 0.15392857142857141 0.5750000000000001 0.06357142857142857 0.03833333333333334
0 0.18321428571428572 0.5725 0.06357142857142857 0.03833333333333334
0 0.21035714285714285 0.5683333333333334 0.06357142857142857 0.03833333333333334
0 0.24392857142857144 0.5666666666666667 0.06357142857142857 0.03833333333333334
0 0.2667857142857143 0.5641666666666667 0.06357142857142857 0.03833333333333334
0 0.2832142857142857 0.56 0.06357142857142857 0.03833333333333334
0 0.3082142857142857 0.5525 0.06357142857142857 0.03833333333333334
0 0.3410714285714286 0.5408333333333334 0.06357142857142857 0.03833333333333334
0 0.36178571428571427 0.5366666666666667 0.06357142857142857 0.03833333333333334
0 0.3846428571428571 0.5366666666666667 0.06357142857142857 0.03833333333333334
0 0.4182142857142857 0.5375000000000001 0.06357142857142857 0.03833333333333334
0 0.44607142857142856 0.55 0.06357142857142857 0.03833333333333334
0 0.4853571428571429 0.5558333333333334 0.06357142857142857 0.03833333333333334
0 0.5139285714285714 0.555 0.06357142857142857 0.03833333333333334
0 0.5346428571428572 0.5541666666666667 0.06357142857142857 0.03833333333333334
0 0.5575 0.5458333333333334 0.06357142857142857 0.03833333333333334
0 0.5725 0.5375000000000001 0.06357142857142857 0.03833333333333334
0 0.5996428571428571 0.5275000000000001 0.06357142857142857 0.03833333333333334
0 0.6367857142857143 0.5233333333333333 0.06357142857142857 0.03833333333333334
0 0.6639285714285714 0.52 0.06357142857142857 0.03833333333333334
0 0.6882142857142857 0.5133333333333334 0.06357142857142857 0.03833333333333334
0 0.7139285714285715 0.5108333333333334 0.06357142857142857 0.03833333333333334
0 0.7389285714285714 0.5108333333333334 0.06357142857142857 0.03833333333333334
0 0.7696428571428572 0.5141666666666667 0.06357142857142857 0.03833333333333334
0 0.7839285714285714 0.5225000000000001 0.06357142857142857 0.03833333333333334
0 0.8067857142857143 0.5341666666666667 0.06357142857142857 0.03833333333333334
0 0.8275 0.545 0.06357142857142857 0.03833333333333334
0 0.8567857142857143 0.5566666666666668 0.06357142857142857 0.03833333333333334
0 0.8832142857142857 0.5475 0.06357142857142857 0.03833333333333334
0 0.9182142857142858 0.5458333333333334 0.06357142857142857 0.03833333333333334
0 0.9496428571428571 0.5533333333333333 0.06357142857142857 0.03833333333333334
0 0.9375 0.55 0.06357142857142857 0.03833333333333334
