0 0.3171428571428571 0.20708333333333334 0.06 0.04083333333333333
0 0.31642857142857145 0.22625 0.06 0.04083333333333333
0 0.3142857142857143 0.20791666666666667 0.06 0.04083333333333333
0 0.32857142857142857 0.23708333333333334 0.06 0.04083333333333333
0 0.3292857142857143 0.2579166666666667 0.06 0.04083333333333333
0 0.33785714285714286 0.27458333333333335 0.06 0.04083333333333333
0 0.34285714285714286 0.28708333333333336 0.06 0.04083333333333333
0 0.4692857142857143 0.26375000000000004 0.06 0.04083333333333333
0 0.4614285714285714 0.27625 0.06 0.04083333333333333
0 0.47 0.30375 0.06 0.04083333333333333
