0 0.03964285714285714 0.5008333333333334 0.06928571428571428 0.04
0 0.05035714285714286 0.5025000000000001 0.06928571428571428 0.04
0 0.08035714285714286 0.5083333333333334 0.06928571428571428 0.04
0 0.10892857142857143 0.5083333333333334 0.06928571428571428 0.04
0 0.1275 0.5083333333333334 0.06928571428571428 0.04
0 0.15178571428571427 0.505 0.06928571428571428 0.04
0 0.16892857142857143 0.51 0.06928571428571428 0.04
0 0.18392857142857144 0.5075000000000001 0.06928571428571428 0.04
0 0.21607142857142858 0.5108333333333334 0.06928571428571428 0.04
0 0.25035714285714283 0.5116666666666667 0.06928571428571428 0.04
0 0.2710714285714286 0.5191666666666667 0.06928571428571428 0.04
0 0.2832142857142857 0.53 0.06928571428571428 0.04
0 0.3082142857142857 0.5408333333333334 0.06928571428571428 0.04
0 0.3375 0.5466666666666667 0.06928571428571428 0.04
0 0.36178571428571427 0.5558333333333334 0.06928571428571428 0.04
0 0.3767857142857143 0.5516666666666667 0.06928571428571428 0.04
0 0.40035714285714286 0.5541666666666667 0.06928571428571428 0.04
0 0.42607142857142855 0.5591666666666667 0.06928571428571428 0.04
0 0.4467857142857143 0.5558333333333334 0.06928571428571428 0.04
0 0.47464285714285714 0.5441666666666667 0.06928571428571428 0.04
0 0.5003571428571428 0.5425 0.06928571428571428 0.04
0 0.5360714285714285 0.5433333333333333 0.06928571428571428 0.04
0 0.5660714285714286 0.5475 0.06928571428571428 0.04
0 0.5932142857142857 0.5516666666666667 0.06928571428571428 0.04
0 0.6203571428571428 0.5591666666666667 0.06928571428571428 0.04
0 0.6546428571428572 0.5716666666666667 0.06928571428571428 0.04
0 0.6817857142857143 0.5733333333333334 0.06928571428571428 0.04
0 0.7117857142857142 0.5766666666666667 0.06928571428571428 0.04
0 0.7353571428571428 0.5816666666666667 0.06928571428571428 0.04
0 0.7675 0.5833333333333334 0.06928571428571428 0.04
0 0.8146428571428571 0.5800000000000001 0.06928571428571428 0.04
0 0.8389285714285715 0.5900000000000001 0.06928571428571428 0.04
0 0.8610714285714286 0.5900000000000001 0.06928571428571428 0.04
0 0.8889285714285714 0.5933333333333334 0.06928571428571428 0.04
0 0.9210714285714285 0.5991666666666667 0.06928571428571428 0.04
0 0.9489285714285715 0.6016666666666667 0.06928571428571428 0.04
