0 0.275 0.5541666666666667 0.07571428571428572 0.04666666666666667
0 0.29214285714285715 0.5475 0.07571428571428572 0.04666666666666667
0 0.31214285714285717 0.54 0.07571428571428572 0.04666666666666667
0 0.32785714285714285 0.535 0.07571428571428572 0.04666666666666667
0 0.35285714285714287 0.5291666666666667 0.07571428571428572 0.04666666666666667
0 0.39071428571428574 0.5216666666666667 0.07571428571428572 0.04666666666666667
0 0.42 0.51 0.07571428571428572 0.04666666666666667
0 0.45571428571428574 0.51 0.07571428571428572 0.04666666666666667
0 0.49357142857142855 0.5091666666666667 0.07571428571428572 0.04666666666666667
0 0.5185714285714286 0.5033333333333334 0.07571428571428572 0.04666666666666667
0 0.5521428571428572 0.5075000000000001 0.07571428571428572 0.04666666666666667
0 0.6092857142857143 0.5225000000000001 0.07571428571428572 0.04666666666666667
0 0.6364285714285715 0.5283333333333333 0.07571428571428572 0.04666666666666667
0 0.6628571428571428 0.5341666666666667 0.07571428571428572 0.04666666666666667
0 0.6821428571428572 0.53 0.07571428571428572 0.04666666666666667
0 0.7157142857142857 0.5241666666666667 0.07571428571428572 0.04666666666666667
0 0.7414285714285714 0.5325000000000001 0.07571428571428572 0.04666666666666667
0 0.7742857142857142 0.53 0.07571428571428572 0.04666666666666667
0 0.8057142857142857 0.53 0.07571428571428572 0.04666666666666667
0 0.8535714285714285 0.5258333333333334 0.07571428571428572 0.04666666666666667
0 0.8878571428571429 0.5433333333333333 0.07571428571428572 0.04666666666666667
0 0.9085714285714286 0.5391666666666667 0.07571428571428572 0.04666666666666667
0 0.9407142857142857 0.5308333333333334 0.07571428571428572 0.04666666666666667
