0 0.05678571428571429 0.56 0.085 0.04
0 0.3246428571428571 0.5291666666666667 0.085 0.04
0 0.36892857142857144 0.5158333333333334 0.085 0.04
0 0.42392857142857143 0.5133333333333334 0.085 0.04
0 0.4782142857142857 0.5325000000000001 0.085 0.04
0 0.5325 0.535 0.085 0.04
0 0.5910714285714286 0.54 0.085 0.04
0 0.6532142857142857 0.5416666666666667 0.085 0.04
0 0.6932142857142857 0.5308333333333334 0.085 0.04
0 0.7696428571428572 0.5325000000000001 0.085 0.04
0 0.8203571428571429 0.5208333333333334 0.085 0.04
