0 0.04214285714285714 0.5175000000000001 0.07142857142857142 0.045000000000000005
0 0.05714285714285714 0.5166666666666667 0.07142857142857142 0.045000000000000005
0 0.085 0.5158333333333334 0.07142857142857142 0.045000000000000005
0 0.14142857142857143 0.5333333333333333 0.07142857142857142 0.045000000000000005
0 0.1757142857142857 0.5391666666666667 0.07142857142857142 0.045000000000000005
0 0.20785714285714285 0.5358333333333334 0.07142857142857142 0.045000000000000005
0 0.2392857142857143 0.5316666666666667 0.07142857142857142 0.045000000000000005
0 0.2692857142857143 0.5266666666666667 0.07142857142857142 0.045000000000000005
0 0.305 0.5208333333333334 0.07142857142857142 0.045000000000000005
0 0.335 0.5283333333333333 0.07142857142857142 0.045000000000000005
0 0.3628571428571429 0.5233333333333333 0.07142857142857142 0.045000000000000005
0 0.38857142857142857 0.5325000000000001 0.07142857142857142 0.045000000000000005
0 0.4092857142857143 0.5325000000000001 0.07142857142857142 0.045000000000000005
0 0.44 0.5408333333333334 0.07142857142857142 0.045000000000000005
0 0.4707142857142857 0.5383333333333333 0.07142857142857142 0.045000000000000005
0 0.5021428571428571 0.5433333333333333 0.07142857142857142 0.045000000000000005
0 0.5285714285714286 0.5466666666666667 0.07142857142857142 0.045000000000000005
0 0.5571428571428572 0.5425 0.07142857142857142 0.045000000000000005
0 0.59 0.5275000000000001 0.07142857142857142 0.045000000000000005
0 0.6192857142857143 0.5166666666666667 0.07142857142857142 0.045000000000000005
0 0.6535714285714286 0.4991666666666667 0.07142857142857142 0.045000000000000005
0 0.6814285714285714 0.4816666666666667 0.07142857142857142 0.045000000000000005
0 0.725 0.4816666666666667 0.07142857142857142 0.045000000000000005
0 0.7628571428571429 0.49083333333333334 0.07142857142857142 0.045000000000000005
0 0.7921428571428571 0.5141666666666667 0.07142857142857142 0.045000000000000005
0 0.8214285714285714 0.5225000000000001 0.07142857142857142 0.045000000000000005
0 0.8657142857142857 0.5241666666666667 0.07142857142857142 0.045000000000000005
0 0.9092857142857143 0.5466666666666667 0.07142857142857142 0.045000000000000005
0 0.93 0.5508333333333334 0.07142857142857142 0.045000000000000005
0 0.9578571428571429 0.5591666666666667 0.07142857142857142 0.045000000000000005
0 0.7178571428571429 0.5191666666666667 0.07142857142857142 0.045000000000000005
0 0.7028571428571428 0.5225000000000001 0.07142857142857142 0.045000000000000005
