0 0.039285714285714285 0.5504166666666667 0.06571428571428571 0.037500000000000006
0 0.05857142857142857 0.5520833333333334 0.06571428571428571 0.037500000000000006
0 0.09071428571428572 0.5487500000000001 0.06571428571428571 0.037500000000000006
0 0.11785714285714285 0.5495833333333334 0.06571428571428571 0.037500000000000006
0 0.13857142857142857 0.5554166666666667 0.06571428571428571 0.037500000000000006
0 0.16 0.5529166666666667 0.06571428571428571 0.037500000000000006
0 0.19214285714285714 0.5645833333333333 0.06571428571428571 0.037500000000000006
0 0.20642857142857143 0.5587500000000001 0.06571428571428571 0.037500000000000006
0 0.23 0.5520833333333334 0.06571428571428571 0.037500000000000006
0 0.25857142857142856 0.5379166666666667 0.06571428571428571 0.037500000000000006
0 0.2735714285714286 0.5479166666666667 0.06571428571428571 0.037500000000000006
0 0.29642857142857143 0.5420833333333334 0.06571428571428571 0.037500000000000006
0 0.3192857142857143 0.5395833333333334 0.06571428571428571 0.037500000000000006
0 0.3507142857142857 0.5345833333333334 0.06571428571428571 0.037500000000000006
0 0.3821428571428571 0.5429166666666667 0.06571428571428571 0.037500000000000006
0 0.4107142857142857 0.55125 0.06571428571428571 0.037500000000000006
0 0.42928571428571427 0.54625 0.06571428571428571 0.037500000000000006
0 0.4564285714285714 0.5487500000000001 0.06571428571428571 0.037500000000000006
0 0.4828571428571429 0.5504166666666667 0.06571428571428571 0.037500000000000006
0 0.5071428571428571 0.5520833333333334 0.06571428571428571 0.037500000000000006
0 0.5464285714285714 0.5529166666666667 0.06571428571428571 0.037500000000000006
0 0.5792857142857143 0.55125 0.06571428571428571 0.037500000000000006
0 0.6021428571428571 0.5620833333333334 0.06571428571428571 0.037500000000000006
0 0.6342857142857142 0.5520833333333334 0.06571428571428571 0.037500000000000006
0 0.6628571428571428 0.5537500000000001 0.06571428571428571 0.037500000000000006
0 0.7014285714285714 0.56125 0.06571428571428571 0.037500000000000006
0 0.73 0.5695833333333333 0.06571428571428571 0.037500000000000006
0 0.765 0.5704166666666667 0.06571428571428571 0.037500000000000006
0 0.8064285714285714 0.5587500000000001 0.06571428571428571 0.037500000000000006
0 0.8292857142857143 0.5629166666666667 0.06571428571428571 0.037500000000000006
0 0.8471428571428572 0.5529166666666667 0.06571428571428571 0.037500000000000006
0 0.875 0.5470833333333334 0.06571428571428571 0.037500000000000006
0 0.9164285714285715 0.54125 0.06571428571428571 0.037500000000000006
0 0.9478571428571428 0.5470833333333334 0.06571428571428571 0.037500000000000006
0 0.9578571428571429 0.5579166666666667 0.06571428571428571 0.037500000000000006
