0 0.2642857142857143 0.57125 0.08 0.04916666666666667
0 0.28714285714285714 0.5629166666666667 0.08 0.04916666666666667
0 0.31357142857142856 0.56125 0.08 0.04916666666666667
0 0.3357142857142857 0.57125 0.08 0.04916666666666667
0 0.3657142857142857 0.5637500000000001 0.08 0.04916666666666667
0 0.3892857142857143 0.5520833333333334 0.08 0.04916666666666667
0 0.42 0.54625 0.08 0.04916666666666667
0 0.445 0.5429166666666667 0.08 0.04916666666666667
0 0.47214285714285714 0.5604166666666667 0.08 0.04916666666666667
0 0.5064285714285715 0.5579166666666667 0.08 0.04916666666666667
0 0.5357142857142857 0.5720833333333334 0.08 0.04916666666666667
0 0.5578571428571428 0.5754166666666667 0.08 0.04916666666666667
0 0.5885714285714285 0.57125 0.08 0.04916666666666667
0 0.6192857142857143 0.5754166666666667 0.08 0.04916666666666667
0 0.6464285714285715 0.5745833333333333 0.08 0.04916666666666667
0 0.6728571428571428 0.5754166666666667 0.08 0.04916666666666667
0 0.7028571428571428 0.57875 0.08 0.04916666666666667
0 0.7221428571428572 0.5779166666666667 0.08 0.04916666666666667
0 0.7542857142857143 0.5829166666666667 0.08 0.04916666666666667
0 0.7857142857142857 0.57875 0.08 0.04916666666666667
0 0.8128571428571428 0.57625 0.08 0.04916666666666667
0 0.89 0.58125 0.08 0.04916666666666667
0 0.9207142857142857 0.5829166666666667 0.08 0.04916666666666667
0 0.9064285714285715 0.5845833333333333 0.08 0.04916666666666667
0 0.9335714285714286 0.5804166666666667 0.08 0.04916666666666667
0 0.9485714285714286 0.57625 0.08 0.04916666666666667
