0 0.04535714285714286 0.3779166666666667 0.07928571428571428 0.0475
0 0.05892857142857143 0.38125000000000003 0.07928571428571428 0.0475
0 0.09464285714285714 0.37625000000000003 0.07928571428571428 0.0475
0 0.11178571428571428 0.3745833333333334 0.07928571428571428 0.0475
0 0.13607142857142857 0.38208333333333333 0.07928571428571428 0.0475
0 0.15892857142857142 0.39958333333333335 0.07928571428571428 0.0475
0 0.18892857142857142 0.4054166666666667 0.07928571428571428 0.0475
0 0.21535714285714286 0.40958333333333335 0.07928571428571428 0.0475
0 0.27464285714285713 0.4204166666666667 0.07928571428571428 0.0475
0 0.30464285714285716 0.42125 0.07928571428571428 0.0475
0 0.3217857142857143 0.41958333333333336 0.07928571428571428 0.0475
0 0.3382142857142857 0.41708333333333336 0.07928571428571428 0.0475
0 0.3625 0.41458333333333336 0.07928571428571428 0.0475
0 0.3889285714285714 0.41375 0.07928571428571428 0.0475
0 0.4160714285714286 0.41625 0.07928571428571428 0.0475
0 0.43392857142857144 0.41458333333333336 0.07928571428571428 0.0475
0 0.45607142857142857 0.41458333333333336 0.07928571428571428 0.0475
0 0.4810714285714286 0.43041666666666667 0.07928571428571428 0.0475
0 0.5053571428571428 0.43291666666666667 0.07928571428571428 0.0475
0 0.5310714285714285 0.43875000000000003 0.07928571428571428 0.0475
0 0.5532142857142857 0.4420833333333334 0.07928571428571428 0.0475
0 0.5689285714285715 0.4404166666666667 0.07928571428571428 0.0475
0 0.5689285714285715 0.37875000000000003 0.07928571428571428 0.0475
0 0.5946428571428571 0.38458333333333333 0.07928571428571428 0.0475
0 0.6167857142857143 0.38708333333333333 0.07928571428571428 0.0475
0 0.6346428571428572 0.38708333333333333 0.07928571428571428 0.0475
0 0.6525 0.3854166666666667 0.07928571428571428 0.0475
0 0.6703571428571429 0.3804166666666667 0.07928571428571428 0.0475
0 0.7017857142857142 0.3770833333333334 0.07928571428571428 0.0475
0 0.7467857142857143 0.3745833333333334 0.07928571428571428 0.0475
0 0.7517857142857143 0.3795833333333334 0.07928571428571428 0.0475
0 0.7739285714285714 0.38458333333333333 0.07928571428571428 0.0475
0 0.8039285714285714 0.3904166666666667 0.07928571428571428 0.0475
0 0.8346428571428571 0.38875000000000004 0.07928571428571428 0.0475
0 0.8625 0.3904166666666667 0.07928571428571428 0.0475
0 0.6703571428571429 0.45458333333333334 0.07928571428571428 0.0475
0 0.7025 0.44958333333333333 0.07928571428571428 0.0475
0 0.7375 0.4445833333333334 0.07928571428571428 0.0475
0 0.7639285714285714 0.44125000000000003 0.07928571428571428 0.0475
0 0.8003571428571429 0.43625 0.07928571428571428 0.0475
0 0.8267857142857142 0.4320833333333334 0.07928571428571428 0.0475
0 0.8760714285714286 0.42625 0.07928571428571428 0.0475
