0 0.045714285714285714 0.4129166666666667 0.08142857142857143 0.0425
0 0.065 0.4104166666666667 0.08142857142857143 0.0425
0 0.09 0.3979166666666667 0.08142857142857143 0.0425
0 0.11928571428571429 0.3954166666666667 0.08142857142857143 0.0425
0 0.14642857142857144 0.39458333333333334 0.08142857142857143 0.0425
0 0.18214285714285713 0.4029166666666667 0.08142857142857143 0.0425
0 0.22642857142857142 0.40875 0.08142857142857143 0.0425
0 0.2621428571428571 0.40708333333333335 0.08142857142857143 0.0425
0 0.2857142857142857 0.40458333333333335 0.08142857142857143 0.0425
0 0.3171428571428571 0.40125000000000005 0.08142857142857143 0.0425
0 0.3578571428571429 0.40875 0.08142857142857143 0.0425
0 0.3871428571428571 0.39708333333333334 0.08142857142857143 0.0425
0 0.42642857142857143 0.39125000000000004 0.08142857142857143 0.0425
0 0.4685714285714286 0.39958333333333335 0.08142857142857143 0.0425
0 0.5 0.4079166666666667 0.08142857142857143 0.0425
0 0.5271428571428571 0.40458333333333335 0.08142857142857143 0.0425
0 0.555 0.41458333333333336 0.08142857142857143 0.0425
0 0.5978571428571429 0.41208333333333336 0.08142857142857143 0.0425
0 0.6328571428571429 0.41958333333333336 0.08142857142857143 0.0425
0 0.6657142857142857 0.42375 0.08142857142857143 0.0425
0 0.6914285714285714 0.42208333333333337 0.08142857142857143 0.0425
0 0.7228571428571429 0.42208333333333337 0.08142857142857143 0.0425
0 0.7471428571428571 0.41708333333333336 0.08142857142857143 0.0425
0 0.78 0.4179166666666667 0.08142857142857143 0.0425
0 0.8021428571428572 0.42625 0.08142857142857143 0.0425
0 0.8342857142857143 0.4179166666666667 0.08142857142857143 0.0425
0 0.8707142857142857 0.4104166666666667 0.08142857142857143 0.0425
0 0.9142857142857143 0.40208333333333335 0.08142857142857143 0.0425
0 0.9435714285714286 0.3904166666666667 0.08142857142857143 0.0425
0 0.13 0.43875000000000003 0.08142857142857143 0.0425
0 0.17714285714285713 0.43875000000000003 0.08142857142857143 0.0425
0 0.2 0.43375 0.08142857142857143 0.0425
