0 0.28 0.4904166666666667 0.07142857142857142 0.04416666666666667
0 0.2935714285714286 0.47625 0.07142857142857142 0.04416666666666667
0 0.32785714285714285 0.4654166666666667 0.07142857142857142 0.04416666666666667
0 0.3392857142857143 0.4354166666666667 0.07142857142857142 0.04416666666666667
0 0.36857142857142855 0.4295833333333334 0.07142857142857142 0.04416666666666667
0 0.39714285714285713 0.4254166666666667 0.07142857142857142 0.04416666666666667
0 0.4342857142857143 0.43041666666666667 0.07142857142857142 0.04416666666666667
0 0.4714285714285714 0.4420833333333334 0.07142857142857142 0.04416666666666667
0 0.5057142857142857 0.44958333333333333 0.07142857142857142 0.04416666666666667
0 0.5428571428571428 0.44958333333333333 0.07142857142857142 0.04416666666666667
0 0.5821428571428572 0.4429166666666667 0.07142857142857142 0.04416666666666667
0 0.6014285714285714 0.44875000000000004 0.07142857142857142 0.04416666666666667
0 0.63 0.45208333333333334 0.07142857142857142 0.04416666666666667
0 0.66 0.4479166666666667 0.07142857142857142 0.04416666666666667
0 0.6914285714285714 0.4404166666666667 0.07142857142857142 0.04416666666666667
0 0.7207142857142858 0.4379166666666667 0.07142857142857142 0.04416666666666667
0 0.7428571428571429 0.4404166666666667 0.07142857142857142 0.04416666666666667
0 0.7771428571428571 0.45208333333333334 0.07142857142857142 0.04416666666666667
0 0.805 0.4404166666666667 0.07142857142857142 0.04416666666666667
0 0.8378571428571429 0.42875 0.07142857142857142 0.04416666666666667
0 0.8628571428571429 0.42625 0.07142857142857142 0.04416666666666667
0 0.8935714285714286 0.4295833333333334 0.07142857142857142 0.04416666666666667
0 0.9585714285714285 0.43291666666666667 0.07142857142857142 0.04416666666666667
0 0.9457142857142857 0.4354166666666667 0.07142857142857142 0.04416666666666667
0 0.8721428571428571 0.4554166666666667 0.07142857142857142 0.04416666666666667
0 0.9014285714285715 0.46375000000000005 0.07142857142857142 0.04416666666666667
0 0.9407142857142857 0.46458333333333335 0.07142857142857142 0.04416666666666667
0 0.24714285714285714 0.5012500000000001 0.07142857142857142 0.04416666666666667
