0 0.04392857142857143 0.35083333333333333 0.07214285714285715 0.04166666666666667
0 0.05892857142857143 0.34833333333333333 0.07214285714285715 0.04166666666666667
0 0.09535714285714286 0.34500000000000003 0.07214285714285715 0.04166666666666667
0 0.1275 0.3408333333333334 0.07214285714285715 0.04166666666666667
0 0.15178571428571427 0.3408333333333334 0.07214285714285715 0.04166666666666667
0 0.18035714285714285 0.3408333333333334 0.07214285714285715 0.04166666666666667
0 0.21464285714285714 0.3491666666666667 0.07214285714285715 0.04166666666666667
0 0.24892857142857142 0.36083333333333334 0.07214285714285715 0.04166666666666667
0 0.28535714285714286 0.36000000000000004 0.07214285714285715 0.04166666666666667
0 0.43964285714285717 0.385 0.07214285714285715 0.04166666666666667
0 0.45964285714285713 0.38583333333333336 0.07214285714285715 0.04166666666666667
0 0.49464285714285716 0.385 0.07214285714285715 0.04166666666666667
0 0.5839285714285715 0.39916666666666667 0.07214285714285715 0.04166666666666667
0 0.8432142857142857 0.3716666666666667 0.07214285714285715 0.04166666666666667
0 0.8796428571428572 0.37333333333333335 0.07214285714285715 0.04166666666666667
0 0.9046428571428572 0.3725 0.07214285714285715 0.04166666666666667
0 0.9267857142857143 0.3725 0.07214285714285715 0.04166666666666667
0 0.9496428571428571 0.38333333333333336 0.07214285714285715 0.04166666666666667
