0 0.23107142857142857 0.37125 0.07071428571428572 0.03416666666666667
0 0.2532142857142857 0.3770833333333334 0.07071428571428572 0.03416666666666667
0 0.2932142857142857 0.37875000000000003 0.07071428571428572 0.03416666666666667
0 0.3267857142857143 0.37875000000000003 0.07071428571428572 0.03416666666666667
0 0.36464285714285716 0.38125000000000003 0.07071428571428572 0.03416666666666667
0 0.39964285714285713 0.38875000000000004 0.07071428571428572 0.03416666666666667
0 0.42678571428571427 0.38208333333333333 0.07071428571428572 0.03416666666666667
0 0.4610714285714286 0.37875000000000003 0.07071428571428572 0.03416666666666667
0 0.4825 0.37875000000000003 0.07071428571428572 0.03416666666666667
0 0.5196428571428572 0.38625000000000004 0.07071428571428572 0.03416666666666667
0 0.5517857142857143 0.37375 0.07071428571428572 0.03416666666666667
0 0.5846428571428571 0.36458333333333337 0.07071428571428572 0.03416666666666667
0 0.6339285714285714 0.3779166666666667 0.07071428571428572 0.03416666666666667
0 0.6675 0.3729166666666667 0.07071428571428572 0.03416666666666667
0 0.7232142857142857 0.36541666666666667 0.07071428571428572 0.03416666666666667
0 0.7603571428571428 0.36541666666666667 0.07071428571428572 0.03416666666666667
0 0.7817857142857143 0.36125 0.07071428571428572 0.03416666666666667
0 0.8303571428571429 0.4204166666666667 0.07071428571428572 0.03416666666666667
0 0.8603571428571428 0.4254166666666667 0.07071428571428572 0.03416666666666667
0 0.8910714285714286 0.42625 0.07071428571428572 0.03416666666666667
