0 0.05285714285714286 0.4554166666666667 0.07428571428571429 0.0325
0 0.06714285714285714 0.45875000000000005 0.07428571428571429 0.0325
0 0.09428571428571429 0.45375000000000004 0.07428571428571429 0.0325
0 0.12214285714285714 0.4454166666666667 0.07428571428571429 0.0325
0 0.14214285714285715 0.44625000000000004 0.07428571428571429 0.0325
0 0.48142857142857143 0.33458333333333334 0.07428571428571429 0.0325
0 0.5064285714285715 0.34958333333333336 0.07428571428571429 0.0325
0 0.5407142857142857 0.37041666666666667 0.07428571428571429 0.0325
0 0.5607142857142857 0.3854166666666667 0.07428571428571429 0.0325
0 0.5942857142857143 0.39708333333333334 0.07428571428571429 0.0325
0 0.6121428571428571 0.4029166666666667 0.07428571428571429 0.0325
0 0.6485714285714286 0.4179166666666667 0.07428571428571429 0.0325
0 0.6742857142857143 0.42875 0.07428571428571429 0.0325
0 0.7057142857142857 0.43375 0.07428571428571429 0.0325
0 0.74 0.43041666666666667 0.07428571428571429 0.0325
0 0.775 0.42208333333333337 0.07428571428571429 0.0325
0 0.8071428571428572 0.41958333333333336 0.07428571428571429 0.0325
0 0.8307142857142857 0.42208333333333337 0.07428571428571429 0.0325
0 0.8628571428571429 0.4229166666666667 0.07428571428571429 0.0325
0 0.8885714285714286 0.41458333333333336 0.07428571428571429 0.0325
0 0.9142857142857143 0.4029166666666667 0.07428571428571429 0.0325
0 0.9385714285714286 0.40125000000000005 0.07428571428571429 0.0325
