0 0.04392857142857143 0.4445833333333334 0.07785714285714286 0.037500000000000006
0 0.06464285714285714 0.45625000000000004 0.07785714285714286 0.037500000000000006
0 0.09321428571428571 0.4420833333333334 0.07785714285714286 0.037500000000000006
0 0.11892857142857143 0.44125000000000003 0.07785714285714286 0.037500000000000006
0 0.1432142857142857 0.4420833333333334 0.07785714285714286 0.037500000000000006
0 0.18035714285714285 0.4404166666666667 0.07785714285714286 0.037500000000000006
0 0.20392857142857143 0.4320833333333334 0.07785714285714286 0.037500000000000006
0 0.2675 0.40458333333333335 0.07785714285714286 0.037500000000000006
0 0.29892857142857143 0.42375 0.07785714285714286 0.037500000000000006
0 0.3317857142857143 0.4354166666666667 0.07785714285714286 0.037500000000000006
0 0.36607142857142855 0.44125000000000003 0.07785714285714286 0.037500000000000006
0 0.3875 0.4395833333333334 0.07785714285714286 0.037500000000000006
0 0.4225 0.4504166666666667 0.07785714285714286 0.037500000000000006
0 0.44892857142857145 0.46125000000000005 0.07785714285714286 0.037500000000000006
0 0.5553571428571429 0.46625000000000005 0.07785714285714286 0.037500000000000006
0 0.5839285714285715 0.4679166666666667 0.07785714285714286 0.037500000000000006
0 0.6110714285714286 0.4679166666666667 0.07785714285714286 0.037500000000000006
0 0.6482142857142857 0.47625 0.07785714285714286 0.037500000000000006
0 0.6775 0.4704166666666667 0.07785714285714286 0.037500000000000006
0 0.6996428571428571 0.46958333333333335 0.07785714285714286 0.037500000000000006
0 0.7925 0.47625 0.07785714285714286 0.037500000000000006
0 0.8117857142857143 0.48458333333333337 0.07785714285714286 0.037500000000000006
0 0.8439285714285715 0.48208333333333336 0.07785714285714286 0.037500000000000006
0 0.8789285714285714 0.48625 0.07785714285714286 0.037500000000000006
0 0.9039285714285714 0.48458333333333337 0.07785714285714286 0.037500000000000006
0 0.9325 0.47625 0.07785714285714286 0.037500000000000006
0 0.9525 0.47375 0.07785714285714286 0.037500000000000006
