0 0.2735714285714286 0.4741666666666667 0.07857142857142857 0.04166666666666667
0 0.29214285714285715 0.4608333333333334 0.07857142857142857 0.04166666666666667
0 0.3192857142857143 0.4491666666666667 0.07857142857142857 0.04166666666666667
0 0.34214285714285714 0.43333333333333335 0.07857142857142857 0.04166666666666667
0 0.38142857142857145 0.4216666666666667 0.07857142857142857 0.04166666666666667
0 0.42142857142857143 0.41833333333333333 0.07857142857142857 0.04166666666666667
0 0.46714285714285714 0.4266666666666667 0.07857142857142857 0.04166666666666667
0 0.5028571428571429 0.43500000000000005 0.07857142857142857 0.04166666666666667
0 0.5364285714285715 0.44333333333333336 0.07857142857142857 0.04166666666666667
0 0.5714285714285714 0.4491666666666667 0.07857142857142857 0.04166666666666667
0 0.615 0.4491666666666667 0.07857142857142857 0.04166666666666667
0 0.6671428571428571 0.45583333333333337 0.07857142857142857 0.04166666666666667
0 0.7114285714285714 0.46 0.07857142857142857 0.04166666666666667
0 0.75 0.4683333333333334 0.07857142857142857 0.04166666666666667
0 0.7785714285714286 0.4741666666666667 0.07857142857142857 0.04166666666666667
0 0.815 0.4741666666666667 0.07857142857142857 0.04166666666666667
0 0.8442857142857143 0.4683333333333334 0.07857142857142857 0.04166666666666667
0 0.8942857142857142 0.45833333333333337 0.07857142857142857 0.04166666666666667
0 0.9164285714285715 0.45 0.07857142857142857 0.04166666666666667
0 0.935 0.4391666666666667 0.07857142857142857 0.04166666666666667
