0 0.039285714285714285 0.5445833333333334 0.06714285714285714 0.0325
0 0.06285714285714286 0.54125 0.06714285714285714 0.0325
0 0.09785714285714285 0.5220833333333333 0.06714285714285714 0.0325
0 0.13285714285714287 0.51375 0.06714285714285714 0.0325
0 0.17214285714285715 0.51875 0.06714285714285714 0.0325
0 0.21285714285714286 0.53125 0.06714285714285714 0.0325
0 0.24142857142857144 0.5420833333333334 0.06714285714285714 0.0325
0 0.2764285714285714 0.5545833333333333 0.06714285714285714 0.0325
0 0.305 0.5604166666666667 0.06714285714285714 0.0325
0 0.345 0.5654166666666667 0.06714285714285714 0.0325
0 0.38357142857142856 0.5579166666666667 0.06714285714285714 0.0325
0 0.5171428571428571 0.57875 0.06714285714285714 0.0325
0 0.5507142857142857 0.5870833333333334 0.06714285714285714 0.0325
0 0.5714285714285714 0.5845833333333333 0.06714285714285714 0.0325
0 0.7764285714285715 0.5470833333333334 0.06714285714285714 0.0325
0 0.8078571428571428 0.5620833333333334 0.06714285714285714 0.0325
0 0.8435714285714285 0.5487500000000001 0.06714285714285714 0.0325
0 0.8857142857142857 0.5654166666666667 0.06714285714285714 0.0325
0 0.9128571428571428 0.57125 0.06714285714285714 0.0325
0 0.94 0.5770833333333334 0.06714285714285714 0.0325
