0 0.04392857142857143 0.5479166666666667 0.08071428571428571 0.04583333333333334
0 0.06392857142857143 0.55125 0.08071428571428571 0.04583333333333334
0 0.08535714285714285 0.5629166666666667 0.08071428571428571 0.04583333333333334
0 0.4253571428571429 0.5629166666666667 0.08071428571428571 0.04583333333333334
0 0.4632142857142857 0.5654166666666667 0.08071428571428571 0.04583333333333334
0 0.49535714285714283 0.5654166666666667 0.08071428571428571 0.04583333333333334
0 0.5253571428571429 0.5620833333333334 0.08071428571428571 0.04583333333333334
0 0.5553571428571429 0.5545833333333333 0.08071428571428571 0.04583333333333334
0 0.5860714285714286 0.5645833333333333 0.08071428571428571 0.04583333333333334
0 0.7125 0.5854166666666667 0.08071428571428571 0.04583333333333334
0 0.7482142857142857 0.57375 0.08071428571428571 0.04583333333333334
0 0.7782142857142857 0.57375 0.08071428571428571 0.04583333333333334
0 0.8017857142857143 0.57375 0.08071428571428571 0.04583333333333334
0 0.8275 0.5687500000000001 0.08071428571428571 0.04583333333333334
0 0.8546428571428571 0.5779166666666667 0.08071428571428571 0.04583333333333334
0 0.9060714285714285 0.5570833333333334 0.08071428571428571 0.04583333333333334
0 0.9282142857142857 0.5537500000000001 0.08071428571428571 0.04583333333333334
0 0.9567857142857142 0.5429166666666667 0.08071428571428571 0.04583333333333334
