0 0.34464285714285714 0.4341666666666667 0.08071428571428571 0.04166666666666667
0 0.36178571428571427 0.43000000000000005 0.08071428571428571 0.04166666666666667
0 0.38392857142857145 0.4241666666666667 0.08071428571428571 0.04166666666666667
0 0.4125 0.4141666666666667 0.08071428571428571 0.04166666666666667
0 0.43964285714285717 0.4066666666666667 0.08071428571428571 0.04166666666666667
0 0.8167857142857143 0.43833333333333335 0.08071428571428571 0.04166666666666667
0 0.6582142857142858 0.42000000000000004 0.08071428571428571 0.04166666666666667
0 0.6675 0.4191666666666667 0.08071428571428571 0.04166666666666667
0 0.8260714285714286 0.44833333333333336 0.08071428571428571 0.04166666666666667
0 0.8503571428571428 0.4466666666666667 0.08071428571428571 0.04166666666666667
0 0.8817857142857143 0.4441666666666667 0.08071428571428571 0.04166666666666667
0 0.9039285714285714 0.44333333333333336 0.08071428571428571 0.04166666666666667
