0 0.05142857142857143 0.4841666666666667 0.08 0.04166666666666667
0 0.06714285714285714 0.4841666666666667 0.08 0.04166666666666667
0 0.09857142857142857 0.4741666666666667 0.08 0.04166666666666667
0 0.12785714285714286 0.4625 0.08 0.04166666666666667
0 0.15428571428571428 0.4575 0.08 0.04166666666666667
0 0.175 0.46 0.08 0.04166666666666667
0 0.21142857142857144 0.4625 0.08 0.04166666666666667
0 0.24785714285714286 0.465 0.08 0.04166666666666667
0 0.2764285714285714 0.465 0.08 0.04166666666666667
0 0.29642857142857143 0.47000000000000003 0.08 0.04166666666666667
0 0.3314285714285714 0.47500000000000003 0.08 0.04166666666666667
0 0.3578571428571429 0.4841666666666667 0.08 0.04166666666666667
0 0.39571428571428574 0.49250000000000005 0.08 0.04166666666666667
0 0.43785714285714283 0.4841666666666667 0.08 0.04166666666666667
0 0.48142857142857143 0.4816666666666667 0.08 0.04166666666666667
0 0.505 0.48000000000000004 0.08 0.04166666666666667
0 0.5664285714285714 0.4783333333333334 0.08 0.04166666666666667
0 0.5814285714285714 0.4783333333333334 0.08 0.04166666666666667
0 0.615 0.4816666666666667 0.08 0.04166666666666667
0 0.6507142857142857 0.49750000000000005 0.08 0.04166666666666667
0 0.6914285714285714 0.49750000000000005 0.08 0.04166666666666667
0 0.725 0.5016666666666667 0.08 0.04166666666666667
0 0.7521428571428571 0.49000000000000005 0.08 0.04166666666666667
0 0.7914285714285715 0.48500000000000004 0.08 0.04166666666666667
0 0.8235714285714286 0.49083333333333334 0.08 0.04166666666666667
0 0.86 0.4966666666666667 0.08 0.04166666666666667
0 0.8878571428571429 0.5 0.08 0.04166666666666667
0 0.93 0.5 0.08 0.04166666666666667
0 0.9471428571428572 0.5075000000000001 0.08 0.04166666666666667
