0 0.045 0.49083333333333334 0.08285714285714285 0.035
0 0.06785714285714285 0.49833333333333335 0.08285714285714285 0.035
0 0.09428571428571429 0.5058333333333334 0.08285714285714285 0.035
0 0.12285714285714286 0.5091666666666667 0.08285714285714285 0.035
0 0.14714285714285713 0.5041666666666667 0.08285714285714285 0.035
0 0.17642857142857143 0.5016666666666667 0.08285714285714285 0.035
0 0.2057142857142857 0.4916666666666667 0.08285714285714285 0.035
0 0.24 0.48333333333333334 0.08285714285714285 0.035
0 0.27214285714285713 0.47750000000000004 0.08285714285714285 0.035
0 0.30714285714285716 0.48500000000000004 0.08285714285714285 0.035
0 0.35714285714285715 0.49083333333333334 0.08285714285714285 0.035
0 0.3871428571428571 0.4941666666666667 0.08285714285714285 0.035
0 0.4142857142857143 0.4891666666666667 0.08285714285714285 0.035
0 0.4407142857142857 0.48500000000000004 0.08285714285714285 0.035
0 0.47285714285714286 0.4808333333333334 0.08285714285714285 0.035
0 0.5221428571428571 0.4866666666666667 0.08285714285714285 0.035
0 0.5535714285714286 0.4816666666666667 0.08285714285714285 0.035
0 0.5907142857142857 0.4866666666666667 0.08285714285714285 0.035
0 0.7042857142857143 0.5383333333333333 0.08285714285714285 0.035
0 0.7307142857142858 0.54 0.08285714285714285 0.035
0 0.7607142857142857 0.5316666666666667 0.08285714285714285 0.035
0 0.845 0.51 0.08285714285714285 0.035
0 0.8764285714285714 0.52 0.08285714285714285 0.035
0 0.8957142857142857 0.515 0.08285714285714285 0.035
0 0.915 0.5108333333333334 0.08285714285714285 0.035
0 0.9464285714285714 0.49333333333333335 0.08285714285714285 0.035
