0 0.34464285714285714 0.5779166666666667 0.08214285714285714 0.035833333333333335
0 0.3675 0.5704166666666667 0.08214285714285714 0.035833333333333335
0 0.39464285714285713 0.5645833333333333 0.08214285714285714 0.035833333333333335
0 0.43464285714285716 0.5554166666666667 0.08214285714285714 0.035833333333333335
0 0.4717857142857143 0.5479166666666667 0.08214285714285714 0.035833333333333335
0 0.5189285714285714 0.5537500000000001 0.08214285714285714 0.035833333333333335
0 0.5446428571428571 0.54625 0.08214285714285714 0.035833333333333335
0 0.5739285714285715 0.53125 0.08214285714285714 0.035833333333333335
0 0.5967857142857143 0.52625 0.08214285714285714 0.035833333333333335
0 0.6225 0.5179166666666667 0.08214285714285714 0.035833333333333335
0 0.6567857142857143 0.50625 0.08214285714285714 0.035833333333333335
0 0.6853571428571429 0.5020833333333333 0.08214285714285714 0.035833333333333335
0 0.7089285714285715 0.5104166666666667 0.08214285714285714 0.035833333333333335
0 0.7425 0.51375 0.08214285714285714 0.035833333333333335
0 0.7839285714285714 0.52375 0.08214285714285714 0.035833333333333335
0 0.8132142857142857 0.5279166666666667 0.08214285714285714 0.035833333333333335
0 0.8553571428571428 0.5270833333333333 0.08214285714285714 0.035833333333333335
0 0.8875 0.52625 0.08214285714285714 0.035833333333333335
0 0.9160714285714285 0.52125 0.08214285714285714 0.035833333333333335
0 0.9496428571428571 0.5070833333333333 0.08214285714285714 0.035833333333333335
