0 0.037142857142857144 0.48875 0.07142857142857142 0.03916666666666667
0 0.056428571428571425 0.4970833333333334 0.07142857142857142 0.03916666666666667
0 0.085 0.5070833333333333 0.07142857142857142 0.03916666666666667
0 0.10928571428571429 0.5170833333333333 0.07142857142857142 0.03916666666666667
0 0.14285714285714285 0.5154166666666667 0.07142857142857142 0.03916666666666667
0 0.1692857142857143 0.5245833333333334 0.07142857142857142 0.03916666666666667
0 0.19142857142857142 0.52125 0.07142857142857142 0.03916666666666667
0 0.215 0.51875 0.07142857142857142 0.03916666666666667
0 0.24928571428571428 0.5079166666666667 0.07142857142857142 0.03916666666666667
0 0.28214285714285714 0.5079166666666667 0.07142857142857142 0.03916666666666667
0 0.30785714285714283 0.5079166666666667 0.07142857142857142 0.03916666666666667
0 0.3335714285714286 0.51875 0.07142857142857142 0.03916666666666667
0 0.365 0.5254166666666668 0.07142857142857142 0.03916666666666667
0 0.3985714285714286 0.53125 0.07142857142857142 0.03916666666666667
0 0.43 0.5345833333333334 0.07142857142857142 0.03916666666666667
0 0.4664285714285714 0.5437500000000001 0.07142857142857142 0.03916666666666667
0 0.5042857142857143 0.5479166666666667 0.07142857142857142 0.03916666666666667
0 0.5392857142857143 0.55125 0.07142857142857142 0.03916666666666667
0 0.5664285714285714 0.54625 0.07142857142857142 0.03916666666666667
0 0.5964285714285714 0.5429166666666667 0.07142857142857142 0.03916666666666667
0 0.6207142857142857 0.5379166666666667 0.07142857142857142 0.03916666666666667
0 0.6492857142857142 0.5295833333333334 0.07142857142857142 0.03916666666666667
0 0.7478571428571429 0.5029166666666667 0.07142857142857142 0.03916666666666667
0 0.7807142857142857 0.5095833333333334 0.07142857142857142 0.03916666666666667
0 0.805 0.5104166666666667 0.07142857142857142 0.03916666666666667
0 0.7678571428571429 0.51625 0.07142857142857142 0.03916666666666667
