0 0.04178571428571429 0.48500000000000004 0.07214285714285715 0.04
0 0.05392857142857143 0.4891666666666667 0.07214285714285715 0.04
0 0.08464285714285714 0.49500000000000005 0.07214285714285715 0.04
0 0.1175 0.5075000000000001 0.07214285714285715 0.04
0 0.14464285714285716 0.5158333333333334 0.07214285714285715 0.04
0 0.17035714285714285 0.5183333333333333 0.07214285714285715 0.04
0 0.1925 0.5308333333333334 0.07214285714285715 0.04
0 0.2275 0.5358333333333334 0.07214285714285715 0.04
0 0.3410714285714286 0.51 0.07214285714285715 0.04
0 0.3560714285714286 0.5041666666666667 0.07214285714285715 0.04
0 0.38107142857142856 0.4941666666666667 0.07214285714285715 0.04
0 0.4082142857142857 0.48833333333333334 0.07214285714285715 0.04
0 0.44392857142857145 0.48000000000000004 0.07214285714285715 0.04
0 0.5339285714285714 0.4916666666666667 0.07214285714285715 0.04
0 0.5575 0.4991666666666667 0.07214285714285715 0.04
0 0.5832142857142857 0.5183333333333333 0.07214285714285715 0.04
0 0.6075 0.5166666666666667 0.07214285714285715 0.04
0 0.6325 0.5258333333333334 0.07214285714285715 0.04
0 0.6582142857142858 0.5416666666666667 0.07214285714285715 0.04
0 0.6889285714285714 0.5508333333333334 0.07214285714285715 0.04
0 0.7510714285714286 0.5291666666666667 0.07214285714285715 0.04
0 0.7867857142857143 0.53 0.07214285714285715 0.04
0 0.8060714285714285 0.5241666666666667 0.07214285714285715 0.04
0 0.8396428571428571 0.5183333333333333 0.07214285714285715 0.04
0 0.8667857142857143 0.5208333333333334 0.07214285714285715 0.04
0 0.8960714285714285 0.5291666666666667 0.07214285714285715 0.04
0 0.9196428571428571 0.5316666666666667 0.07214285714285715 0.04
0 0.9489285714285715 0.54 0.07214285714285715 0.04
