0 0.3 0.4666666666666667 0.08571428571428572 0.04166666666666667
0 0.3157142857142857 0.4733333333333334 0.08571428571428572 0.04166666666666667
0 0.34 0.4766666666666667 0.08571428571428572 0.04166666666666667
0 0.36214285714285716 0.4808333333333334 0.08571428571428572 0.04166666666666667
0 0.39357142857142857 0.4841666666666667 0.08571428571428572 0.04166666666666667
0 0.41285714285714287 0.49500000000000005 0.08571428571428572 0.04166666666666667
0 0.445 0.5008333333333334 0.08571428571428572 0.04166666666666667
0 0.47285714285714286 0.505 0.08571428571428572 0.04166666666666667
0 0.5035714285714286 0.5116666666666667 0.08571428571428572 0.04166666666666667
0 0.5364285714285715 0.5158333333333334 0.08571428571428572 0.04166666666666667
0 0.5614285714285714 0.5233333333333333 0.08571428571428572 0.04166666666666667
0 0.5771428571428572 0.5241666666666667 0.08571428571428572 0.04166666666666667
0 0.7371428571428571 0.515 0.08571428571428572 0.04166666666666667
0 0.7571428571428571 0.5108333333333334 0.08571428571428572 0.04166666666666667
0 0.785 0.5208333333333334 0.08571428571428572 0.04166666666666667
0 0.8342857142857143 0.535 0.08571428571428572 0.04166666666666667
0 0.8771428571428571 0.54 0.08571428571428572 0.04166666666666667
0 0.8992857142857142 0.545 0.08571428571428572 0.04166666666666667
0 0.9278571428571428 0.5508333333333334 0.08571428571428572 0.04166666666666667
