0 0.05178571428571429 0.39458333333333334 0.08071428571428571 0.0425
0 0.061785714285714284 0.38958333333333334 0.08071428571428571 0.0425
0 0.08035714285714286 0.38708333333333333 0.08071428571428571 0.0425
0 0.10678571428571429 0.39125000000000004 0.08071428571428571 0.0425
0 0.31392857142857145 0.36875 0.08071428571428571 0.0425
0 0.3489285714285714 0.3720833333333334 0.08071428571428571 0.0425
0 0.38107142857142856 0.37375 0.08071428571428571 0.0425
0 0.41035714285714286 0.36791666666666667 0.08071428571428571 0.0425
0 0.4382142857142857 0.36208333333333337 0.08071428571428571 0.0425
0 0.4775 0.35625 0.08071428571428571 0.0425
0 0.5032142857142857 0.35125 0.08071428571428571 0.0425
0 0.5275 0.3454166666666667 0.08071428571428571 0.0425
0 0.5567857142857143 0.3379166666666667 0.08071428571428571 0.0425
0 0.5839285714285715 0.32458333333333333 0.08071428571428571 0.0425
0 0.6203571428571428 0.3154166666666667 0.08071428571428571 0.0425
0 0.6453571428571429 0.3120833333333334 0.08071428571428571 0.0425
0 0.6739285714285714 0.31875000000000003 0.08071428571428571 0.0425
0 0.7182142857142857 0.30791666666666667 0.08071428571428571 0.0425
0 0.7532142857142857 0.3120833333333334 0.08071428571428571 0.0425
0 0.7917857142857143 0.31708333333333333 0.08071428571428571 0.0425
0 0.9417857142857143 0.2654166666666667 0.08071428571428571 0.0425
0 0.9482142857142857 0.27125 0.08071428571428571 0.0425
