0 0.046785714285714285 0.4058333333333334 0.08071428571428571 0.035
0 0.06464285714285714 0.41583333333333333 0.08071428571428571 0.035
0 0.2382142857142857 0.39916666666666667 0.08071428571428571 0.035
0 0.25821428571428573 0.3975 0.08071428571428571 0.035
0 0.28464285714285714 0.4 0.08071428571428571 0.035
0 0.31035714285714283 0.4091666666666667 0.08071428571428571 0.035
0 0.3417857142857143 0.4091666666666667 0.08071428571428571 0.035
0 0.3717857142857143 0.40750000000000003 0.08071428571428571 0.035
0 0.4082142857142857 0.4033333333333334 0.08071428571428571 0.035
0 0.43464285714285716 0.41250000000000003 0.08071428571428571 0.035
0 0.4682142857142857 0.41833333333333333 0.08071428571428571 0.035
0 0.4932142857142857 0.4216666666666667 0.08071428571428571 0.035
0 0.7289285714285715 0.4475 0.08071428571428571 0.035
0 0.6703571428571429 0.445 0.08071428571428571 0.035
0 0.6417857142857143 0.45 0.08071428571428571 0.035
0 0.7653571428571428 0.4341666666666667 0.08071428571428571 0.035
0 0.8089285714285714 0.445 0.08071428571428571 0.035
0 0.8446428571428571 0.42500000000000004 0.08071428571428571 0.035
0 0.8717857142857143 0.4266666666666667 0.08071428571428571 0.035
0 0.8925 0.42083333333333334 0.08071428571428571 0.035
0 0.9239285714285714 0.41583333333333333 0.08071428571428571 0.035
0 0.9517857142857142 0.41583333333333333 0.08071428571428571 0.035
