0 0.056428571428571425 0.44125000000000003 0.09714285714285714 0.0425
0 0.115 0.4554166666666667 0.09714285714285714 0.0425
0 0.16428571428571428 0.4504166666666667 0.09714285714285714 0.0425
0 0.21714285714285714 0.4470833333333334 0.09714285714285714 0.0425
0 0.25857142857142856 0.45458333333333334 0.09714285714285714 0.0425
0 0.29642857142857143 0.4504166666666667 0.09714285714285714 0.0425
0 0.3535714285714286 0.4445833333333334 0.09714285714285714 0.0425
0 0.3964285714285714 0.4429166666666667 0.09714285714285714 0.0425
0 0.45071428571428573 0.43875000000000003 0.09714285714285714 0.0425
0 0.5035714285714286 0.4445833333333334 0.09714285714285714 0.0425
0 0.645 0.45958333333333334 0.09714285714285714 0.0425
0 0.6935714285714286 0.4504166666666667 0.09714285714285714 0.0425
0 0.7528571428571429 0.4370833333333334 0.09714285714285714 0.0425
0 0.8092857142857143 0.4345833333333334 0.09714285714285714 0.0425
0 0.8642857142857143 0.44375000000000003 0.09714285714285714 0.0425
0 0.9057142857142857 0.45125000000000004 0.09714285714285714 0.0425
0 0.9471428571428572 0.4404166666666667 0.09714285714285714 0.0425
