0 0.44035714285714284 0.4758333333333334 0.10214285714285715 0.04166666666666667
0 0.46464285714285714 0.4733333333333334 0.10214285714285715 0.04166666666666667
0 0.5746428571428571 0.5016666666666667 0.10214285714285715 0.04166666666666667
0 0.5932142857142857 0.4991666666666667 0.10214285714285715 0.04166666666666667
0 0.6260714285714286 0.5033333333333334 0.10214285714285715 0.04166666666666667
0 0.6589285714285714 0.5083333333333334 0.10214285714285715 0.04166666666666667
0 0.8560714285714286 0.48500000000000004 0.10214285714285715 0.04166666666666667
0 0.8882142857142857 0.4791666666666667 0.10214285714285715 0.04166666666666667
0 0.9167857142857143 0.49333333333333335 0.10214285714285715 0.04166666666666667
0 0.3585714285714286 0.4691666666666667 0.07857142857142857 0.03666666666666667
0 0.3507142857142857 0.4808333333333334 0.07857142857142857 0.03666666666666667
