0 0.041428571428571426 0.48208333333333336 0.07714285714285714 0.03416666666666667
0 0.07428571428571429 0.4879166666666667 0.07714285714285714 0.03416666666666667
0 0.10642857142857143 0.4804166666666667 0.07714285714285714 0.03416666666666667
0 0.13785714285714284 0.47458333333333336 0.07714285714285714 0.03416666666666667
0 0.18 0.47958333333333336 0.07714285714285714 0.03416666666666667
0 0.22 0.4879166666666667 0.07714285714285714 0.03416666666666667
0 0.24857142857142858 0.5045833333333334 0.07714285714285714 0.03416666666666667
0 0.2864285714285714 0.4995833333333334 0.07714285714285714 0.03416666666666667
0 0.3242857142857143 0.5054166666666667 0.07714285714285714 0.03416666666666667
0 0.3628571428571429 0.49875 0.07714285714285714 0.03416666666666667
0 0.415 0.5012500000000001 0.07714285714285714 0.03416666666666667
0 0.4442857142857143 0.49541666666666667 0.07714285714285714 0.03416666666666667
0 0.4764285714285714 0.4854166666666667 0.07714285714285714 0.03416666666666667
0 0.5114285714285715 0.47875 0.07714285714285714 0.03416666666666667
0 0.5478571428571428 0.4779166666666667 0.07714285714285714 0.03416666666666667
0 0.5842857142857143 0.48708333333333337 0.07714285714285714 0.03416666666666667
0 0.6192857142857143 0.48125 0.07714285714285714 0.03416666666666667
0 0.6571428571428571 0.4779166666666667 0.07714285714285714 0.03416666666666667
0 0.6778571428571428 0.4779166666666667 0.07714285714285714 0.03416666666666667
0 0.7064285714285714 0.47208333333333335 0.07714285714285714 0.03416666666666667
0 0.7528571428571429 0.47125000000000006 0.07714285714285714 0.03416666666666667
0 0.7992857142857143 0.47125000000000006 0.07714285714285714 0.03416666666666667
0 0.8235714285714286 0.4979166666666667 0.07714285714285714 0.03416666666666667
0 0.86 0.5270833333333333 0.07714285714285714 0.03416666666666667
