0 0.2839285714285714 0.5825 0.07357142857142857 0.04
0 0.3053571428571429 0.5633333333333334 0.07357142857142857 0.04
0 0.32607142857142857 0.5516666666666667 0.07357142857142857 0.04
0 0.35035714285714287 0.5458333333333334 0.07357142857142857 0.04
0 0.3889285714285714 0.5391666666666667 0.07357142857142857 0.04
0 0.41535714285714287 0.5333333333333333 0.07357142857142857 0.04
0 0.4567857142857143 0.5258333333333334 0.07357142857142857 0.04
0 0.5525 0.47750000000000004 0.07357142857142857 0.04
0 0.5925 0.49500000000000005 0.07357142857142857 0.04
0 0.5753571428571429 0.4916666666666667 0.07357142857142857 0.04
0 0.6325 0.5083333333333334 0.07357142857142857 0.04
0 0.6617857142857143 0.5025000000000001 0.07357142857142857 0.04
0 0.6946428571428571 0.5083333333333334 0.07357142857142857 0.04
0 0.7489285714285714 0.5066666666666667 0.07357142857142857 0.04
0 0.7867857142857143 0.5216666666666667 0.07357142857142857 0.04
0 0.8189285714285715 0.5225000000000001 0.07357142857142857 0.04
0 0.8482142857142857 0.5025000000000001 0.07357142857142857 0.04
0 0.8867857142857143 0.49583333333333335 0.07357142857142857 0.04
0 0.9196428571428571 0.5058333333333334 0.07357142857142857 0.04
0 0.9475 0.5166666666666667 0.07357142857142857 0.04
