0 0.04392857142857143 0.41000000000000003 0.07785714285714286 0.043333333333333335
0 0.06392857142857143 0.4133333333333334 0.07785714285714286 0.043333333333333335
0 0.08107142857142857 0.4241666666666667 0.07785714285714286 0.043333333333333335
0 0.12035714285714286 0.43833333333333335 0.07785714285714286 0.043333333333333335
0 0.18321428571428572 0.4525 0.07785714285714286 0.043333333333333335
0 0.2017857142857143 0.44083333333333335 0.07785714285714286 0.043333333333333335
0 0.2275 0.43250000000000005 0.07785714285714286 0.043333333333333335
0 0.31464285714285717 0.4141666666666667 0.07785714285714286 0.043333333333333335
0 0.3582142857142857 0.4058333333333334 0.07785714285714286 0.043333333333333335
0 0.3817857142857143 0.42083333333333334 0.07785714285714286 0.043333333333333335
0 0.4382142857142857 0.43083333333333335 0.07785714285714286 0.043333333333333335
0 0.4882142857142857 0.4166666666666667 0.07785714285714286 0.043333333333333335
0 0.5196428571428572 0.4091666666666667 0.07785714285714286 0.043333333333333335
0 0.5617857142857143 0.3983333333333334 0.07785714285714286 0.043333333333333335
0 0.5982142857142857 0.40166666666666667 0.07785714285714286 0.043333333333333335
0 0.6239285714285714 0.4058333333333334 0.07785714285714286 0.043333333333333335
0 0.7660714285714286 0.43083333333333335 0.07785714285714286 0.043333333333333335
0 0.7896428571428571 0.42333333333333334 0.07785714285714286 0.043333333333333335
0 0.8225 0.4166666666666667 0.07785714285714286 0.043333333333333335
0 0.8539285714285715 0.4166666666666667 0.07785714285714286 0.043333333333333335
0 0.8853571428571428 0.4241666666666667 0.07785714285714286 0.043333333333333335
0 0.9339285714285714 0.42083333333333334 0.07785714285714286 0.043333333333333335
