0 0.10678571428571429 0.41750000000000004 0.075 0.03666666666666667
0 0.14107142857142857 0.4316666666666667 0.075 0.03666666666666667
0 0.1682142857142857 0.42833333333333334 0.075 0.03666666666666667
0 0.19535714285714287 0.4166666666666667 0.075 0.03666666666666667
0 0.22892857142857143 0.42250000000000004 0.075 0.03666666666666667
0 0.2532142857142857 0.43083333333333335 0.075 0.03666666666666667
0 0.2732142857142857 0.445 0.075 0.03666666666666667
0 0.29678571428571426 0.45083333333333336 0.075 0.03666666666666667
0 0.4775 0.4575 0.075 0.03666666666666667
0 0.5096428571428572 0.46166666666666667 0.075 0.03666666666666667
0 0.5653571428571429 0.4566666666666667 0.075 0.03666666666666667
0 0.7596428571428572 0.4166666666666667 0.075 0.03666666666666667
0 0.8017857142857143 0.42750000000000005 0.075 0.03666666666666667
0 0.8360714285714286 0.4416666666666667 0.075 0.03666666666666667
0 0.8746428571428572 0.4441666666666667 0.075 0.03666666666666667
0 0.8946428571428572 0.4525 0.075 0.03666666666666667
0 0.9167857142857143 0.4658333333333334 0.075 0.03666666666666667
0 0.9503571428571429 0.4708333333333334 0.075 0.03666666666666667
