0 0.41714285714285715 0.44583333333333336 0.07285714285714286 0.035
0 0.4307142857142857 0.43083333333333335 0.07285714285714286 0.035
0 0.45785714285714285 0.4133333333333334 0.07285714285714286 0.035
0 0.4785714285714286 0.39916666666666667 0.07285714285714286 0.035
0 0.5214285714285715 0.39416666666666667 0.07285714285714286 0.035
0 0.5628571428571428 0.39666666666666667 0.07285714285714286 0.035
0 0.5992857142857143 0.4025 0.07285714285714286 0.035
0 0.6335714285714286 0.4033333333333334 0.07285714285714286 0.035
0 0.6735714285714286 0.41000000000000003 0.07285714285714286 0.035
0 0.7057142857142857 0.4216666666666667 0.07285714285714286 0.035
0 0.7378571428571429 0.43000000000000005 0.07285714285714286 0.035
0 0.8364285714285714 0.4475 0.07285714285714286 0.035
0 0.8585714285714285 0.45083333333333336 0.07285714285714286 0.035
0 0.8821428571428571 0.445 0.07285714285714286 0.035
0 0.9242857142857143 0.4441666666666667 0.07285714285714286 0.035
0 0.9421428571428572 0.45083333333333336 0.07285714285714286 0.035
