0 0.06714285714285714 0.5091666666666667 0.07857142857142857 0.035
0 0.09071428571428572 0.49750000000000005 0.07857142857142857 0.035
0 0.11357142857142857 0.4891666666666667 0.07857142857142857 0.035
0 0.13071428571428573 0.4783333333333334 0.07857142857142857 0.035
0 0.16142857142857142 0.4691666666666667 0.07857142857142857 0.035
0 0.18857142857142858 0.4708333333333334 0.07857142857142857 0.035
0 0.23285714285714285 0.47500000000000003 0.07857142857142857 0.035
0 0.26142857142857145 0.4708333333333334 0.07857142857142857 0.035
0 0.2935714285714286 0.47000000000000003 0.07857142857142857 0.035
0 0.32785714285714285 0.4658333333333334 0.07857142857142857 0.035
0 0.3578571428571429 0.4766666666666667 0.07857142857142857 0.035
0 0.39285714285714285 0.4633333333333334 0.07857142857142857 0.035
0 0.42714285714285716 0.4666666666666667 0.07857142857142857 0.035
0 0.4614285714285714 0.4675 0.07857142857142857 0.035
0 0.4857142857142857 0.4741666666666667 0.07857142857142857 0.035
0 0.5878571428571429 0.5016666666666667 0.07857142857142857 0.035
0 0.6164285714285714 0.5133333333333334 0.07857142857142857 0.035
0 0.6357142857142857 0.5191666666666667 0.07857142857142857 0.035
0 0.6628571428571428 0.5308333333333334 0.07857142857142857 0.035
0 0.695 0.5441666666666667 0.07857142857142857 0.035
0 0.7614285714285715 0.5408333333333334 0.07857142857142857 0.035
0 0.7764285714285715 0.5441666666666667 0.07857142857142857 0.035
0 0.7964285714285714 0.5483333333333333 0.07857142857142857 0.035
0 0.8235714285714286 0.545 0.07857142857142857 0.035
0 0.8592857142857143 0.5441666666666667 0.07857142857142857 0.035
0 0.8914285714285715 0.5483333333333333 0.07857142857142857 0.035
0 0.9192857142857143 0.545 0.07857142857142857 0.035
0 0.9442857142857143 0.55 0.07857142857142857 0.035
