0 0.039285714285714285 0.5395833333333334 0.06714285714285714 0.037500000000000006
0 0.06 0.5345833333333334 0.06714285714285714 0.037500000000000006
0 0.08 0.51875 0.06714285714285714 0.037500000000000006
0 0.10428571428571429 0.50875 0.06714285714285714 0.037500000000000006
0 0.12857142857142856 0.5004166666666667 0.06714285714285714 0.037500000000000006
0 0.14642857142857144 0.49625 0.06714285714285714 0.037500000000000006
0 0.1657142857142857 0.5004166666666667 0.06714285714285714 0.037500000000000006
0 0.19642857142857142 0.5004166666666667 0.06714285714285714 0.037500000000000006
0 0.21857142857142858 0.49625 0.06714285714285714 0.037500000000000006
0 0.24785714285714286 0.48458333333333337 0.06714285714285714 0.037500000000000006
0 0.27 0.47875 0.06714285714285714 0.037500000000000006
0 0.2914285714285714 0.47375 0.06714285714285714 0.037500000000000006
0 0.325 0.47125000000000006 0.06714285714285714 0.037500000000000006
0 0.35 0.46958333333333335 0.06714285714285714 0.037500000000000006
0 0.37714285714285717 0.4679166666666667 0.06714285714285714 0.037500000000000006
0 0.39714285714285713 0.46875000000000006 0.06714285714285714 0.037500000000000006
0 0.48642857142857143 0.4945833333333334 0.06714285714285714 0.037500000000000006
0 0.4692857142857143 0.45625000000000004 0.06714285714285714 0.037500000000000006
0 0.5307142857142857 0.4979166666666667 0.06714285714285714 0.037500000000000006
0 0.5607142857142857 0.50375 0.06714285714285714 0.037500000000000006
0 0.5985714285714285 0.51125 0.06714285714285714 0.037500000000000006
0 0.6307142857142857 0.52125 0.06714285714285714 0.037500000000000006
0 0.6557142857142857 0.5470833333333334 0.06714285714285714 0.037500000000000006
0 0.68 0.56625 0.06714285714285714 0.037500000000000006
0 0.7121428571428572 0.5795833333333333 0.06714285714285714 0.037500000000000006
0 0.7585714285714286 0.5854166666666667 0.06714285714285714 0.037500000000000006
0 0.81 0.57875 0.06714285714285714 0.037500000000000006
0 0.835 0.5779166666666667 0.06714285714285714 0.037500000000000006
0 0.9014285714285715 0.53125 0.06714285714285714 0.037500000000000006
0 0.9364285714285714 0.50875 0.06714285714285714 0.037500000000000006
0 0.9235714285714286 0.5179166666666667 0.06714285714285714 0.037500000000000006
