0 0.41535714285714287 0.5679166666666667 0.062142857142857146 0.037500000000000006
0 0.43464285714285716 0.5595833333333333 0.062142857142857146 0.037500000000000006
0 0.4610714285714286 0.5504166666666667 0.062142857142857146 0.037500000000000006
0 0.48392857142857143 0.5395833333333334 0.062142857142857146 0.037500000000000006
0 0.5139285714285714 0.5370833333333334 0.062142857142857146 0.037500000000000006
0 0.5446428571428571 0.55125 0.062142857142857146 0.037500000000000006
0 0.6260714285714286 0.5670833333333334 0.062142857142857146 0.037500000000000006
0 0.6525 0.5704166666666667 0.062142857142857146 0.037500000000000006
0 0.6875 0.5704166666666667 0.062142857142857146 0.037500000000000006
0 0.7103571428571429 0.5695833333333333 0.062142857142857146 0.037500000000000006
0 0.7275 0.5695833333333333 0.062142857142857146 0.037500000000000006
0 0.7546428571428572 0.5637500000000001 0.062142857142857146 0.037500000000000006
0 0.7867857142857143 0.5520833333333334 0.062142857142857146 0.037500000000000006
0 0.8253571428571429 0.53125 0.062142857142857146 0.037500000000000006
0 0.8853571428571428 0.52875 0.062142857142857146 0.037500000000000006
0 0.8582142857142857 0.5345833333333334 0.062142857142857146 0.037500000000000006
0 0.9096428571428572 0.52375 0.062142857142857146 0.037500000000000006
0 0.9475 0.5154166666666667 0.062142857142857146 0.037500000000000006
