0 0.13392857142857142 0.5258333333333334 0.06357142857142857 0.030000000000000002
0 0.2025 0.5058333333333334 0.06357142857142857 0.030000000000000002
0 0.23107142857142857 0.5091666666666667 0.06357142857142857 0.030000000000000002
0 0.2532142857142857 0.52 0.06357142857142857 0.030000000000000002
0 0.2875 0.5275000000000001 0.06357142857142857 0.030000000000000002
0 0.31892857142857145 0.5275000000000001 0.06357142857142857 0.030000000000000002
0 0.3603571428571429 0.5383333333333333 0.06357142857142857 0.030000000000000002
0 0.3982142857142857 0.5325000000000001 0.06357142857142857 0.030000000000000002
0 0.42392857142857143 0.5291666666666667 0.06357142857142857 0.030000000000000002
0 0.5596428571428571 0.535 0.06357142857142857 0.030000000000000002
0 0.5875 0.5258333333333334 0.06357142857142857 0.030000000000000002
0 0.6167857142857143 0.5258333333333334 0.06357142857142857 0.030000000000000002
0 0.6339285714285714 0.5383333333333333 0.06357142857142857 0.030000000000000002
0 0.8860714285714286 0.5841666666666667 0.06357142857142857 0.030000000000000002
0 0.9039285714285714 0.5758333333333334 0.06357142857142857 0.030000000000000002
0 0.9253571428571429 0.5733333333333334 0.06357142857142857 0.030000000000000002
0 0.9496428571428571 0.5675 0.06357142857142857 0.030000000000000002
