0 0.0475 0.42625 0.08785714285714286 0.04416666666666667
0 0.08464285714285714 0.4354166666666667 0.08785714285714286 0.04416666666666667
0 0.14535714285714285 0.4229166666666667 0.08785714285714286 0.04416666666666667
0 0.20535714285714285 0.42375 0.08785714285714286 0.04416666666666667
0 0.2425 0.4370833333333334 0.08785714285714286 0.04416666666666667
0 0.30607142857142855 0.42375 0.08785714285714286 0.04416666666666667
0 0.8489285714285715 0.3720833333333334 0.08785714285714286 0.04416666666666667
0 0.8810714285714286 0.37125 0.08785714285714286 0.04416666666666667
0 0.9203571428571429 0.37375 0.08785714285714286 0.04416666666666667
0 0.9560714285714286 0.38958333333333334 0.08785714285714286 0.04416666666666667
