0 0.03964285714285714 0.40708333333333335 0.07071428571428572 0.04083333333333333
0 0.05178571428571429 0.41125 0.07071428571428572 0.04083333333333333
0 0.07392857142857143 0.4229166666666667 0.07071428571428572 0.04083333333333333
0 0.09964285714285714 0.43375 0.07071428571428572 0.04083333333333333
0 0.12107142857142857 0.42875 0.07071428571428572 0.04083333333333333
0 0.1467857142857143 0.41458333333333336 0.07071428571428572 0.04083333333333333
0 0.16964285714285715 0.40708333333333335 0.07071428571428572 0.04083333333333333
0 0.21535714285714286 0.4104166666666667 0.07071428571428572 0.04083333333333333
0 0.23964285714285713 0.4104166666666667 0.07071428571428572 0.04083333333333333
0 0.2675 0.41458333333333336 0.07071428571428572 0.04083333333333333
0 0.2960714285714286 0.41958333333333336 0.07071428571428572 0.04083333333333333
0 0.3217857142857143 0.42791666666666667 0.07071428571428572 0.04083333333333333
0 0.34535714285714286 0.42208333333333337 0.07071428571428572 0.04083333333333333
0 0.3825 0.41875 0.07071428571428572 0.04083333333333333
0 0.41464285714285715 0.4129166666666667 0.07071428571428572 0.04083333333333333
0 0.5275 0.3779166666666667 0.07071428571428572 0.04083333333333333
0 0.5567857142857143 0.3804166666666667 0.07071428571428572 0.04083333333333333
0 0.5760714285714286 0.38208333333333333 0.07071428571428572 0.04083333333333333
0 0.5960714285714286 0.37875000000000003 0.07071428571428572 0.04083333333333333
0 0.6239285714285714 0.3795833333333334 0.07071428571428572 0.04083333333333333
0 0.6475 0.3779166666666667 0.07071428571428572 0.04083333333333333
0 0.6796428571428571 0.38625000000000004 0.07071428571428572 0.04083333333333333
0 0.7253571428571428 0.38958333333333334 0.07071428571428572 0.04083333333333333
0 0.8632142857142857 0.41875 0.07071428571428572 0.04083333333333333
0 0.8860714285714286 0.4254166666666667 0.07071428571428572 0.04083333333333333
0 0.9110714285714285 0.4254166666666667 0.07071428571428572 0.04083333333333333
0 0.9382142857142857 0.42208333333333337 0.07071428571428572 0.04083333333333333
0 0.9532142857142857 0.4204166666666667 0.07071428571428572 0.04083333333333333
