0 0.08142857142857143 0.42000000000000004 0.07428571428571429 0.035
0 0.10428571428571429 0.43000000000000005 0.07428571428571429 0.035
0 0.14285714285714285 0.43250000000000005 0.07428571428571429 0.035
0 0.185 0.43250000000000005 0.07428571428571429 0.035
0 0.21214285714285713 0.4291666666666667 0.07428571428571429 0.035
0 0.24214285714285713 0.42333333333333334 0.07428571428571429 0.035
0 0.27285714285714285 0.42500000000000004 0.07428571428571429 0.035
0 0.3 0.4216666666666667 0.07428571428571429 0.035
0 0.33071428571428574 0.42333333333333334 0.07428571428571429 0.035
0 0.36142857142857143 0.4291666666666667 0.07428571428571429 0.035
0 0.39714285714285713 0.4341666666666667 0.07428571428571429 0.035
0 0.41785714285714287 0.43500000000000005 0.07428571428571429 0.035
0 0.4764285714285714 0.4366666666666667 0.07428571428571429 0.035
0 0.5121428571428571 0.4391666666666667 0.07428571428571429 0.035
0 0.5464285714285714 0.43750000000000006 0.07428571428571429 0.035
0 0.5707142857142857 0.43833333333333335 0.07428571428571429 0.035
0 0.6057142857142858 0.4291666666666667 0.07428571428571429 0.035
0 0.6471428571428571 0.43750000000000006 0.07428571428571429 0.035
0 0.7671428571428571 0.4575 0.07428571428571429 0.035
0 0.79 0.4491666666666667 0.07428571428571429 0.035
0 0.8142857142857143 0.4441666666666667 0.07428571428571429 0.035
0 0.85 0.4366666666666667 0.07428571428571429 0.035
0 0.8842857142857142 0.43750000000000006 0.07428571428571429 0.035
0 0.9135714285714286 0.44583333333333336 0.07428571428571429 0.035
0 0.9471428571428572 0.4658333333333334 0.07428571428571429 0.035
