0 0.3392857142857143 0.4879166666666667 0.08 0.04583333333333334
0 0.3628571428571429 0.48458333333333337 0.08 0.04583333333333334
0 0.3985714285714286 0.47958333333333336 0.08 0.04583333333333334
0 0.44357142857142856 0.4904166666666667 0.08 0.04583333333333334
0 0.48142857142857143 0.48958333333333337 0.08 0.04583333333333334
0 0.5085714285714286 0.4904166666666667 0.08 0.04583333333333334
0 0.54 0.48125 0.08 0.04583333333333334
0 0.5692857142857143 0.48375 0.08 0.04583333333333334
0 0.5935714285714285 0.47458333333333336 0.08 0.04583333333333334
0 0.81 0.45208333333333334 0.08 0.04583333333333334
0 0.8314285714285714 0.45208333333333334 0.08 0.04583333333333334
0 0.8614285714285714 0.4445833333333334 0.08 0.04583333333333334
0 0.8964285714285715 0.45625000000000004 0.08 0.04583333333333334
0 0.9207142857142857 0.45708333333333334 0.08 0.04583333333333334
0 0.94 0.45208333333333334 0.08 0.04583333333333334
