0 0.04607142857142857 0.41750000000000004 0.08642857142857142 0.043333333333333335
0 0.06321428571428571 0.42000000000000004 0.08642857142857142 0.043333333333333335
0 0.08392857142857142 0.42583333333333334 0.08642857142857142 0.043333333333333335
0 0.1925 0.39416666666666667 0.08642857142857142 0.043333333333333335
0 0.21607142857142858 0.3925 0.08642857142857142 0.043333333333333335
0 0.24464285714285713 0.4041666666666667 0.08642857142857142 0.043333333333333335
0 0.2717857142857143 0.3925 0.08642857142857142 0.043333333333333335
0 0.3117857142857143 0.3925 0.08642857142857142 0.043333333333333335
0 0.3482142857142857 0.4091666666666667 0.08642857142857142 0.043333333333333335
0 0.38821428571428573 0.4041666666666667 0.08642857142857142 0.043333333333333335
0 0.4039285714285714 0.41250000000000003 0.08642857142857142 0.043333333333333335
0 0.43107142857142855 0.4191666666666667 0.08642857142857142 0.043333333333333335
0 0.5517857142857143 0.3983333333333334 0.08642857142857142 0.043333333333333335
0 0.5903571428571428 0.39583333333333337 0.08642857142857142 0.043333333333333335
0 0.6239285714285714 0.3975 0.08642857142857142 0.043333333333333335
0 0.6617857142857143 0.4041666666666667 0.08642857142857142 0.043333333333333335
0 0.6889285714285714 0.41250000000000003 0.08642857142857142 0.043333333333333335
0 0.7303571428571428 0.4216666666666667 0.08642857142857142 0.043333333333333335
0 0.7617857142857143 0.43333333333333335 0.08642857142857142 0.043333333333333335
0 0.7946428571428571 0.4341666666666667 0.08642857142857142 0.043333333333333335
