0 0.04607142857142857 0.50625 0.085 0.04083333333333333
0 0.0675 0.5029166666666667 0.085 0.04083333333333333
0 0.1025 0.49875 0.085 0.04083333333333333
0 0.12464285714285714 0.49125 0.085 0.04083333333333333
0 0.2417857142857143 0.47708333333333336 0.085 0.04083333333333333
0 0.2625 0.47375 0.085 0.04083333333333333
0 0.2860714285714286 0.4729166666666667 0.085 0.04083333333333333
0 0.3182142857142857 0.4779166666666667 0.085 0.04083333333333333
0 0.34964285714285714 0.4779166666666667 0.085 0.04083333333333333
0 0.3846428571428571 0.4804166666666667 0.085 0.04083333333333333
0 0.4210714285714286 0.4904166666666667 0.085 0.04083333333333333
0 0.45321428571428574 0.4929166666666667 0.085 0.04083333333333333
0 0.49607142857142855 0.4854166666666667 0.085 0.04083333333333333
0 0.5289285714285714 0.47958333333333336 0.085 0.04083333333333333
0 0.5675 0.46958333333333335 0.085 0.04083333333333333
0 0.5932142857142857 0.45125000000000004 0.085 0.04083333333333333
0 0.6339285714285714 0.4420833333333334 0.085 0.04083333333333333
0 0.6660714285714285 0.44375000000000003 0.085 0.04083333333333333
0 0.6960714285714286 0.4470833333333334 0.085 0.04083333333333333
0 0.7203571428571428 0.45958333333333334 0.085 0.04083333333333333
0 0.8239285714285715 0.46375000000000005 0.085 0.04083333333333333
0 0.8467857142857143 0.45708333333333334 0.085 0.04083333333333333
0 0.8682142857142857 0.44125000000000003 0.085 0.04083333333333333
0 0.8889285714285714 0.42125 0.085 0.04083333333333333
0 0.9067857142857143 0.40125000000000005 0.085 0.04083333333333333
0 0.9346428571428571 0.3770833333333334 0.085 0.04083333333333333
