0 0.03785714285714286 0.5233333333333333 0.06428571428571428 0.03166666666666667
0 0.18071428571428572 0.5333333333333333 0.06428571428571428 0.03166666666666667
0 0.205 0.5275000000000001 0.06428571428571428 0.03166666666666667
0 0.2342857142857143 0.5191666666666667 0.06428571428571428 0.03166666666666667
0 0.285 0.515 0.06428571428571428 0.03166666666666667
0 0.31214285714285717 0.5275000000000001 0.06428571428571428 0.03166666666666667
0 0.3485714285714286 0.5283333333333333 0.06428571428571428 0.03166666666666667
0 0.385 0.5333333333333333 0.06428571428571428 0.03166666666666667
0 0.5421428571428571 0.49583333333333335 0.06428571428571428 0.03166666666666667
0 0.5642857142857143 0.4966666666666667 0.06428571428571428 0.03166666666666667
0 0.5907142857142857 0.49000000000000005 0.06428571428571428 0.03166666666666667
0 0.6164285714285714 0.4866666666666667 0.06428571428571428 0.03166666666666667
0 0.6357142857142857 0.48833333333333334 0.06428571428571428 0.03166666666666667
0 0.665 0.49500000000000005 0.06428571428571428 0.03166666666666667
0 0.6835714285714286 0.5016666666666667 0.06428571428571428 0.03166666666666667
0 0.795 0.5366666666666667 0.06428571428571428 0.03166666666666667
0 0.8178571428571428 0.5408333333333334 0.06428571428571428 0.03166666666666667
0 0.8371428571428572 0.5358333333333334 0.06428571428571428 0.03166666666666667
0 0.8635714285714285 0.5333333333333333 0.06428571428571428 0.03166666666666667
0 0.8828571428571429 0.5283333333333333 0.06428571428571428 0.03166666666666667
0 0.9114285714285715 0.5283333333333333 0.06428571428571428 0.03166666666666667
0 0.9321428571428572 0.5258333333333334 0.06428571428571428 0.03166666666666667
0 0.955 0.5283333333333333 0.06428571428571428 0.03166666666666667
