0 0.3417857142857143 0.5820833333333334 0.062142857142857146 0.037500000000000006
0 0.3610714285714286 0.57375 0.062142857142857146 0.037500000000000006
0 0.39321428571428574 0.56125 0.062142857142857146 0.037500000000000006
0 0.5682142857142857 0.5295833333333334 0.062142857142857146 0.037500000000000006
0 0.5839285714285715 0.5279166666666667 0.062142857142857146 0.037500000000000006
0 0.6132142857142857 0.52875 0.062142857142857146 0.037500000000000006
0 0.6546428571428572 0.5220833333333333 0.062142857142857146 0.037500000000000006
0 0.6860714285714286 0.5304166666666666 0.062142857142857146 0.037500000000000006
0 0.7267857142857143 0.5487500000000001 0.062142857142857146 0.037500000000000006
0 0.7582142857142857 0.5545833333333333 0.062142857142857146 0.037500000000000006
0 0.9003571428571429 0.5704166666666667 0.062142857142857146 0.037500000000000006
0 0.9175 0.5529166666666667 0.062142857142857146 0.037500000000000006
0 0.9553571428571429 0.5429166666666667 0.062142857142857146 0.037500000000000006
