0 0.4717857142857143 0.4779166666666667 0.07928571428571428 0.0325
0 0.49392857142857144 0.48208333333333336 0.07928571428571428 0.0325
0 0.5239285714285714 0.4970833333333334 0.07928571428571428 0.0325
0 0.5510714285714285 0.50625 0.07928571428571428 0.0325
0 0.5903571428571428 0.5145833333333334 0.07928571428571428 0.0325
0 0.7089285714285715 0.5429166666666667 0.07928571428571428 0.0325
0 0.6896428571428571 0.5320833333333334 0.07928571428571428 0.0325
0 0.7475 0.5454166666666667 0.07928571428571428 0.0325
0 0.7739285714285714 0.5345833333333334 0.07928571428571428 0.0325
0 0.7967857142857143 0.5170833333333333 0.07928571428571428 0.0325
0 0.8203571428571429 0.51375 0.07928571428571428 0.0325
0 0.8453571428571428 0.5020833333333333 0.07928571428571428 0.0325
0 0.8732142857142857 0.49875 0.07928571428571428 0.0325
0 0.9032142857142857 0.5004166666666667 0.07928571428571428 0.0325
0 0.9239285714285714 0.5070833333333333 0.07928571428571428 0.0325
0 0.9432142857142857 0.52125 0.07928571428571428 0.0325
