0 0.04928571428571429 0.5070833333333333 0.08142857142857143 0.035833333333333335
0 0.06642857142857143 0.5045833333333334 0.08142857142857143 0.035833333333333335
0 0.09714285714285714 0.4979166666666667 0.08142857142857143 0.035833333333333335
0 0.12857142857142856 0.49625 0.08142857142857143 0.035833333333333335
0 0.16642857142857143 0.4970833333333334 0.08142857142857143 0.035833333333333335
0 0.18928571428571428 0.5045833333333334 0.08142857142857143 0.035833333333333335
0 0.3192857142857143 0.51875 0.08142857142857143 0.035833333333333335
0 0.2007142857142857 0.5104166666666667 0.08142857142857143 0.035833333333333335
0 0.34 0.5279166666666667 0.08142857142857143 0.035833333333333335
0 0.47285714285714286 0.5379166666666667 0.08142857142857143 0.035833333333333335
0 0.4928571428571429 0.5345833333333334 0.08142857142857143 0.035833333333333335
0 0.7557142857142857 0.5354166666666667 0.08142857142857143 0.035833333333333335
0 0.5335714285714286 0.5304166666666666 0.08142857142857143 0.035833333333333335
0 0.5521428571428572 0.5270833333333333 0.08142857142857143 0.035833333333333335
0 0.5821428571428572 0.5270833333333333 0.08142857142857143 0.035833333333333335
0 0.7742857142857142 0.54125 0.08142857142857143 0.035833333333333335
0 0.7964285714285714 0.54625 0.08142857142857143 0.035833333333333335
0 0.8178571428571428 0.5454166666666667 0.08142857142857143 0.035833333333333335
0 0.8521428571428571 0.5579166666666667 0.08142857142857143 0.035833333333333335
0 0.8785714285714286 0.5595833333333333 0.08142857142857143 0.035833333333333335
0 0.8957142857142857 0.5595833333333333 0.08142857142857143 0.035833333333333335
0 0.9242857142857143 0.5620833333333334 0.08142857142857143 0.035833333333333335
0 0.9385714285714286 0.56125 0.08142857142857143 0.035833333333333335
