0 0.5375 0.5741666666666667 0.07357142857142857 0.035
0 0.5596428571428571 0.5633333333333334 0.07357142857142857 0.035
0 0.5860714285714286 0.5491666666666667 0.07357142857142857 0.035
0 0.6046428571428571 0.545 0.07357142857142857 0.035
0 0.6367857142857143 0.5333333333333333 0.07357142857142857 0.035
0 0.6825 0.5333333333333333 0.07357142857142857 0.035
0 0.7146428571428571 0.5408333333333334 0.07357142857142857 0.035
0 0.7417857142857143 0.5358333333333334 0.07357142857142857 0.035
0 0.7717857142857143 0.5308333333333334 0.07357142857142857 0.035
0 0.8032142857142857 0.52 0.07357142857142857 0.035
0 0.8296428571428571 0.5166666666666667 0.07357142857142857 0.035
0 0.8546428571428571 0.5183333333333333 0.07357142857142857 0.035
0 0.8803571428571428 0.5283333333333333 0.07357142857142857 0.035
0 0.9039285714285714 0.5341666666666667 0.07357142857142857 0.035
