0 0.3182142857142857 0.4108333333333334 0.07357142857142857 0.04
0 0.34035714285714286 0.4083333333333334 0.07357142857142857 0.04
0 0.3675 0.39916666666666667 0.07357142857142857 0.04
0 0.39535714285714285 0.3866666666666667 0.07357142857142857 0.04
0 0.43392857142857144 0.3775 0.07357142857142857 0.04
0 0.45535714285714285 0.3716666666666667 0.07357142857142857 0.04
0 0.48178571428571426 0.3666666666666667 0.07357142857142857 0.04
0 0.5139285714285714 0.35833333333333334 0.07357142857142857 0.04
0 0.5453571428571429 0.34833333333333333 0.07357142857142857 0.04
0 0.5825 0.35000000000000003 0.07357142857142857 0.04
0 0.6125 0.34833333333333333 0.07357142857142857 0.04
0 0.6596428571428572 0.3491666666666667 0.07357142857142857 0.04
0 0.6796428571428571 0.35000000000000003 0.07357142857142857 0.04
0 0.7082142857142857 0.36083333333333334 0.07357142857142857 0.04
