0 0.5464285714285714 0.35208333333333336 0.08 0.0475
0 0.5735714285714286 0.3454166666666667 0.08 0.0475
0 0.6078571428571429 0.34458333333333335 0.08 0.0475
0 0.6471428571428571 0.33958333333333335 0.08 0.0475
0 0.6807142857142857 0.34208333333333335 0.08 0.0475
0 0.7164285714285714 0.35125 0.08 0.0475
0 0.7435714285714285 0.33458333333333334 0.08 0.0475
0 0.77 0.32375000000000004 0.08 0.0475
0 0.8035714285714286 0.32458333333333333 0.08 0.0475
0 0.83 0.32958333333333334 0.08 0.0475
0 0.8671428571428571 0.33375000000000005 0.08 0.0475
0 0.9007142857142857 0.33958333333333335 0.08 0.0475
0 0.9364285714285714 0.3454166666666667 0.08 0.0475
