0 0.05357142857142857 0.3216666666666667 0.09 0.05166666666666667
0 0.08428571428571428 0.315 0.09 0.05166666666666667
0 0.12214285714285714 0.3166666666666667 0.09 0.05166666666666667
0 0.15571428571428572 0.3191666666666667 0.09 0.05166666666666667
0 0.18214285714285713 0.325 0.09 0.05166666666666667
0 0.21642857142857141 0.33416666666666667 0.09 0.05166666666666667
0 0.26857142857142857 0.3433333333333334 0.09 0.05166666666666667
0 0.30214285714285716 0.34500000000000003 0.09 0.05166666666666667
0 0.4007142857142857 0.3191666666666667 0.09 0.05166666666666667
0 0.43785714285714283 0.29083333333333333 0.09 0.05166666666666667
0 0.4785714285714286 0.26666666666666666 0.09 0.05166666666666667
0 0.5378571428571428 0.2675 0.09 0.05166666666666667
0 0.5778571428571428 0.2775 0.09 0.05166666666666667
0 0.6028571428571429 0.2816666666666667 0.09 0.05166666666666667
0 0.635 0.2833333333333333 0.09 0.05166666666666667
0 0.6864285714285714 0.30000000000000004 0.09 0.05166666666666667
0 0.7242857142857143 0.315 0.09 0.05166666666666667
0 0.7528571428571429 0.3166666666666667 0.09 0.05166666666666667
0 0.7828571428571428 0.3116666666666667 0.09 0.05166666666666667
0 0.815 0.30000000000000004 0.09 0.05166666666666667
0 0.8935714285714286 0.2775 0.09 0.05166666666666667
0 0.8735714285714286 0.28583333333333333 0.09 0.05166666666666667
