0 0.05857142857142857 0.3104166666666667 0.1 0.04416666666666667
0 0.09785714285714285 0.3179166666666667 0.1 0.04416666666666667
0 0.13214285714285715 0.3154166666666667 0.1 0.04416666666666667
0 0.15357142857142858 0.31375000000000003 0.1 0.04416666666666667
0 0.18857142857142858 0.30208333333333337 0.1 0.04416666666666667
0 0.225 0.2904166666666667 0.1 0.04416666666666667
0 0.26 0.29541666666666666 0.1 0.04416666666666667
0 0.28714285714285714 0.31125 0.1 0.04416666666666667
0 0.32785714285714285 0.3304166666666667 0.1 0.04416666666666667
0 0.36 0.34208333333333335 0.1 0.04416666666666667
0 0.4014285714285714 0.3579166666666667 0.1 0.04416666666666667
0 0.43142857142857144 0.37125 0.1 0.04416666666666667
0 0.5042857142857143 0.37875000000000003 0.1 0.04416666666666667
0 0.5478571428571428 0.3754166666666667 0.1 0.04416666666666667
0 0.5828571428571429 0.36125 0.1 0.04416666666666667
0 0.6264285714285714 0.36291666666666667 0.1 0.04416666666666667
0 0.66 0.36875 0.1 0.04416666666666667
0 0.6964285714285714 0.3829166666666667 0.1 0.04416666666666667
0 0.7414285714285714 0.3929166666666667 0.1 0.04416666666666667
0 0.8042857142857143 0.38875000000000004 0.1 0.04416666666666667
0 0.8414285714285714 0.38625000000000004 0.1 0.04416666666666667
0 0.8728571428571429 0.38625000000000004 0.1 0.04416666666666667
0 0.9171428571428571 0.3829166666666667 0.1 0.04416666666666667
0 0.9385714285714286 0.3754166666666667 0.1 0.04416666666666667
