0 0.054285714285714284 0.45875000000000005 0.07857142857142857 0.04416666666666667
0 0.07714285714285714 0.44625000000000004 0.07857142857142857 0.04416666666666667
0 0.09714285714285714 0.4370833333333334 0.07857142857142857 0.04416666666666667
0 0.12214285714285714 0.41958333333333336 0.07857142857142857 0.04416666666666667
0 0.14785714285714285 0.41208333333333336 0.07857142857142857 0.04416666666666667
0 0.18357142857142858 0.42125 0.07857142857142857 0.04416666666666667
0 0.20857142857142857 0.42125 0.07857142857142857 0.04416666666666667
0 0.24571428571428572 0.41958333333333336 0.07857142857142857 0.04416666666666667
0 0.3557142857142857 0.41875 0.07857142857142857 0.04416666666666667
0 0.3892857142857143 0.42208333333333337 0.07857142857142857 0.04416666666666667
0 0.6792857142857143 0.46208333333333335 0.07857142857142857 0.04416666666666667
0 0.7042857142857143 0.4629166666666667 0.07857142857142857 0.04416666666666667
0 0.7257142857142858 0.46208333333333335 0.07857142857142857 0.04416666666666667
0 0.7892857142857143 0.48958333333333337 0.07857142857142857 0.04416666666666667
0 0.8157142857142857 0.48958333333333337 0.07857142857142857 0.04416666666666667
0 0.84 0.4879166666666667 0.07857142857142857 0.04416666666666667
0 0.8592857142857143 0.48875 0.07857142857142857 0.04416666666666667
0 0.8914285714285715 0.4904166666666667 0.07857142857142857 0.04416666666666667
0 0.9228571428571428 0.4854166666666667 0.07857142857142857 0.04416666666666667
0 0.95 0.4804166666666667 0.07857142857142857 0.04416666666666667
