0 0.0525 0.47500000000000003 0.07785714285714286 0.04
0 0.07107142857142858 0.47500000000000003 0.07785714285714286 0.04
0 0.10607142857142857 0.4758333333333334 0.07785714285714286 0.04
0 0.1475 0.4733333333333334 0.07785714285714286 0.04
0 0.1725 0.4708333333333334 0.07785714285714286 0.04
0 0.19964285714285715 0.4675 0.07785714285714286 0.04
0 0.22107142857142856 0.4758333333333334 0.07785714285714286 0.04
0 0.24821428571428572 0.4666666666666667 0.07785714285714286 0.04
0 0.2825 0.465 0.07785714285714286 0.04
0 0.30107142857142855 0.4633333333333334 0.07785714285714286 0.04
0 0.3275 0.4591666666666667 0.07785714285714286 0.04
0 0.35678571428571426 0.4566666666666667 0.07785714285714286 0.04
0 0.38821428571428573 0.4608333333333334 0.07785714285714286 0.04
0 0.4232142857142857 0.4666666666666667 0.07785714285714286 0.04
0 0.4617857142857143 0.4608333333333334 0.07785714285714286 0.04
0 0.5039285714285714 0.45833333333333337 0.07785714285714286 0.04
0 0.5382142857142858 0.4608333333333334 0.07785714285714286 0.04
0 0.6410714285714286 0.47250000000000003 0.07785714285714286 0.04
0 0.6582142857142858 0.48000000000000004 0.07785714285714286 0.04
0 0.7596428571428572 0.49000000000000005 0.07785714285714286 0.04
0 0.8032142857142857 0.49583333333333335 0.07785714285714286 0.04
0 0.7810714285714285 0.4991666666666667 0.07785714285714286 0.04
0 0.8846428571428572 0.48333333333333334 0.07785714285714286 0.04
0 0.9025 0.49000000000000005 0.07785714285714286 0.04
0 0.9410714285714286 0.5 0.07785714285714286 0.04
