0 0.062142857142857146 0.48125 0.07428571428571429 0.03916666666666667
0 0.08928571428571429 0.4754166666666667 0.07428571428571429 0.03916666666666667
0 0.18928571428571428 0.4729166666666667 0.07428571428571429 0.03916666666666667
0 0.21857142857142858 0.47875 0.07428571428571429 0.03916666666666667
0 0.24 0.47958333333333336 0.07428571428571429 0.03916666666666667
0 0.2557142857142857 0.48375 0.07428571428571429 0.03916666666666667
0 0.27714285714285714 0.48958333333333337 0.07428571428571429 0.03916666666666667
0 0.30857142857142855 0.4879166666666667 0.07428571428571429 0.03916666666666667
0 0.3314285714285714 0.47875 0.07428571428571429 0.03916666666666667
0 0.5278571428571428 0.4529166666666667 0.07428571428571429 0.03916666666666667
0 0.5557142857142857 0.46208333333333335 0.07428571428571429 0.03916666666666667
