0 0.4282142857142857 0.48000000000000004 0.07071428571428572 0.03333333333333333
0 0.41964285714285715 0.48583333333333334 0.07071428571428572 0.03333333333333333
0 0.5903571428571428 0.5033333333333334 0.07071428571428572 0.03333333333333333
0 0.6082142857142857 0.5008333333333334 0.07071428571428572 0.03333333333333333
0 0.6353571428571428 0.5058333333333334 0.07071428571428572 0.03333333333333333
0 0.8389285714285715 0.4941666666666667 0.07071428571428572 0.03333333333333333
0 0.8189285714285715 0.49750000000000005 0.07071428571428572 0.03333333333333333
0 0.7575 0.5025000000000001 0.07071428571428572 0.03333333333333333
0 0.7717857142857143 0.4733333333333334 0.07071428571428572 0.03333333333333333
0 0.9017857142857143 0.5341666666666667 0.07071428571428572 0.03333333333333333
0 0.9275 0.5291666666666667 0.07071428571428572 0.03333333333333333
0 0.9525 0.5183333333333333 0.07071428571428572 0.03333333333333333
