0 0.04428571428571428 0.5270833333333333 0.07571428571428572 0.035833333333333335
0 0.07142857142857142 0.52875 0.07571428571428572 0.035833333333333335
0 0.095 0.52875 0.07571428571428572 0.035833333333333335
0 0.1407142857142857 0.5370833333333334 0.07571428571428572 0.035833333333333335
0 0.1757142857142857 0.5395833333333334 0.07571428571428572 0.035833333333333335
0 0.21285714285714286 0.5387500000000001 0.07571428571428572 0.035833333333333335
0 0.2542857142857143 0.5304166666666666 0.07571428571428572 0.035833333333333335
0 0.285 0.5295833333333334 0.07571428571428572 0.035833333333333335
0 0.32285714285714284 0.5295833333333334 0.07571428571428572 0.035833333333333335
0 0.36642857142857144 0.51625 0.07571428571428572 0.035833333333333335
0 0.4085714285714286 0.51625 0.07571428571428572 0.035833333333333335
0 0.43357142857142855 0.51375 0.07571428571428572 0.035833333333333335
0 0.4607142857142857 0.5129166666666667 0.07571428571428572 0.035833333333333335
0 0.4957142857142857 0.5120833333333333 0.07571428571428572 0.035833333333333335
0 0.5228571428571429 0.5070833333333333 0.07571428571428572 0.035833333333333335
0 0.56 0.5070833333333333 0.07571428571428572 0.035833333333333335
0 0.5985714285714285 0.50875 0.07571428571428572 0.035833333333333335
0 0.63 0.5004166666666667 0.07571428571428572 0.035833333333333335
0 0.6785714285714286 0.48625 0.07571428571428572 0.035833333333333335
0 0.7171428571428572 0.4929166666666667 0.07571428571428572 0.035833333333333335
0 0.7542857142857143 0.5045833333333334 0.07571428571428572 0.035833333333333335
0 0.78 0.4995833333333334 0.07571428571428572 0.035833333333333335
0 0.8142857142857143 0.51125 0.07571428571428572 0.035833333333333335
0 0.8592857142857143 0.4679166666666667 0.07571428571428572 0.035833333333333335
0 0.8914285714285715 0.46125000000000005 0.07571428571428572 0.035833333333333335
0 0.91 0.4445833333333334 0.07571428571428572 0.035833333333333335
0 0.9378571428571428 0.4254166666666667 0.07571428571428572 0.035833333333333335
