0 0.04107142857142857 0.44625000000000004 0.060714285714285714 0.03416666666666667
0 0.06892857142857142 0.4420833333333334 0.060714285714285714 0.03416666666666667
0 0.08964285714285715 0.4295833333333334 0.060714285714285714 0.03416666666666667
0 0.11678571428571428 0.41375 0.060714285714285714 0.03416666666666667
0 0.15392857142857141 0.40375000000000005 0.060714285714285714 0.03416666666666667
0 0.2725 0.40125000000000005 0.060714285714285714 0.03416666666666667
0 0.3025 0.41208333333333336 0.060714285714285714 0.03416666666666667
0 0.3289285714285714 0.4229166666666667 0.060714285714285714 0.03416666666666667
0 0.3632142857142857 0.42791666666666667 0.060714285714285714 0.03416666666666667
0 0.3917857142857143 0.4354166666666667 0.060714285714285714 0.03416666666666667
0 0.3796428571428571 0.4854166666666667 0.060714285714285714 0.03416666666666667
0 0.4089285714285714 0.48125 0.060714285714285714 0.03416666666666667
0 0.4432142857142857 0.48125 0.060714285714285714 0.03416666666666667
0 0.47964285714285715 0.48208333333333336 0.060714285714285714 0.03416666666666667
0 0.5196428571428572 0.4854166666666667 0.060714285714285714 0.03416666666666667
0 0.5539285714285714 0.47958333333333336 0.060714285714285714 0.03416666666666667
0 0.5853571428571429 0.47958333333333336 0.060714285714285714 0.03416666666666667
0 0.6296428571428572 0.4804166666666667 0.060714285714285714 0.03416666666666667
0 0.6667857142857143 0.48208333333333336 0.060714285714285714 0.03416666666666667
0 0.6996428571428571 0.48125 0.060714285714285714 0.03416666666666667
0 0.7403571428571428 0.48375 0.060714285714285714 0.03416666666666667
0 0.8017857142857143 0.48875 0.060714285714285714 0.03416666666666667
0 0.8517857142857143 0.49625 0.060714285714285714 0.03416666666666667
0 0.8867857142857143 0.4804166666666667 0.060714285714285714 0.03416666666666667
0 0.9246428571428571 0.4804166666666667 0.060714285714285714 0.03416666666666667
0 0.9567857142857142 0.4804166666666667 0.060714285714285714 0.03416666666666667
