0 0.04428571428571428 0.6204166666666667 0.07571428571428572 0.04083333333333333
0 0.07714285714285714 0.6212500000000001 0.07571428571428572 0.04083333333333333
0 0.10714285714285714 0.6204166666666667 0.07571428571428572 0.04083333333333333
0 0.14142857142857143 0.6179166666666667 0.07571428571428572 0.04083333333333333
0 0.18214285714285713 0.6179166666666667 0.07571428571428572 0.04083333333333333
0 0.21714285714285714 0.6204166666666667 0.07571428571428572 0.04083333333333333
0 0.2764285714285714 0.6529166666666667 0.07571428571428572 0.04083333333333333
0 0.31857142857142856 0.65125 0.07571428571428572 0.04083333333333333
0 0.34285714285714286 0.65125 0.07571428571428572 0.04083333333333333
0 0.38642857142857145 0.6470833333333333 0.07571428571428572 0.04083333333333333
0 0.425 0.6504166666666668 0.07571428571428572 0.04083333333333333
0 0.46285714285714286 0.6495833333333334 0.07571428571428572 0.04083333333333333
0 0.5121428571428571 0.66125 0.07571428571428572 0.04083333333333333
0 0.5464285714285714 0.6620833333333334 0.07571428571428572 0.04083333333333333
0 0.5757142857142857 0.6695833333333334 0.07571428571428572 0.04083333333333333
0 0.6135714285714285 0.6645833333333334 0.07571428571428572 0.04083333333333333
0 0.6407142857142857 0.6729166666666667 0.07571428571428572 0.04083333333333333
0 0.6735714285714286 0.6854166666666667 0.07571428571428572 0.04083333333333333
0 0.7042857142857143 0.6987500000000001 0.07571428571428572 0.04083333333333333
0 0.7457142857142857 0.6954166666666667 0.07571428571428572 0.04083333333333333
0 0.7692857142857142 0.71125 0.07571428571428572 0.04083333333333333
