0 0.04321428571428571 0.46708333333333335 0.07642857142857143 0.037500000000000006
0 0.06392857142857143 0.47875 0.07642857142857143 0.037500000000000006
0 0.09607142857142857 0.48458333333333337 0.07642857142857143 0.037500000000000006
0 0.13035714285714287 0.4779166666666667 0.07642857142857143 0.037500000000000006
0 0.16178571428571428 0.47208333333333335 0.07642857142857143 0.037500000000000006
0 0.18892857142857142 0.4679166666666667 0.07642857142857143 0.037500000000000006
0 0.2732142857142857 0.45875000000000005 0.07642857142857143 0.037500000000000006
0 0.30107142857142855 0.46125000000000005 0.07642857142857143 0.037500000000000006
0 0.33035714285714285 0.46958333333333335 0.07642857142857143 0.037500000000000006
0 0.3539285714285714 0.4804166666666667 0.07642857142857143 0.037500000000000006
0 0.39035714285714285 0.48958333333333337 0.07642857142857143 0.037500000000000006
0 0.4225 0.4995833333333334 0.07642857142857143 0.037500000000000006
0 0.4546428571428571 0.5145833333333334 0.07642857142857143 0.037500000000000006
0 0.5010714285714286 0.5145833333333334 0.07642857142857143 0.037500000000000006
0 0.5453571428571429 0.5304166666666666 0.07642857142857143 0.037500000000000006
0 0.5653571428571429 0.5487500000000001 0.07642857142857143 0.037500000000000006
0 0.6025 0.5537500000000001 0.07642857142857143 0.037500000000000006
0 0.6246428571428572 0.57625 0.07642857142857143 0.037500000000000006
0 0.6932142857142857 0.6295833333333334 0.06928571428571428 0.04083333333333333
