0 0.047142857142857146 0.5445833333333334 0.08285714285714285 0.04416666666666667
0 0.06785714285714285 0.5445833333333334 0.08285714285714285 0.04416666666666667
0 0.10857142857142857 0.5454166666666667 0.08285714285714285 0.04416666666666667
0 0.14285714285714285 0.5520833333333334 0.08285714285714285 0.04416666666666667
0 0.17857142857142858 0.5495833333333334 0.08285714285714285 0.04416666666666667
0 0.21714285714285714 0.5654166666666667 0.08285714285714285 0.04416666666666667
0 0.26071428571428573 0.5745833333333333 0.08285714285714285 0.04416666666666667
0 0.3007142857142857 0.5795833333333333 0.08285714285714285 0.04416666666666667
0 0.40214285714285714 0.5795833333333333 0.08285714285714285 0.04416666666666667
0 0.42642857142857143 0.58125 0.08285714285714285 0.04416666666666667
0 0.45571428571428574 0.58625 0.08285714285714285 0.04416666666666667
0 0.4835714285714286 0.5895833333333333 0.08285714285714285 0.04416666666666667
0 0.5078571428571429 0.5895833333333333 0.08285714285714285 0.04416666666666667
0 0.5428571428571428 0.5854166666666667 0.08285714285714285 0.04416666666666667
0 0.5907142857142857 0.58625 0.08285714285714285 0.04416666666666667
0 0.6278571428571429 0.59875 0.08285714285714285 0.04416666666666667
0 0.6678571428571428 0.6045833333333334 0.08285714285714285 0.04416666666666667
0 0.6992857142857143 0.6162500000000001 0.08285714285714285 0.04416666666666667
0 0.7357142857142858 0.6262500000000001 0.08285714285714285 0.04416666666666667
