0 0.07071428571428572 0.5387500000000001 0.08 0.037500000000000006
0 0.10928571428571429 0.52875 0.08 0.037500000000000006
0 0.15642857142857142 0.52625 0.08 0.037500000000000006
0 0.19428571428571428 0.5295833333333334 0.08 0.037500000000000006
0 0.24428571428571427 0.5454166666666667 0.08 0.037500000000000006
0 0.09214285714285714 0.6204166666666667 0.08 0.037500000000000006
0 0.13 0.61875 0.08 0.037500000000000006
0 0.15857142857142856 0.60875 0.08 0.037500000000000006
0 0.21 0.61375 0.08 0.037500000000000006
0 0.25785714285714284 0.6045833333333334 0.08 0.037500000000000006
0 0.3142857142857143 0.5904166666666667 0.08 0.037500000000000006
0 0.3585714285714286 0.5979166666666667 0.08 0.037500000000000006
0 0.37 0.5495833333333334 0.08 0.037500000000000006
0 0.41928571428571426 0.5437500000000001 0.08 0.037500000000000006
0 0.4785714285714286 0.5579166666666667 0.08 0.037500000000000006
0 0.5021428571428571 0.5720833333333334 0.08 0.037500000000000006
0 0.5364285714285715 0.5695833333333333 0.08 0.037500000000000006
0 0.4057142857142857 0.6104166666666667 0.08 0.037500000000000006
0 0.4514285714285714 0.60875 0.08 0.037500000000000006
0 0.6 0.57875 0.08 0.037500000000000006
0 0.6385714285714286 0.57875 0.08 0.037500000000000006
0 0.6828571428571428 0.58125 0.08 0.037500000000000006
0 0.7285714285714285 0.58375 0.08 0.037500000000000006
0 0.7657142857142857 0.58125 0.08 0.037500000000000006
0 0.7964285714285714 0.57375 0.08 0.037500000000000006
0 0.8385714285714285 0.5754166666666667 0.08 0.037500000000000006
0 0.8735714285714286 0.5720833333333334 0.08 0.037500000000000006
0 0.9185714285714286 0.5720833333333334 0.08 0.037500000000000006
