0 0.10571428571428572 0.64125 0.08571428571428572 0.03916666666666667
0 0.14214285714285715 0.6320833333333333 0.08571428571428572 0.03916666666666667
0 0.18071428571428572 0.62375 0.08571428571428572 0.03916666666666667
0 0.22071428571428572 0.6262500000000001 0.08571428571428572 0.03916666666666667
0 0.2692857142857143 0.6329166666666667 0.08571428571428572 0.03916666666666667
0 0.7535714285714286 0.58125 0.08571428571428572 0.03916666666666667
0 0.8035714285714286 0.5729166666666667 0.08571428571428572 0.03916666666666667
0 0.8285714285714286 0.5479166666666667 0.08571428571428572 0.03916666666666667
0 0.875 0.5487500000000001 0.08571428571428572 0.03916666666666667
0 0.91 0.5504166666666667 0.08571428571428572 0.03916666666666667
0 0.9428571428571428 0.5604166666666667 0.08571428571428572 0.03916666666666667
0 0.8764285714285714 0.64375 0.08571428571428572 0.03916666666666667
0 0.9057142857142857 0.6370833333333333 0.08571428571428572 0.03916666666666667
0 0.9392857142857143 0.6329166666666667 0.08571428571428572 0.03916666666666667
