0 0.04357142857142857 0.40958333333333335 0.06857142857142857 0.037500000000000006
0 0.06 0.41958333333333336 0.06857142857142857 0.037500000000000006
0 0.09214285714285714 0.4204166666666667 0.06857142857142857 0.037500000000000006
0 0.11928571428571429 0.42208333333333337 0.06857142857142857 0.037500000000000006
0 0.14785714285714285 0.41458333333333336 0.06857142857142857 0.037500000000000006
0 0.21214285714285713 0.43041666666666667 0.06857142857142857 0.037500000000000006
0 0.24785714285714286 0.4420833333333334 0.06857142857142857 0.037500000000000006
0 0.2842857142857143 0.44875000000000004 0.06857142857142857 0.037500000000000006
0 0.32857142857142857 0.4504166666666667 0.06857142857142857 0.037500000000000006
0 0.35928571428571426 0.44625000000000004 0.06857142857142857 0.037500000000000006
0 0.3964285714285714 0.4445833333333334 0.06857142857142857 0.037500000000000006
0 0.44 0.44875000000000004 0.06857142857142857 0.037500000000000006
0 0.4835714285714286 0.4504166666666667 0.06857142857142857 0.037500000000000006
0 0.5257142857142857 0.45625000000000004 0.06857142857142857 0.037500000000000006
0 0.565 0.45625000000000004 0.06857142857142857 0.037500000000000006
0 0.6178571428571429 0.4629166666666667 0.06857142857142857 0.037500000000000006
0 0.655 0.47125000000000006 0.06857142857142857 0.037500000000000006
0 0.6871428571428572 0.47625 0.06857142857142857 0.037500000000000006
0 0.7335714285714285 0.48458333333333337 0.06857142857142857 0.037500000000000006
0 0.775 0.48125 0.06857142857142857 0.037500000000000006
0 0.8135714285714286 0.47208333333333335 0.06857142857142857 0.037500000000000006
0 0.8542857142857143 0.46208333333333335 0.06857142857142857 0.037500000000000006
0 0.8964285714285715 0.4504166666666667 0.06857142857142857 0.037500000000000006
