0 0.15071428571428572 0.4141666666666667 0.07857142857142857 0.045000000000000005
0 0.19285714285714287 0.41000000000000003 0.07857142857142857 0.045000000000000005
0 0.21928571428571428 0.405 0.07857142857142857 0.045000000000000005
0 0.2757142857142857 0.39333333333333337 0.07857142857142857 0.045000000000000005
0 0.31142857142857144 0.3925 0.07857142857142857 0.045000000000000005
0 0.35428571428571426 0.39666666666666667 0.07857142857142857 0.045000000000000005
0 0.3964285714285714 0.4141666666666667 0.07857142857142857 0.045000000000000005
0 0.43785714285714283 0.42333333333333334 0.07857142857142857 0.045000000000000005
0 0.475 0.42833333333333334 0.07857142857142857 0.045000000000000005
0 0.5092857142857142 0.42583333333333334 0.07857142857142857 0.045000000000000005
0 0.5414285714285715 0.4366666666666667 0.07857142857142857 0.045000000000000005
0 0.5685714285714286 0.4391666666666667 0.07857142857142857 0.045000000000000005
0 0.6121428571428571 0.44333333333333336 0.07857142857142857 0.045000000000000005
0 0.6471428571428571 0.42583333333333334 0.07857142857142857 0.045000000000000005
0 0.7064285714285714 0.42583333333333334 0.07857142857142857 0.045000000000000005
0 0.75 0.43250000000000005 0.07857142857142857 0.045000000000000005
0 0.7885714285714286 0.4391666666666667 0.07857142857142857 0.045000000000000005
0 0.8285714285714286 0.4366666666666667 0.07857142857142857 0.045000000000000005
0 0.8778571428571429 0.4366666666666667 0.07857142857142857 0.045000000000000005
0 0.9228571428571428 0.44833333333333336 0.07857142857142857 0.045000000000000005
0 0.9464285714285714 0.47250000000000003 0.07857142857142857 0.045000000000000005
