0 0.047142857142857146 0.4716666666666667 0.06857142857142857 0.035
0 0.07642857142857143 0.4633333333333334 0.06857142857142857 0.035
0 0.20857142857142857 0.4816666666666667 0.06857142857142857 0.035
0 0.23714285714285716 0.4816666666666667 0.06857142857142857 0.035
0 0.2742857142857143 0.4783333333333334 0.06857142857142857 0.035
0 0.30642857142857144 0.4666666666666667 0.06857142857142857 0.035
0 0.345 0.4575 0.06857142857142857 0.035
0 0.3871428571428571 0.4666666666666667 0.06857142857142857 0.035
0 0.4114285714285714 0.4633333333333334 0.06857142857142857 0.035
0 0.44285714285714284 0.4566666666666667 0.06857142857142857 0.035
0 0.475 0.4541666666666667 0.06857142857142857 0.035
0 0.5078571428571429 0.4658333333333334 0.06857142857142857 0.035
0 0.5542857142857143 0.46 0.06857142857142857 0.035
0 0.5835714285714285 0.4683333333333334 0.06857142857142857 0.035
0 0.6378571428571429 0.4941666666666667 0.06857142857142857 0.035
0 0.6728571428571428 0.4966666666666667 0.06857142857142857 0.035
0 0.7242857142857143 0.48000000000000004 0.06857142857142857 0.035
0 0.7635714285714286 0.4741666666666667 0.06857142857142857 0.035
0 0.7942857142857143 0.4658333333333334 0.06857142857142857 0.035
0 0.8285714285714286 0.4666666666666667 0.06857142857142857 0.035
0 0.8714285714285714 0.4566666666666667 0.06857142857142857 0.035
0 0.9157142857142857 0.45833333333333337 0.06857142857142857 0.035
