0 0.04071428571428572 0.44583333333333336 0.07142857142857142 0.04
0 0.07928571428571428 0.4441666666666667 0.07142857142857142 0.04
0 0.095 0.45 0.07142857142857142 0.04
0 0.20285714285714285 0.4691666666666667 0.07142857142857142 0.04
0 0.23285714285714285 0.47750000000000004 0.07142857142857142 0.04
0 0.2935714285714286 0.49333333333333335 0.07142857142857142 0.04
0 0.335 0.4991666666666667 0.07142857142857142 0.04
0 0.3742857142857143 0.5008333333333334 0.07142857142857142 0.04
0 0.4228571428571429 0.5025000000000001 0.07142857142857142 0.04
0 0.46785714285714286 0.4891666666666667 0.07142857142857142 0.04
0 0.52 0.4758333333333334 0.07142857142857142 0.04
0 0.5507142857142857 0.47000000000000003 0.07142857142857142 0.04
0 0.5892857142857143 0.4575 0.07142857142857142 0.04
0 0.63 0.43500000000000005 0.07142857142857142 0.04
0 0.6828571428571428 0.4191666666666667 0.07142857142857142 0.04
0 0.7271428571428571 0.42750000000000005 0.07142857142857142 0.04
0 0.7685714285714286 0.4466666666666667 0.07142857142857142 0.04
0 0.8442857142857143 0.4666666666666667 0.07142857142857142 0.04
0 0.81 0.4691666666666667 0.07142857142857142 0.04
0 0.955 0.4666666666666667 0.07142857142857142 0.04
