0 0.05 0.41583333333333333 0.07857142857142857 0.043333333333333335
0 0.085 0.43250000000000005 0.07857142857142857 0.043333333333333335
0 0.10928571428571429 0.45083333333333336 0.07857142857142857 0.043333333333333335
0 0.2835714285714286 0.44583333333333336 0.07857142857142857 0.043333333333333335
0 0.3092857142857143 0.4441666666666667 0.07857142857142857 0.043333333333333335
0 0.34 0.44333333333333336 0.07857142857142857 0.043333333333333335
0 0.37785714285714284 0.4516666666666667 0.07857142857142857 0.043333333333333335
0 0.4085714285714286 0.4575 0.07857142857142857 0.043333333333333335
0 0.44642857142857145 0.4608333333333334 0.07857142857142857 0.043333333333333335
0 0.6528571428571428 0.4841666666666667 0.07857142857142857 0.043333333333333335
