0 0.18857142857142858 0.5058333333333334 0.08857142857142856 0.04166666666666667
0 0.20785714285714285 0.5 0.08857142857142856 0.04166666666666667
0 0.24071428571428571 0.49250000000000005 0.08857142857142856 0.04166666666666667
0 0.2807142857142857 0.4841666666666667 0.08857142857142856 0.04166666666666667
0 0.30357142857142855 0.4783333333333334 0.08857142857142856 0.04166666666666667
0 0.3364285714285714 0.47500000000000003 0.08857142857142856 0.04166666666666667
0 0.37714285714285717 0.47000000000000003 0.08857142857142856 0.04166666666666667
0 0.4057142857142857 0.4766666666666667 0.08857142857142856 0.04166666666666667
0 0.4392857142857143 0.4866666666666667 0.08857142857142856 0.04166666666666667
0 0.4828571428571429 0.49833333333333335 0.08857142857142856 0.04166666666666667
0 0.525 0.5075000000000001 0.08857142857142856 0.04166666666666667
0 0.5642857142857143 0.5166666666666667 0.08857142857142856 0.04166666666666667
0 0.6007142857142858 0.5166666666666667 0.08857142857142856 0.04166666666666667
0 0.6414285714285715 0.5116666666666667 0.08857142857142856 0.04166666666666667
0 0.69 0.5008333333333334 0.08857142857142856 0.04166666666666667
0 0.7521428571428571 0.5058333333333334 0.08857142857142856 0.04166666666666667
0 0.8021428571428572 0.5208333333333334 0.08857142857142856 0.04166666666666667
0 0.8507142857142858 0.5191666666666667 0.08857142857142856 0.04166666666666667
0 0.8928571428571429 0.5141666666666667 0.08857142857142856 0.04166666666666667
0 0.92 0.5075000000000001 0.08857142857142856 0.04166666666666667
