0 0.047857142857142855 0.49833333333333335 0.07428571428571429 0.03666666666666667
0 0.04285714285714286 0.51 0.07428571428571429 0.03666666666666667
0 0.10857142857142857 0.4991666666666667 0.07428571428571429 0.03666666666666667
0 0.1492857142857143 0.49083333333333334 0.07428571428571429 0.03666666666666667
0 0.17642857142857143 0.48500000000000004 0.07428571428571429 0.03666666666666667
0 0.21285714285714286 0.4716666666666667 0.07428571428571429 0.03666666666666667
0 0.24428571428571427 0.4575 0.07428571428571429 0.03666666666666667
0 0.2885714285714286 0.4491666666666667 0.07428571428571429 0.03666666666666667
0 0.31857142857142856 0.4575 0.07428571428571429 0.03666666666666667
0 0.3657142857142857 0.46416666666666667 0.07428571428571429 0.03666666666666667
0 0.40714285714285714 0.4783333333333334 0.07428571428571429 0.03666666666666667
0 0.44857142857142857 0.48333333333333334 0.07428571428571429 0.03666666666666667
0 0.48428571428571426 0.48333333333333334 0.07428571428571429 0.03666666666666667
0 0.5642857142857143 0.4691666666666667 0.07428571428571429 0.03666666666666667
0 0.5871428571428572 0.46166666666666667 0.07428571428571429 0.03666666666666667
0 0.6321428571428571 0.4541666666666667 0.07428571428571429 0.03666666666666667
0 0.6685714285714286 0.45 0.07428571428571429 0.03666666666666667
0 0.7042857142857143 0.4491666666666667 0.07428571428571429 0.03666666666666667
0 0.7457142857142857 0.4475 0.07428571428571429 0.03666666666666667
0 0.7707142857142857 0.4525 0.07428571428571429 0.03666666666666667
0 0.795 0.46166666666666667 0.07428571428571429 0.03666666666666667
0 0.8342857142857143 0.4683333333333334 0.07428571428571429 0.03666666666666667
0 0.8664285714285714 0.4683333333333334 0.07428571428571429 0.03666666666666667
0 0.8978571428571429 0.4708333333333334 0.07428571428571429 0.03666666666666667
0 0.9235714285714286 0.47750000000000004 0.07428571428571429 0.03666666666666667
0 0.9485714285714286 0.4816666666666667 0.07428571428571429 0.03666666666666667
