0 0.05285714285714286 0.63 0.08857142857142856 0.04
0 0.08285714285714285 0.6425000000000001 0.08857142857142856 0.04
0 0.11285714285714285 0.6383333333333334 0.08857142857142856 0.04
0 0.145 0.6266666666666667 0.08857142857142856 0.04
0 0.20357142857142857 0.6116666666666667 0.08857142857142856 0.04
0 0.2307142857142857 0.63 0.08857142857142856 0.04
0 0.26071428571428573 0.6466666666666667 0.08857142857142856 0.04
0 0.3028571428571429 0.655 0.08857142857142856 0.04
0 0.34214285714285714 0.6541666666666667 0.08857142857142856 0.04
0 0.38357142857142856 0.6441666666666667 0.08857142857142856 0.04
0 0.42142857142857143 0.6375000000000001 0.08857142857142856 0.04
0 0.4585714285714286 0.6375000000000001 0.08857142857142856 0.04
0 0.49714285714285716 0.6341666666666667 0.08857142857142856 0.04
0 0.5442857142857143 0.6108333333333333 0.08857142857142856 0.04
0 0.5835714285714285 0.5950000000000001 0.08857142857142856 0.04
0 0.6335714285714286 0.5933333333333334 0.08857142857142856 0.04
0 0.6757142857142857 0.6075 0.08857142857142856 0.04
0 0.7128571428571429 0.6216666666666667 0.08857142857142856 0.04
0 0.7485714285714286 0.63 0.08857142857142856 0.04
0 0.7957142857142857 0.6375000000000001 0.08857142857142856 0.04
0 0.8578571428571429 0.6391666666666667 0.08857142857142856 0.04
0 0.9 0.6483333333333334 0.08857142857142856 0.04
0 0.9392857142857143 0.6425000000000001 0.08857142857142856 0.04
