0 0.041428571428571426 0.44083333333333335 0.07 0.03166666666666667
0 0.06357142857142857 0.4366666666666667 0.07 0.03166666666666667
0 0.10214285714285715 0.4491666666666667 0.07 0.03166666666666667
0 0.1457142857142857 0.4525 0.07 0.03166666666666667
0 0.19142857142857142 0.455 0.07 0.03166666666666667
0 0.23357142857142857 0.4625 0.07 0.03166666666666667
0 0.2735714285714286 0.4675 0.07 0.03166666666666667
0 0.3157142857142857 0.46416666666666667 0.07 0.03166666666666667
0 0.3557142857142857 0.45583333333333337 0.07 0.03166666666666667
0 0.3985714285714286 0.45083333333333336 0.07 0.03166666666666667
0 0.45785714285714285 0.44583333333333336 0.07 0.03166666666666667
0 0.5007142857142857 0.44 0.07 0.03166666666666667
0 0.5378571428571428 0.43500000000000005 0.07 0.03166666666666667
0 0.5771428571428572 0.42250000000000004 0.07 0.03166666666666667
0 0.6142857142857143 0.42833333333333334 0.07 0.03166666666666667
0 0.6757142857142857 0.43750000000000006 0.07 0.03166666666666667
0 0.7542857142857143 0.43000000000000005 0.07 0.03166666666666667
0 0.7 0.4083333333333334 0.07 0.03166666666666667
0 0.7407142857142857 0.4008333333333334 0.07 0.03166666666666667
0 0.7985714285714286 0.41000000000000003 0.07 0.03166666666666667
