0 0.09178571428571429 0.55 0.08214285714285714 0.03666666666666667
0 0.11892857142857143 0.5441666666666667 0.08214285714285714 0.03666666666666667
0 0.15178571428571427 0.5358333333333334 0.08214285714285714 0.03666666666666667
0 0.18107142857142858 0.5391666666666667 0.08214285714285714 0.03666666666666667
0 0.32107142857142856 0.545 0.08214285714285714 0.03666666666666667
0 0.3982142857142857 0.5533333333333333 0.08214285714285714 0.03666666666666667
0 0.35464285714285715 0.5466666666666667 0.08214285714285714 0.03666666666666667
0 0.43607142857142855 0.555 0.08214285714285714 0.03666666666666667
0 0.5167857142857143 0.5458333333333334 0.08214285714285714 0.03666666666666667
0 0.5546428571428571 0.525 0.08214285714285714 0.03666666666666667
0 0.5389285714285714 0.5483333333333333 0.08214285714285714 0.03666666666666667
0 0.6189285714285714 0.5316666666666667 0.08214285714285714 0.03666666666666667
0 0.6539285714285714 0.5266666666666667 0.08214285714285714 0.03666666666666667
0 0.7046428571428571 0.5283333333333333 0.08214285714285714 0.03666666666666667
0 0.7753571428571429 0.5166666666666667 0.08214285714285714 0.03666666666666667
0 0.8539285714285715 0.5341666666666667 0.08214285714285714 0.03666666666666667
0 0.8839285714285714 0.5341666666666667 0.08214285714285714 0.03666666666666667
0 0.9139285714285714 0.53 0.08214285714285714 0.03666666666666667
