0 0.0575 0.52625 0.08785714285714286 0.03416666666666667
0 0.08107142857142857 0.52125 0.08785714285714286 0.03416666666666667
0 0.11892857142857143 0.5304166666666666 0.08785714285714286 0.03416666666666667
0 0.23964285714285713 0.55625 0.08785714285714286 0.03416666666666667
0 0.26535714285714285 0.5504166666666667 0.08785714285714286 0.03416666666666667
0 0.5932142857142857 0.49125 0.08785714285714286 0.03416666666666667
0 0.7125 0.4879166666666667 0.08785714285714286 0.03416666666666667
0 0.7467857142857143 0.48375 0.08785714285714286 0.03416666666666667
0 0.7775 0.4854166666666667 0.08785714285714286 0.03416666666666667
0 0.8075 0.49375 0.08785714285714286 0.03416666666666667
0 0.9153571428571429 0.51375 0.08785714285714286 0.03416666666666667
