0 0.0475 0.47208333333333335 0.07928571428571428 0.03416666666666667
0 0.08178571428571428 0.47708333333333336 0.07928571428571428 0.03416666666666667
0 0.10607142857142857 0.47958333333333336 0.07928571428571428 0.03416666666666667
0 0.2082142857142857 0.5020833333333333 0.07928571428571428 0.03416666666666667
0 0.2375 0.49375 0.07928571428571428 0.03416666666666667
0 0.31892857142857145 0.47625 0.07928571428571428 0.03416666666666667
0 0.3532142857142857 0.4804166666666667 0.07928571428571428 0.03416666666666667
0 0.3939285714285714 0.49375 0.07928571428571428 0.03416666666666667
0 0.4575 0.5095833333333334 0.07928571428571428 0.03416666666666667
0 0.5696428571428571 0.5004166666666667 0.07928571428571428 0.03416666666666667
0 0.5939285714285715 0.4995833333333334 0.07928571428571428 0.03416666666666667
0 0.6360714285714286 0.4970833333333334 0.07928571428571428 0.03416666666666667
0 0.6625 0.5070833333333333 0.07928571428571428 0.03416666666666667
