0 0.09642857142857143 0.505 0.09857142857142857 0.043333333333333335
0 0.135 0.5033333333333334 0.09857142857142857 0.043333333333333335
0 0.17714285714285713 0.5116666666666667 0.09857142857142857 0.043333333333333335
0 0.2292857142857143 0.5116666666666667 0.09857142857142857 0.043333333333333335
0 0.275 0.5116666666666667 0.09857142857142857 0.043333333333333335
0 0.3271428571428571 0.5016666666666667 0.09857142857142857 0.043333333333333335
0 0.36857142857142855 0.5016666666666667 0.09857142857142857 0.043333333333333335
0 0.4035714285714286 0.51 0.09857142857142857 0.043333333333333335
0 0.4564285714285714 0.5325000000000001 0.09857142857142857 0.043333333333333335
0 0.49857142857142855 0.5416666666666667 0.09857142857142857 0.043333333333333335
0 0.8607142857142858 0.5308333333333334 0.09857142857142857 0.043333333333333335
0 0.8964285714285715 0.5233333333333333 0.09857142857142857 0.043333333333333335
0 0.9328571428571428 0.5325000000000001 0.09857142857142857 0.043333333333333335
