0 0.06821428571428571 0.5125000000000001 0.09214285714285714 0.03833333333333334
0 0.09821428571428571 0.5141666666666667 0.09214285714285714 0.03833333333333334
0 0.12321428571428572 0.52 0.09214285714285714 0.03833333333333334
0 0.1625 0.5308333333333334 0.09214285714285714 0.03833333333333334
0 0.19392857142857142 0.5308333333333334 0.09214285714285714 0.03833333333333334
0 0.39321428571428574 0.555 0.09214285714285714 0.03833333333333334
0 0.42392857142857143 0.5466666666666667 0.09214285714285714 0.03833333333333334
0 0.4589285714285714 0.5441666666666667 0.09214285714285714 0.03833333333333334
0 0.7753571428571429 0.5304166666666666 0.07642857142857143 0.04416666666666667
0 0.8025 0.5304166666666666 0.07642857142857143 0.04416666666666667
0 0.8425 0.5279166666666667 0.07642857142857143 0.04416666666666667
0 0.8717857142857143 0.5320833333333334 0.07642857142857143 0.04416666666666667
0 0.9546428571428571 0.5487500000000001 0.07642857142857143 0.04416666666666667
