0 0.046785714285714285 0.5241666666666667 0.07071428571428572 0.04166666666666667
0 0.06607142857142857 0.5216666666666667 0.07071428571428572 0.04166666666666667
0 0.10535714285714286 0.5116666666666667 0.07071428571428572 0.04166666666666667
0 0.13964285714285715 0.5116666666666667 0.07071428571428572 0.04166666666666667
0 0.16392857142857142 0.5125000000000001 0.07071428571428572 0.04166666666666667
0 0.2575 0.5375000000000001 0.07071428571428572 0.04166666666666667
0 0.2932142857142857 0.5258333333333334 0.07071428571428572 0.04166666666666667
0 0.31535714285714284 0.5258333333333334 0.07071428571428572 0.04166666666666667
0 0.4225 0.5166666666666667 0.07071428571428572 0.04166666666666667
0 0.4446428571428571 0.5316666666666667 0.07071428571428572 0.04166666666666667
0 0.4682142857142857 0.5308333333333334 0.07071428571428572 0.04166666666666667
0 0.4975 0.5366666666666667 0.07071428571428572 0.04166666666666667
0 0.6353571428571428 0.5650000000000001 0.07071428571428572 0.04166666666666667
