0 0.3439285714285714 0.4166666666666667 0.09642857142857143 0.04
0 0.3682142857142857 0.4133333333333334 0.09642857142857143 0.04
0 0.41035714285714286 0.4216666666666667 0.09642857142857143 0.04
0 0.44892857142857145 0.43833333333333335 0.09642857142857143 0.04
0 0.49107142857142855 0.44583333333333336 0.09642857142857143 0.04
0 0.6110714285714286 0.455 0.09642857142857143 0.04
0 0.5482142857142858 0.44333333333333336 0.09642857142857143 0.04
0 0.6360714285714286 0.46416666666666667 0.09642857142857143 0.04
0 0.6803571428571429 0.47500000000000003 0.09642857142857143 0.04
0 0.8075 0.5025000000000001 0.09642857142857143 0.04
