0 0.14642857142857144 0.7029166666666667 0.08857142857142856 0.0475
0 0.18357142857142858 0.6920833333333334 0.08857142857142856 0.0475
0 0.22214285714285714 0.68625 0.08857142857142856 0.0475
0 0.25285714285714284 0.6779166666666667 0.08857142857142856 0.0475
0 0.28785714285714287 0.6687500000000001 0.08857142857142856 0.0475
0 0.335 0.6554166666666668 0.08857142857142856 0.0475
0 0.37857142857142856 0.6654166666666667 0.08857142857142856 0.0475
0 0.4142857142857143 0.6545833333333334 0.08857142857142856 0.0475
0 0.45071428571428573 0.6479166666666667 0.08857142857142856 0.0475
0 0.4928571428571429 0.6304166666666667 0.08857142857142856 0.0475
0 0.5385714285714286 0.6179166666666667 0.08857142857142856 0.0475
0 0.5778571428571428 0.6154166666666667 0.08857142857142856 0.0475
0 0.6235714285714286 0.6129166666666667 0.08857142857142856 0.0475
0 0.6557142857142857 0.6129166666666667 0.08857142857142856 0.0475
0 0.6807142857142857 0.61875 0.08857142857142856 0.0475
0 0.7221428571428572 0.6254166666666667 0.08857142857142856 0.0475
0 0.7721428571428571 0.64625 0.08857142857142856 0.0475
0 0.8185714285714286 0.65125 0.08857142857142856 0.0475
0 0.8585714285714285 0.6545833333333334 0.08857142857142856 0.0475
0 0.8978571428571429 0.6420833333333333 0.08857142857142856 0.0475
0 0.9378571428571428 0.6554166666666668 0.08857142857142856 0.0475
