0 0.21964285714285714 0.49083333333333334 0.07785714285714286 0.035
0 0.2525 0.48583333333333334 0.07785714285714286 0.035
0 0.29392857142857143 0.4816666666666667 0.07785714285714286 0.035
0 0.3367857142857143 0.48000000000000004 0.07785714285714286 0.035
0 0.39107142857142857 0.4783333333333334 0.07785714285714286 0.035
0 0.42964285714285716 0.4783333333333334 0.07785714285714286 0.035
0 0.4775 0.4683333333333334 0.07785714285714286 0.035
0 0.5146428571428572 0.45583333333333337 0.07785714285714286 0.035
0 0.5475 0.445 0.07785714285714286 0.035
0 0.5767857142857142 0.44083333333333335 0.07785714285714286 0.035
0 0.6360714285714286 0.45333333333333337 0.07785714285714286 0.035
0 0.6660714285714285 0.4475 0.07785714285714286 0.035
0 0.7003571428571429 0.4416666666666667 0.07785714285714286 0.035
0 0.7517857142857143 0.4491666666666667 0.07785714285714286 0.035
