0 0.30357142857142855 0.55125 0.06 0.03416666666666667
0 0.32571428571428573 0.54625 0.06 0.03416666666666667
0 0.3507142857142857 0.54625 0.06 0.03416666666666667
0 0.44785714285714284 0.5220833333333333 0.06 0.03416666666666667
0 0.48714285714285716 0.5179166666666667 0.06 0.03416666666666667
0 0.4657142857142857 0.52375 0.06 0.03416666666666667
0 0.5342857142857143 0.5179166666666667 0.06 0.03416666666666667
0 0.5564285714285714 0.5195833333333334 0.06 0.03416666666666667
0 0.5914285714285714 0.5079166666666667 0.06 0.03416666666666667
0 0.6228571428571429 0.49875 0.06 0.03416666666666667
0 0.6507142857142857 0.4945833333333334 0.06 0.03416666666666667
0 0.6935714285714286 0.4970833333333334 0.06 0.03416666666666667
0 0.73 0.47708333333333336 0.06 0.03416666666666667
0 0.7721428571428571 0.4829166666666667 0.06 0.03416666666666667
0 0.8028571428571428 0.48458333333333337 0.06 0.03416666666666667
0 0.845 0.47958333333333336 0.06 0.03416666666666667
0 0.8821428571428571 0.48875 0.06 0.03416666666666667
0 0.9442857142857143 0.5070833333333333 0.06 0.03416666666666667
0 0.9614285714285714 0.49625 0.06 0.03416666666666667
