0 0.0375 0.47250000000000003 0.06785714285714285 0.043333333333333335
0 0.06607142857142857 0.4741666666666667 0.06785714285714285 0.043333333333333335
0 0.10035714285714285 0.4916666666666667 0.06785714285714285 0.043333333333333335
0 0.17535714285714285 0.48333333333333334 0.06785714285714285 0.043333333333333335
0 0.20535714285714285 0.4691666666666667 0.06785714285714285 0.043333333333333335
0 0.2367857142857143 0.4783333333333334 0.06785714285714285 0.043333333333333335
0 0.2689285714285714 0.4966666666666667 0.06785714285714285 0.043333333333333335
0 0.3825 0.53 0.06785714285714285 0.043333333333333335
0 0.4225 0.5266666666666667 0.06785714285714285 0.043333333333333335
0 0.8310714285714286 0.5191666666666667 0.06785714285714285 0.043333333333333335
0 0.8539285714285715 0.5108333333333334 0.06785714285714285 0.043333333333333335
0 0.9275 0.4916666666666667 0.06785714285714285 0.043333333333333335
0 0.9582142857142857 0.49833333333333335 0.06785714285714285 0.043333333333333335
