0 0.0825 0.5012500000000001 0.07642857142857143 0.04416666666666667
0 0.11892857142857143 0.4995833333333334 0.07642857142857143 0.04416666666666667
0 0.15678571428571428 0.49375 0.07642857142857143 0.04416666666666667
0 0.21035714285714285 0.48958333333333337 0.07642857142857143 0.04416666666666667
0 0.23892857142857143 0.48708333333333337 0.07642857142857143 0.04416666666666667
0 0.27964285714285714 0.48458333333333337 0.07642857142857143 0.04416666666666667
0 0.31892857142857145 0.4829166666666667 0.07642857142857143 0.04416666666666667
0 0.33964285714285714 0.4829166666666667 0.07642857142857143 0.04416666666666667
0 0.37535714285714283 0.4829166666666667 0.07642857142857143 0.04416666666666667
0 0.40535714285714286 0.47625 0.07642857142857143 0.04416666666666667
0 0.4467857142857143 0.47125000000000006 0.07642857142857143 0.04416666666666667
0 0.48035714285714287 0.45375000000000004 0.07642857142857143 0.04416666666666667
0 0.5560714285714285 0.41375 0.07642857142857143 0.04416666666666667
0 0.5975 0.40708333333333335 0.07642857142857143 0.04416666666666667
0 0.6346428571428572 0.40875 0.07642857142857143 0.04416666666666667
