0 0.5660714285714286 0.5766666666666667 0.07214285714285715 0.043333333333333335
0 0.5889285714285715 0.5733333333333334 0.07214285714285715 0.043333333333333335
0 0.6203571428571428 0.5750000000000001 0.07214285714285715 0.043333333333333335
0 0.6617857142857143 0.5716666666666667 0.07214285714285715 0.043333333333333335
0 0.7060714285714286 0.5658333333333334 0.07214285714285715 0.043333333333333335
0 0.7417857142857143 0.5566666666666668 0.07214285714285715 0.043333333333333335
0 0.7860714285714285 0.5466666666666667 0.07214285714285715 0.043333333333333335
0 0.8260714285714286 0.535 0.07214285714285715 0.043333333333333335
0 0.8525 0.53 0.07214285714285715 0.043333333333333335
0 0.8782142857142857 0.52 0.07214285714285715 0.043333333333333335
0 0.9110714285714285 0.5083333333333334 0.07214285714285715 0.043333333333333335
0 0.9425 0.49333333333333335 0.07214285714285715 0.043333333333333335
0 0.4903571428571429 0.5908333333333333 0.07214285714285715 0.043333333333333335
