0 0.052142857142857144 0.52 0.06857142857142857 0.05
0 0.07214285714285715 0.5091666666666667 0.06857142857142857 0.05
0 0.10428571428571429 0.49500000000000005 0.06857142857142857 0.05
0 0.1407142857142857 0.4791666666666667 0.06857142857142857 0.05
0 0.16642857142857143 0.4733333333333334 0.06857142857142857 0.05
0 0.28285714285714286 0.4941666666666667 0.06857142857142857 0.05
0 0.3171428571428571 0.4966666666666667 0.06857142857142857 0.05
0 0.35214285714285715 0.5008333333333334 0.06857142857142857 0.05
0 0.6071428571428571 0.525 0.06857142857142857 0.05
0 0.6457142857142857 0.5191666666666667 0.06857142857142857 0.05
0 0.6971428571428572 0.5225000000000001 0.06857142857142857 0.05
0 0.735 0.5258333333333334 0.06857142857142857 0.05
0 0.7714285714285715 0.5383333333333333 0.06857142857142857 0.05
0 0.8614285714285714 0.5283333333333333 0.06857142857142857 0.05
0 0.8864285714285715 0.5208333333333334 0.06857142857142857 0.05
0 0.9285714285714286 0.5216666666666667 0.06857142857142857 0.05
0 0.9457142857142857 0.5175000000000001 0.06857142857142857 0.05
