0 0.039285714285714285 0.5141666666666667 0.06571428571428571 0.045000000000000005
0 0.06357142857142857 0.5283333333333333 0.06571428571428571 0.045000000000000005
0 0.09928571428571428 0.5258333333333334 0.06571428571428571 0.045000000000000005
0 0.1407142857142857 0.52 0.06571428571428571 0.045000000000000005
0 0.19357142857142856 0.5041666666666667 0.06571428571428571 0.045000000000000005
0 0.23142857142857143 0.5083333333333334 0.06571428571428571 0.045000000000000005
0 0.2735714285714286 0.5066666666666667 0.06571428571428571 0.045000000000000005
0 0.3171428571428571 0.5158333333333334 0.06571428571428571 0.045000000000000005
0 0.355 0.5241666666666667 0.06571428571428571 0.045000000000000005
0 0.39714285714285713 0.5366666666666667 0.06571428571428571 0.045000000000000005
