0 0.05857142857142857 0.5487500000000001 0.08 0.052500000000000005
0 0.08642857142857142 0.5437500000000001 0.08 0.052500000000000005
0 0.11928571428571429 0.54625 0.08 0.052500000000000005
0 0.1657142857142857 0.5554166666666667 0.08 0.052500000000000005
0 0.21571428571428572 0.55625 0.08 0.052500000000000005
0 0.25357142857142856 0.55125 0.08 0.052500000000000005
0 0.30142857142857143 0.5504166666666667 0.08 0.052500000000000005
0 0.3464285714285714 0.5595833333333333 0.08 0.052500000000000005
0 0.37857142857142856 0.5504166666666667 0.08 0.052500000000000005
0 0.41285714285714287 0.5387500000000001 0.08 0.052500000000000005
0 0.44142857142857145 0.53125 0.08 0.052500000000000005
0 0.48 0.51875 0.08 0.052500000000000005
0 0.5307142857142857 0.5254166666666668 0.08 0.052500000000000005
0 0.58 0.53125 0.08 0.052500000000000005
0 0.62 0.52875 0.08 0.052500000000000005
0 0.655 0.5229166666666667 0.08 0.052500000000000005
0 0.69 0.51875 0.08 0.052500000000000005
0 0.7371428571428571 0.51875 0.08 0.052500000000000005
0 0.7835714285714286 0.5104166666666667 0.08 0.052500000000000005
0 0.8242857142857143 0.4995833333333334 0.08 0.052500000000000005
0 0.8642857142857143 0.48208333333333336 0.08 0.052500000000000005
0 0.91 0.48458333333333337 0.08 0.052500000000000005
0 0.9464285714285714 0.4879166666666667 0.08 0.052500000000000005
