0 0.05928571428571429 0.47208333333333335 0.08428571428571428 0.04916666666666667
0 0.09357142857142857 0.48208333333333336 0.08428571428571428 0.04916666666666667
0 0.13285714285714287 0.4854166666666667 0.08428571428571428 0.04916666666666667
0 0.185 0.4920833333333334 0.08428571428571428 0.04916666666666667
0 0.22285714285714286 0.49875 0.08428571428571428 0.04916666666666667
0 0.25857142857142856 0.5020833333333333 0.08428571428571428 0.04916666666666667
0 0.29642857142857143 0.5170833333333333 0.08428571428571428 0.04916666666666667
0 0.325 0.52875 0.08428571428571428 0.04916666666666667
0 0.37357142857142855 0.5395833333333334 0.08428571428571428 0.04916666666666667
0 0.43142857142857144 0.5487500000000001 0.08428571428571428 0.04916666666666667
0 0.47285714285714286 0.5620833333333334 0.08428571428571428 0.04916666666666667
0 0.505 0.5645833333333333 0.08428571428571428 0.04916666666666667
0 0.5442857142857143 0.5554166666666667 0.08428571428571428 0.04916666666666667
0 0.58 0.55125 0.08428571428571428 0.04916666666666667
0 0.6157142857142857 0.5595833333333333 0.08428571428571428 0.04916666666666667
0 0.6564285714285715 0.57375 0.08428571428571428 0.04916666666666667
0 0.6985714285714286 0.5804166666666667 0.08428571428571428 0.04916666666666667
0 0.7464285714285714 0.5879166666666668 0.08428571428571428 0.04916666666666667
0 0.7907142857142857 0.5895833333333333 0.08428571428571428 0.04916666666666667
0 0.8192857142857143 0.58375 0.08428571428571428 0.04916666666666667
0 0.8542857142857143 0.58875 0.08428571428571428 0.04916666666666667
0 0.8864285714285715 0.5895833333333333 0.08428571428571428 0.04916666666666667
0 0.9121428571428571 0.5820833333333334 0.08428571428571428 0.04916666666666667
0 0.9435714285714286 0.5804166666666667 0.08428571428571428 0.04916666666666667
