0 0.04285714285714286 0.5733333333333334 0.08 0.03833333333333334
0 0.085 0.5775 0.08 0.03833333333333334
0 0.12214285714285714 0.5766666666666667 0.08 0.03833333333333334
0 0.16071428571428573 0.5708333333333334 0.08 0.03833333333333334
0 0.2 0.5650000000000001 0.08 0.03833333333333334
0 0.24142857142857144 0.5625 0.08 0.03833333333333334
0 0.2757142857142857 0.5583333333333333 0.08 0.03833333333333334
0 0.31142857142857144 0.5583333333333333 0.08 0.03833333333333334
0 0.355 0.5583333333333333 0.08 0.03833333333333334
0 0.39714285714285713 0.5608333333333334 0.08 0.03833333333333334
0 0.44571428571428573 0.5558333333333334 0.08 0.03833333333333334
0 0.475 0.5683333333333334 0.08 0.03833333333333334
0 0.5107142857142857 0.5741666666666667 0.08 0.03833333333333334
0 0.5428571428571428 0.5766666666666667 0.08 0.03833333333333334
0 0.5957142857142858 0.5716666666666667 0.08 0.03833333333333334
0 0.6414285714285715 0.5658333333333334 0.08 0.03833333333333334
0 0.685 0.5766666666666667 0.08 0.03833333333333334
0 0.7446428571428572 0.7095833333333333 0.060714285714285714 0.030833333333333334
0 0.7617857142857143 0.73875 0.060714285714285714 0.030833333333333334
0 0.7725 0.7729166666666667 0.060714285714285714 0.030833333333333334
0 0.7989285714285714 0.7979166666666667 0.060714285714285714 0.030833333333333334
0 0.7346428571428572 0.6654166666666667 0.060714285714285714 0.030833333333333334
