0 0.07321428571428572 0.6354166666666667 0.085 0.03916666666666667
0 0.1367857142857143 0.6295833333333334 0.085 0.03916666666666667
0 0.17107142857142857 0.62375 0.085 0.03916666666666667
0 0.23464285714285715 0.6170833333333334 0.085 0.03916666666666667
0 0.27035714285714285 0.6104166666666667 0.085 0.03916666666666667
0 0.32392857142857145 0.6045833333333334 0.085 0.03916666666666667
0 0.37392857142857144 0.6145833333333334 0.085 0.03916666666666667
0 0.4325 0.6204166666666667 0.085 0.03916666666666667
0 0.4982142857142857 0.6045833333333334 0.085 0.03916666666666667
0 0.5453571428571429 0.5854166666666667 0.085 0.03916666666666667
0 0.5882142857142857 0.5804166666666667 0.085 0.03916666666666667
0 0.6453571428571429 0.5920833333333334 0.085 0.03916666666666667
0 0.6817857142857143 0.6162500000000001 0.085 0.03916666666666667
0 0.7289285714285715 0.6345833333333334 0.085 0.03916666666666667
0 0.7617857142857143 0.6520833333333333 0.085 0.03916666666666667
0 0.7989285714285714 0.6670833333333334 0.085 0.03916666666666667
