0 0.21535714285714286 0.6370833333333333 0.07928571428571428 0.04583333333333334
0 0.2425 0.6312500000000001 0.07928571428571428 0.04583333333333334
0 0.2789285714285714 0.6245833333333334 0.07928571428571428 0.04583333333333334
0 0.3132142857142857 0.6212500000000001 0.07928571428571428 0.04583333333333334
0 0.4017857142857143 0.6012500000000001 0.07928571428571428 0.04583333333333334
0 0.4325 0.6062500000000001 0.07928571428571428 0.04583333333333334
0 0.4682142857142857 0.6095833333333334 0.07928571428571428 0.04583333333333334
0 0.5125 0.61375 0.07928571428571428 0.04583333333333334
0 0.5510714285714285 0.6245833333333334 0.07928571428571428 0.04583333333333334
0 0.5817857142857142 0.6229166666666667 0.07928571428571428 0.04583333333333334
0 0.6203571428571428 0.6145833333333334 0.07928571428571428 0.04583333333333334
0 0.6625 0.5945833333333334 0.07928571428571428 0.04583333333333334
0 0.7010714285714286 0.6145833333333334 0.07928571428571428 0.04583333333333334
0 0.7289285714285715 0.6220833333333333 0.07928571428571428 0.04583333333333334
0 0.7732142857142857 0.6162500000000001 0.07928571428571428 0.04583333333333334
0 0.8075 0.6029166666666667 0.07928571428571428 0.04583333333333334
0 0.8546428571428571 0.5879166666666668 0.07928571428571428 0.04583333333333334
0 0.8846428571428572 0.58375 0.07928571428571428 0.04583333333333334
0 0.9282142857142857 0.5820833333333334 0.07928571428571428 0.04583333333333334
0 0.8510714285714286 0.6220833333333333 0.07928571428571428 0.04583333333333334
0 0.8953571428571429 0.6229166666666667 0.07928571428571428 0.04583333333333334
0 0.9353571428571429 0.6162500000000001 0.07928571428571428 0.04583333333333334
