0 0.04642857142857143 0.6116666666666667 0.08571428571428572 0.045000000000000005
0 0.075 0.6083333333333334 0.08571428571428572 0.045000000000000005
0 0.11642857142857142 0.6008333333333333 0.08571428571428572 0.045000000000000005
0 0.15071428571428572 0.5858333333333333 0.08571428571428572 0.045000000000000005
0 0.205 0.5641666666666667 0.08571428571428572 0.045000000000000005
0 0.2507142857142857 0.5583333333333333 0.08571428571428572 0.045000000000000005
0 0.32071428571428573 0.5683333333333334 0.08571428571428572 0.045000000000000005
0 0.1707142857142857 0.6116666666666667 0.08571428571428572 0.045000000000000005
0 0.25 0.6050000000000001 0.08571428571428572 0.045000000000000005
0 0.3757142857142857 0.5741666666666667 0.08571428571428572 0.045000000000000005
0 0.4228571428571429 0.5750000000000001 0.08571428571428572 0.045000000000000005
0 0.46785714285714286 0.5800000000000001 0.08571428571428572 0.045000000000000005
0 0.51 0.5850000000000001 0.08571428571428572 0.045000000000000005
0 0.555 0.5933333333333334 0.08571428571428572 0.045000000000000005
0 0.61 0.6066666666666667 0.08571428571428572 0.045000000000000005
0 0.6678571428571428 0.6050000000000001 0.08571428571428572 0.045000000000000005
0 0.7292857142857143 0.6141666666666667 0.08571428571428572 0.045000000000000005
