0 0.17964285714285713 0.46 0.09071428571428572 0.04666666666666667
0 0.20392857142857143 0.45583333333333337 0.09071428571428572 0.04666666666666667
0 0.24464285714285713 0.45583333333333337 0.09071428571428572 0.04666666666666667
0 0.3032142857142857 0.45 0.09071428571428572 0.04666666666666667
0 0.44821428571428573 0.43250000000000005 0.09071428571428572 0.04666666666666667
0 0.48892857142857143 0.42250000000000004 0.09071428571428572 0.04666666666666667
0 0.5739285714285715 0.405 0.09071428571428572 0.04666666666666667
0 0.6260714285714286 0.405 0.09071428571428572 0.04666666666666667
0 0.6610714285714285 0.41500000000000004 0.09071428571428572 0.04666666666666667
0 0.7910714285714285 0.42833333333333334 0.09071428571428572 0.04666666666666667
0 0.8289285714285715 0.4266666666666667 0.09071428571428572 0.04666666666666667
0 0.8653571428571428 0.43000000000000005 0.09071428571428572 0.04666666666666667
0 0.9053571428571429 0.40750000000000003 0.09071428571428572 0.04666666666666667
0 0.9425 0.39083333333333337 0.09071428571428572 0.04666666666666667
