0 0.15107142857142858 0.6275000000000001 0.075 0.03666666666666667
0 0.3003571428571429 0.5900000000000001 0.075 0.03666666666666667
0 0.3439285714285714 0.5783333333333334 0.075 0.03666666666666667
0 0.39107142857142857 0.5666666666666667 0.075 0.03666666666666667
0 0.4475 0.5791666666666667 0.075 0.03666666666666667
0 0.48178571428571426 0.5758333333333334 0.075 0.03666666666666667
0 0.6039285714285715 0.56 0.075 0.03666666666666667
0 0.6360714285714286 0.5566666666666668 0.075 0.03666666666666667
0 0.6825 0.5650000000000001 0.075 0.03666666666666667
0 0.7182142857142857 0.5625 0.075 0.03666666666666667
