0 0.13892857142857143 0.3720833333333334 0.09928571428571428 0.05416666666666667
0 0.17035714285714285 0.37375 0.09928571428571428 0.05416666666666667
0 0.22464285714285714 0.3770833333333334 0.09928571428571428 0.05416666666666667
0 0.39535714285714285 0.36625 0.09928571428571428 0.05416666666666667
0 0.4275 0.38625000000000004 0.09928571428571428 0.05416666666666667
0 0.4717857142857143 0.38625000000000004 0.09928571428571428 0.05416666666666667
0 0.5053571428571428 0.38875000000000004 0.09928571428571428 0.05416666666666667
0 0.5575 0.39125000000000004 0.09928571428571428 0.05416666666666667
0 0.9067857142857143 0.42125 0.09928571428571428 0.05416666666666667
0 0.9375 0.4254166666666667 0.09928571428571428 0.05416666666666667
