0 0.1675 0.56625 0.08357142857142857 0.04583333333333334
0 0.20464285714285715 0.56625 0.08357142857142857 0.04583333333333334
0 0.24535714285714286 0.5779166666666667 0.08357142857142857 0.04583333333333334
0 0.28964285714285715 0.5720833333333334 0.08357142857142857 0.04583333333333334
0 0.33464285714285713 0.5645833333333333 0.08357142857142857 0.04583333333333334
0 0.3717857142857143 0.5645833333333333 0.08357142857142857 0.04583333333333334
0 0.5332142857142858 0.5687500000000001 0.08357142857142857 0.04583333333333334
0 0.5717857142857142 0.5770833333333334 0.08357142857142857 0.04583333333333334
0 0.6082142857142857 0.58875 0.08357142857142857 0.04583333333333334
0 0.6375 0.5879166666666668 0.08357142857142857 0.04583333333333334
0 0.7603571428571428 0.5879166666666668 0.08357142857142857 0.04583333333333334
0 0.7953571428571429 0.5854166666666667 0.08357142857142857 0.04583333333333334
0 0.8375 0.5829166666666667 0.08357142857142857 0.04583333333333334
0 0.8882142857142857 0.57875 0.08357142857142857 0.04583333333333334
0 0.9325 0.5704166666666667 0.08357142857142857 0.04583333333333334
