0 0.11428571428571428 0.59125 0.09857142857142857 0.04083333333333333
0 0.3557142857142857 0.5370833333333334 0.09857142857142857 0.04083333333333333
0 0.5021428571428571 0.56625 0.09857142857142857 0.04083333333333333
0 0.5828571428571429 0.56625 0.09857142857142857 0.04083333333333333
0 0.6485714285714286 0.5670833333333334 0.09857142857142857 0.04083333333333333
0 0.695 0.5445833333333334 0.09857142857142857 0.04083333333333333
0 0.7685714285714286 0.5429166666666667 0.09857142857142857 0.04083333333333333
0 0.81 0.5204166666666667 0.09857142857142857 0.04083333333333333
0 0.8642857142857143 0.51125 0.09857142857142857 0.04083333333333333
0 0.9507142857142857 0.50875 0.09857142857142857 0.04083333333333333
