0 0.11642857142857142 0.5583333333333333 0.09 0.043333333333333335
0 0.16285714285714287 0.5508333333333334 0.09 0.043333333333333335
0 0.2 0.5258333333333334 0.09 0.043333333333333335
0 0.24428571428571427 0.515 0.09 0.043333333333333335
0 0.2907142857142857 0.5191666666666667 0.09 0.043333333333333335
0 0.3392857142857143 0.5308333333333334 0.09 0.043333333333333335
0 0.38357142857142856 0.52 0.09 0.043333333333333335
0 0.42 0.5116666666666667 0.09 0.043333333333333335
0 0.53 0.47250000000000003 0.09 0.043333333333333335
0 0.59 0.5275000000000001 0.09 0.043333333333333335
0 0.6342857142857142 0.5441666666666667 0.09 0.043333333333333335
0 0.7971428571428572 0.5833333333333334 0.09 0.043333333333333335
0 0.8321428571428572 0.5700000000000001 0.09 0.043333333333333335
0 0.8671428571428571 0.5616666666666666 0.09 0.043333333333333335
0 0.905 0.5558333333333334 0.09 0.043333333333333335
0 0.9342857142857143 0.55 0.09 0.043333333333333335
