0 0.11178571428571428 0.5675 0.08928571428571429 0.04166666666666667
0 0.14035714285714285 0.5558333333333334 0.08928571428571429 0.04166666666666667
0 0.17821428571428571 0.5491666666666667 0.08928571428571429 0.04166666666666667
0 0.22035714285714286 0.5383333333333333 0.08928571428571429 0.04166666666666667
0 0.2675 0.5416666666666667 0.08928571428571429 0.04166666666666667
0 0.30464285714285716 0.5325000000000001 0.08928571428571429 0.04166666666666667
0 0.3560714285714286 0.5208333333333334 0.08928571428571429 0.04166666666666667
0 0.39464285714285713 0.5333333333333333 0.08928571428571429 0.04166666666666667
0 0.4367857142857143 0.5366666666666667 0.08928571428571429 0.04166666666666667
0 0.47964285714285715 0.545 0.08928571428571429 0.04166666666666667
0 0.5196428571428572 0.5591666666666667 0.08928571428571429 0.04166666666666667
0 0.5603571428571429 0.5608333333333334 0.08928571428571429 0.04166666666666667
0 0.5903571428571428 0.5800000000000001 0.08928571428571429 0.04166666666666667
0 0.6210714285714286 0.6066666666666667 0.08928571428571429 0.04166666666666667
0 0.6696428571428571 0.625 0.08928571428571429 0.04166666666666667
