0 0.06821428571428571 0.45833333333333337 0.08642857142857142 0.05
0 0.053214285714285714 0.44083333333333335 0.08642857142857142 0.05
0 0.11178571428571428 0.44833333333333336 0.08642857142857142 0.05
0 0.21821428571428572 0.4733333333333334 0.08642857142857142 0.05
0 0.2546428571428571 0.47000000000000003 0.08642857142857142 0.05
0 0.2910714285714286 0.4625 0.08642857142857142 0.05
0 0.33321428571428574 0.4666666666666667 0.08642857142857142 0.05
0 0.38107142857142856 0.4575 0.08642857142857142 0.05
0 0.4375 0.4391666666666667 0.08642857142857142 0.05
0 0.4689285714285714 0.43583333333333335 0.08642857142857142 0.05
0 0.5603571428571429 0.42750000000000005 0.08642857142857142 0.05
0 0.6075 0.4133333333333334 0.08642857142857142 0.05
0 0.7053571428571429 0.395 0.08642857142857142 0.05
0 0.7910714285714285 0.4 0.08642857142857142 0.05
0 0.7396428571428572 0.39583333333333337 0.08642857142857142 0.05
0 0.8767857142857143 0.4441666666666667 0.08642857142857142 0.05
0 0.9296428571428571 0.4516666666666667 0.08642857142857142 0.05
