0 0.07071428571428572 0.43375 0.09 0.04083333333333333
0 0.095 0.4445833333333334 0.09 0.04083333333333333
0 0.14 0.4420833333333334 0.09 0.04083333333333333
0 0.195 0.4654166666666667 0.09 0.04083333333333333
0 0.3192857142857143 0.5095833333333334 0.09 0.04083333333333333
0 0.3485714285714286 0.5120833333333333 0.09 0.04083333333333333
0 0.39 0.5270833333333333 0.09 0.04083333333333333
0 0.43714285714285717 0.52125 0.09 0.04083333333333333
0 0.49214285714285716 0.5254166666666668 0.09 0.04083333333333333
0 0.5307142857142857 0.53625 0.09 0.04083333333333333
0 0.5821428571428572 0.54125 0.09 0.04083333333333333
0 0.6392857142857142 0.5429166666666667 0.09 0.04083333333333333
0 0.685 0.5337500000000001 0.09 0.04083333333333333
0 0.7492857142857143 0.5320833333333334 0.09 0.04083333333333333
0 0.8092857142857143 0.5404166666666667 0.09 0.04083333333333333
0 0.8478571428571429 0.5420833333333334 0.09 0.04083333333333333
0 0.8914285714285715 0.52625 0.09 0.04083333333333333
0 0.935 0.51375 0.09 0.04083333333333333
