0 0.04107142857142857 0.5216666666666667 0.07214285714285715 0.03333333333333333
0 0.0725 0.5241666666666667 0.07214285714285715 0.03333333333333333
0 0.10892857142857143 0.5275000000000001 0.07214285714285715 0.03333333333333333
0 0.14535714285714285 0.5258333333333334 0.07214285714285715 0.03333333333333333
0 0.19678571428571429 0.5125000000000001 0.07214285714285715 0.03333333333333333
0 0.2425 0.4991666666666667 0.07214285714285715 0.03333333333333333
0 0.2867857142857143 0.4841666666666667 0.07214285714285715 0.03333333333333333
0 0.31892857142857145 0.4683333333333334 0.07214285714285715 0.03333333333333333
0 0.3532142857142857 0.4541666666666667 0.07214285714285715 0.03333333333333333
0 0.3825 0.45083333333333336 0.07214285714285715 0.03333333333333333
0 0.43392857142857144 0.4475 0.07214285714285715 0.03333333333333333
0 0.4725 0.4366666666666667 0.07214285714285715 0.03333333333333333
0 0.5096428571428572 0.4241666666666667 0.07214285714285715 0.03333333333333333
0 0.5682142857142857 0.44583333333333336 0.07214285714285715 0.03333333333333333
0 0.6039285714285715 0.455 0.07214285714285715 0.03333333333333333
0 0.6560714285714285 0.4729166666666667 0.04928571428571429 0.04083333333333333
0 0.7167857142857142 0.52 0.062142857142857146 0.030000000000000002
0 0.7367857142857143 0.5358333333333334 0.062142857142857146 0.030000000000000002
