0 0.06535714285714286 0.45 0.09071428571428572 0.043333333333333335
0 0.08964285714285715 0.44333333333333336 0.09071428571428572 0.043333333333333335
0 0.1332142857142857 0.4466666666666667 0.09071428571428572 0.043333333333333335
0 0.18035714285714285 0.4491666666666667 0.09071428571428572 0.043333333333333335
0 0.23035714285714284 0.44583333333333336 0.09071428571428572 0.043333333333333335
0 0.2725 0.43500000000000005 0.09071428571428572 0.043333333333333335
0 0.3075 0.42000000000000004 0.09071428571428572 0.043333333333333335
0 0.33464285714285713 0.4141666666666667 0.09071428571428572 0.043333333333333335
0 0.38535714285714284 0.4108333333333334 0.09071428571428572 0.043333333333333335
0 0.4475 0.41250000000000003 0.09071428571428572 0.043333333333333335
0 0.48392857142857143 0.4266666666666667 0.09071428571428572 0.043333333333333335
0 0.5196428571428572 0.44083333333333335 0.09071428571428572 0.043333333333333335
0 0.5646428571428571 0.4416666666666667 0.09071428571428572 0.043333333333333335
0 0.5982142857142857 0.4341666666666667 0.09071428571428572 0.043333333333333335
0 0.6467857142857143 0.42500000000000004 0.09071428571428572 0.043333333333333335
0 0.6810714285714285 0.4191666666666667 0.09071428571428572 0.043333333333333335
0 0.7360714285714286 0.41000000000000003 0.09071428571428572 0.043333333333333335
0 0.7796428571428572 0.4191666666666667 0.09071428571428572 0.043333333333333335
0 0.8203571428571429 0.42000000000000004 0.09071428571428572 0.043333333333333335
0 0.8589285714285714 0.4266666666666667 0.09071428571428572 0.043333333333333335
0 0.9010714285714285 0.43333333333333335 0.09071428571428572 0.043333333333333335
0 0.9353571428571429 0.43333333333333335 0.09071428571428572 0.043333333333333335
