0 0.045 0.4054166666666667 0.07285714285714286 0.035833333333333335
0 0.07214285714285715 0.4204166666666667 0.07285714285714286 0.035833333333333335
0 0.11428571428571428 0.42125 0.07285714285714286 0.035833333333333335
0 0.15357142857142858 0.41875 0.07285714285714286 0.035833333333333335
0 0.19285714285714287 0.42708333333333337 0.07285714285714286 0.035833333333333335
0 0.22428571428571428 0.4370833333333334 0.07285714285714286 0.035833333333333335
0 0.26857142857142857 0.4420833333333334 0.07285714285714286 0.035833333333333335
0 0.3 0.4395833333333334 0.07285714285714286 0.035833333333333335
0 0.3342857142857143 0.43375 0.07285714285714286 0.035833333333333335
0 0.36857142857142855 0.42458333333333337 0.07285714285714286 0.035833333333333335
0 0.4007142857142857 0.41458333333333336 0.07285714285714286 0.035833333333333335
0 0.435 0.4054166666666667 0.07285714285714286 0.035833333333333335
0 0.46214285714285713 0.4029166666666667 0.07285714285714286 0.035833333333333335
0 0.5042857142857143 0.39458333333333334 0.07285714285714286 0.035833333333333335
0 0.5535714285714286 0.4029166666666667 0.07285714285714286 0.035833333333333335
0 0.5985714285714285 0.40875 0.07285714285714286 0.035833333333333335
0 0.6464285714285715 0.41958333333333336 0.07285714285714286 0.035833333333333335
0 0.6792857142857143 0.4295833333333334 0.07285714285714286 0.035833333333333335
0 0.7142857142857143 0.43291666666666667 0.07285714285714286 0.035833333333333335
0 0.7471428571428571 0.42208333333333337 0.07285714285714286 0.035833333333333335
0 0.7892857142857143 0.4154166666666667 0.07285714285714286 0.035833333333333335
0 0.8314285714285714 0.42875 0.07285714285714286 0.035833333333333335
0 0.8678571428571429 0.43125 0.07285714285714286 0.035833333333333335
0 0.9121428571428571 0.4429166666666667 0.07285714285714286 0.035833333333333335
0 0.9557142857142857 0.4445833333333334 0.07285714285714286 0.035833333333333335
