0 0.04321428571428571 0.41500000000000004 0.06928571428571428 0.043333333333333335
0 0.0875 0.4041666666666667 0.06928571428571428 0.043333333333333335
0 0.12035714285714286 0.4083333333333334 0.06928571428571428 0.043333333333333335
0 0.15892857142857142 0.4166666666666667 0.06928571428571428 0.043333333333333335
0 0.21107142857142858 0.4291666666666667 0.06928571428571428 0.043333333333333335
0 0.25607142857142856 0.4266666666666667 0.06928571428571428 0.043333333333333335
0 0.2960714285714286 0.42583333333333334 0.06928571428571428 0.043333333333333335
0 0.3339285714285714 0.43000000000000005 0.06928571428571428 0.043333333333333335
0 0.39107142857142857 0.43500000000000005 0.06928571428571428 0.043333333333333335
0 0.43107142857142855 0.43500000000000005 0.06928571428571428 0.043333333333333335
0 0.4832142857142857 0.43250000000000005 0.06928571428571428 0.043333333333333335
0 0.5332142857142858 0.43833333333333335 0.06928571428571428 0.043333333333333335
0 0.5789285714285715 0.4241666666666667 0.06928571428571428 0.043333333333333335
0 0.5660714285714286 0.3666666666666667 0.06928571428571428 0.043333333333333335
0 0.6053571428571428 0.36250000000000004 0.06928571428571428 0.043333333333333335
0 0.6646428571428571 0.3766666666666667 0.06928571428571428 0.043333333333333335
