0 0.115 0.6050000000000001 0.08714285714285715 0.03666666666666667
0 0.15428571428571428 0.6008333333333333 0.08714285714285715 0.03666666666666667
0 0.2007142857142857 0.5950000000000001 0.08714285714285715 0.03666666666666667
0 0.245 0.5958333333333333 0.08714285714285715 0.03666666666666667
0 0.28714285714285714 0.6033333333333334 0.08714285714285715 0.03666666666666667
0 0.3464285714285714 0.6125 0.08714285714285715 0.03666666666666667
0 0.8164285714285714 0.5850000000000001 0.08714285714285715 0.03666666666666667
0 0.8571428571428571 0.5725 0.08714285714285715 0.03666666666666667
0 0.9107142857142857 0.5825 0.08714285714285715 0.03666666666666667
0 0.9442857142857143 0.5841666666666667 0.08714285714285715 0.03666666666666667
