0 0.044642857142857144 0.5504166666666667 0.06928571428571428 0.037500000000000006
0 0.07107142857142858 0.56125 0.06928571428571428 0.037500000000000006
0 0.11892857142857143 0.5720833333333334 0.06928571428571428 0.037500000000000006
0 0.16392857142857142 0.56625 0.06928571428571428 0.037500000000000006
0 0.2017857142857143 0.56625 0.06928571428571428 0.037500000000000006
0 0.24107142857142858 0.5637500000000001 0.06928571428571428 0.037500000000000006
0 0.28035714285714286 0.5629166666666667 0.06928571428571428 0.037500000000000006
0 0.3275 0.5595833333333333 0.06928571428571428 0.037500000000000006
0 0.3575 0.5504166666666667 0.06928571428571428 0.037500000000000006
0 0.39107142857142857 0.54125 0.06928571428571428 0.037500000000000006
0 0.4275 0.5229166666666667 0.06928571428571428 0.037500000000000006
0 0.4825 0.50625 0.06928571428571428 0.037500000000000006
0 0.7903571428571429 0.5645833333333333 0.06928571428571428 0.037500000000000006
0 0.8239285714285715 0.5654166666666667 0.06928571428571428 0.037500000000000006
0 0.8632142857142857 0.5687500000000001 0.06928571428571428 0.037500000000000006
0 0.9075 0.5687500000000001 0.06928571428571428 0.037500000000000006
0 0.9446428571428571 0.5637500000000001 0.06928571428571428 0.037500000000000006
