0 0.04857142857142857 0.5033333333333334 0.09 0.035
0 0.09785714285714285 0.4941666666666667 0.09 0.035
0 0.13785714285714284 0.5016666666666667 0.09 0.035
0 0.2957142857142857 0.5016666666666667 0.09 0.035
0 0.5464285714285714 0.5233333333333333 0.09 0.035
0 0.5978571428571429 0.5316666666666667 0.09 0.035
0 0.6628571428571428 0.5333333333333333 0.09 0.035
0 0.705 0.5466666666666667 0.09 0.035
0 0.7535714285714286 0.5566666666666668 0.09 0.035
0 0.8078571428571428 0.5508333333333334 0.09 0.035
0 0.8742857142857143 0.5650000000000001 0.09 0.035
0 0.955 0.5433333333333333 0.09 0.035
