0 0.07285714285714286 0.55625 0.08142857142857143 0.037500000000000006
0 0.10928571428571429 0.55625 0.08142857142857143 0.037500000000000006
0 0.15071428571428572 0.5645833333333333 0.08142857142857143 0.037500000000000006
0 0.19 0.5645833333333333 0.08142857142857143 0.037500000000000006
0 0.22285714285714286 0.5670833333333334 0.08142857142857143 0.037500000000000006
0 0.25357142857142856 0.5620833333333334 0.08142857142857143 0.037500000000000006
0 0.2864285714285714 0.54625 0.08142857142857143 0.037500000000000006
0 0.3142857142857143 0.5487500000000001 0.08142857142857143 0.037500000000000006
0 0.3535714285714286 0.5520833333333334 0.08142857142857143 0.037500000000000006
0 0.39285714285714285 0.55125 0.08142857142857143 0.037500000000000006
0 0.4392857142857143 0.55125 0.08142857142857143 0.037500000000000006
0 0.49214285714285716 0.5495833333333334 0.08142857142857143 0.037500000000000006
0 0.5214285714285715 0.5437500000000001 0.08142857142857143 0.037500000000000006
0 0.5521428571428572 0.5379166666666667 0.08142857142857143 0.037500000000000006
0 0.5971428571428572 0.5270833333333333 0.08142857142857143 0.037500000000000006
