0 0.05 0.4816666666666667 0.07 0.043333333333333335
0 0.08857142857142856 0.48833333333333334 0.07 0.043333333333333335
0 0.12071428571428572 0.49000000000000005 0.07 0.043333333333333335
0 0.15428571428571428 0.48833333333333334 0.07 0.043333333333333335
0 0.22285714285714286 0.5366666666666667 0.07 0.043333333333333335
0 0.2692857142857143 0.5491666666666667 0.07 0.043333333333333335
0 0.32857142857142857 0.5533333333333333 0.07 0.043333333333333335
0 0.3657142857142857 0.5391666666666667 0.07 0.043333333333333335
0 0.405 0.5375000000000001 0.07 0.043333333333333335
0 0.43857142857142856 0.5316666666666667 0.07 0.043333333333333335
0 0.48428571428571426 0.5308333333333334 0.07 0.043333333333333335
0 0.5214285714285715 0.5258333333333334 0.07 0.043333333333333335
0 0.5685714285714286 0.5216666666666667 0.07 0.043333333333333335
0 0.615 0.5175000000000001 0.07 0.043333333333333335
0 0.6907142857142857 0.5283333333333333 0.07 0.043333333333333335
0 0.6571428571428571 0.5283333333333333 0.07 0.043333333333333335
0 0.7471428571428571 0.5283333333333333 0.07 0.043333333333333335
0 0.785 0.5291666666666667 0.07 0.043333333333333335
0 0.8321428571428572 0.525 0.07 0.043333333333333335
0 0.8828571428571429 0.5183333333333333 0.07 0.043333333333333335
0 0.9278571428571428 0.5158333333333334 0.07 0.043333333333333335
0 0.955 0.5158333333333334 0.07 0.043333333333333335
