0 0.05 0.5116666666666667 0.08 0.04166666666666667
0 0.07071428571428572 0.5108333333333334 0.08 0.04166666666666667
0 0.11285714285714285 0.5041666666666667 0.08 0.04166666666666667
0 0.15 0.49833333333333335 0.08 0.04166666666666667
0 0.18785714285714286 0.48750000000000004 0.08 0.04166666666666667
0 0.23285714285714285 0.4816666666666667 0.08 0.04166666666666667
0 0.27714285714285714 0.47000000000000003 0.08 0.04166666666666667
0 0.31285714285714283 0.48500000000000004 0.08 0.04166666666666667
0 0.35214285714285715 0.5008333333333334 0.08 0.04166666666666667
0 0.39 0.4966666666666667 0.08 0.04166666666666667
0 0.42214285714285715 0.48583333333333334 0.08 0.04166666666666667
0 0.46 0.4708333333333334 0.08 0.04166666666666667
0 0.49857142857142855 0.465 0.08 0.04166666666666667
0 0.5371428571428571 0.4683333333333334 0.08 0.04166666666666667
0 0.5764285714285714 0.4566666666666667 0.08 0.04166666666666667
0 0.6128571428571429 0.4466666666666667 0.08 0.04166666666666667
0 0.6521428571428571 0.4516666666666667 0.08 0.04166666666666667
0 0.695 0.4675 0.08 0.04166666666666667
0 0.7457142857142857 0.4491666666666667 0.08 0.04166666666666667
0 0.7885714285714286 0.45333333333333337 0.08 0.04166666666666667
0 0.84 0.4591666666666667 0.08 0.04166666666666667
0 0.9435714285714286 0.4691666666666667 0.08 0.04166666666666667
