0 0.048214285714285716 0.43333333333333335 0.08357142857142857 0.04666666666666667
0 0.0775 0.43083333333333335 0.08357142857142857 0.04666666666666667
0 0.11464285714285714 0.44583333333333336 0.08357142857142857 0.04666666666666667
0 0.23107142857142857 0.4516666666666667 0.08357142857142857 0.04666666666666667
0 0.2760714285714286 0.4625 0.08357142857142857 0.04666666666666667
0 0.3196428571428571 0.465 0.08357142857142857 0.04666666666666667
0 0.4375 0.49250000000000005 0.08357142857142857 0.04666666666666667
0 0.47535714285714287 0.5025000000000001 0.08357142857142857 0.04666666666666667
0 0.5096428571428572 0.5108333333333334 0.08357142857142857 0.04666666666666667
0 0.5489285714285714 0.515 0.08357142857142857 0.04666666666666667
0 0.5882142857142857 0.5266666666666667 0.08357142857142857 0.04666666666666667
0 0.6303571428571428 0.53 0.08357142857142857 0.04666666666666667
0 0.6717857142857143 0.5433333333333333 0.08357142857142857 0.04666666666666667
