0 0.05178571428571429 0.4591666666666667 0.07642857142857143 0.043333333333333335
0 0.07892857142857143 0.4491666666666667 0.07642857142857143 0.043333333333333335
0 0.1075 0.445 0.07642857142857143 0.043333333333333335
0 0.14464285714285716 0.4391666666666667 0.07642857142857143 0.043333333333333335
0 0.19035714285714286 0.44833333333333336 0.07642857142857143 0.043333333333333335
0 0.22178571428571428 0.45333333333333337 0.07642857142857143 0.043333333333333335
0 0.25392857142857145 0.4625 0.07642857142857143 0.043333333333333335
0 0.2875 0.4658333333333334 0.07642857142857143 0.043333333333333335
0 0.3275 0.4658333333333334 0.07642857142857143 0.043333333333333335
0 0.37035714285714283 0.45833333333333337 0.07642857142857143 0.043333333333333335
0 0.41678571428571426 0.45583333333333337 0.07642857142857143 0.043333333333333335
0 0.46035714285714285 0.4466666666666667 0.07642857142857143 0.043333333333333335
0 0.5003571428571428 0.4441666666666667 0.07642857142857143 0.043333333333333335
0 0.5839285714285715 0.4608333333333334 0.07642857142857143 0.043333333333333335
0 0.6775 0.4541666666666667 0.07642857142857143 0.043333333333333335
0 0.7232142857142857 0.47000000000000003 0.07642857142857143 0.043333333333333335
0 0.7575 0.48000000000000004 0.07642857142857143 0.043333333333333335
0 0.8053571428571429 0.49833333333333335 0.07642857142857143 0.043333333333333335
0 0.8560714285714286 0.51 0.07642857142857143 0.043333333333333335
0 0.9160714285714285 0.5183333333333333 0.07642857142857143 0.043333333333333335
