0 0.054642857142857146 0.4966666666666667 0.08357142857142857 0.04
0 0.08607142857142858 0.5083333333333334 0.08357142857142857 0.04
0 0.12107142857142857 0.5091666666666667 0.08357142857142857 0.04
0 0.15964285714285714 0.5066666666666667 0.08357142857142857 0.04
0 0.20535714285714285 0.5091666666666667 0.08357142857142857 0.04
0 0.24321428571428572 0.4991666666666667 0.08357142857142857 0.04
0 0.2860714285714286 0.49333333333333335 0.08357142857142857 0.04
0 0.33535714285714285 0.4991666666666667 0.08357142857142857 0.04
0 0.3782142857142857 0.5041666666666667 0.08357142857142857 0.04
0 0.4253571428571429 0.5041666666666667 0.08357142857142857 0.04
0 0.4739285714285714 0.4966666666666667 0.08357142857142857 0.04
0 0.5032142857142857 0.4966666666666667 0.08357142857142857 0.04
0 0.5417857142857143 0.5016666666666667 0.08357142857142857 0.04
0 0.5767857142857142 0.5033333333333334 0.08357142857142857 0.04
0 0.6196428571428572 0.5033333333333334 0.08357142857142857 0.04
0 0.6567857142857143 0.49833333333333335 0.08357142857142857 0.04
0 0.6903571428571429 0.4916666666666667 0.08357142857142857 0.04
0 0.7382142857142857 0.48583333333333334 0.08357142857142857 0.04
0 0.7725 0.4808333333333334 0.08357142857142857 0.04
0 0.8039285714285714 0.49000000000000005 0.08357142857142857 0.04
0 0.8453571428571428 0.49083333333333334 0.08357142857142857 0.04
0 0.9017857142857143 0.4916666666666667 0.08357142857142857 0.04
0 0.9325 0.46416666666666667 0.08357142857142857 0.04
