0 0.07678571428571429 0.5283333333333333 0.10928571428571429 0.035
0 0.27535714285714286 0.5066666666666667 0.10928571428571429 0.035
0 0.3225 0.49500000000000005 0.10928571428571429 0.035
0 0.41892857142857143 0.4675 0.10928571428571429 0.035
0 0.49964285714285717 0.49250000000000005 0.10928571428571429 0.035
0 0.5732142857142857 0.5008333333333334 0.10928571428571429 0.035
0 0.6282142857142857 0.51 0.10928571428571429 0.035
0 0.6889285714285714 0.5041666666666667 0.10928571428571429 0.035
0 0.7546428571428572 0.505 0.10928571428571429 0.035
0 0.8082142857142857 0.5175000000000001 0.10928571428571429 0.035
0 0.8603571428571428 0.5191666666666667 0.10928571428571429 0.035
0 0.9067857142857143 0.5166666666666667 0.10928571428571429 0.035
0 0.9453571428571429 0.5058333333333334 0.10928571428571429 0.035
