0 0.05107142857142857 0.47625 0.085 0.04916666666666667
0 0.08535714285714285 0.47125000000000006 0.085 0.04916666666666667
0 0.11464285714285714 0.4829166666666667 0.085 0.04916666666666667
0 0.1525 0.4829166666666667 0.085 0.04916666666666667
0 0.19321428571428573 0.47208333333333335 0.085 0.04916666666666667
0 0.22535714285714287 0.46458333333333335 0.085 0.04916666666666667
0 0.3682142857142857 0.44125000000000003 0.085 0.04916666666666667
0 0.3960714285714286 0.43375 0.085 0.04916666666666667
0 0.43607142857142855 0.4295833333333334 0.085 0.04916666666666667
0 0.49535714285714283 0.3929166666666667 0.085 0.04916666666666667
0 0.5289285714285714 0.3754166666666667 0.085 0.04916666666666667
0 0.6517857142857143 0.44875000000000004 0.085 0.04916666666666667
0 0.5982142857142857 0.44625000000000004 0.085 0.04916666666666667
