0 0.047857142857142855 0.5158333333333334 0.08285714285714285 0.04833333333333334
0 0.07071428571428572 0.5125000000000001 0.08285714285714285 0.04833333333333334
0 0.10428571428571429 0.5066666666666667 0.08285714285714285 0.04833333333333334
0 0.14857142857142858 0.5108333333333334 0.08285714285714285 0.04833333333333334
0 0.18428571428571427 0.49500000000000005 0.08285714285714285 0.04833333333333334
0 0.21071428571428572 0.4791666666666667 0.08285714285714285 0.04833333333333334
0 0.26571428571428574 0.46416666666666667 0.08285714285714285 0.04833333333333334
0 0.2978571428571429 0.4633333333333334 0.08285714285714285 0.04833333333333334
0 0.33071428571428574 0.465 0.08285714285714285 0.04833333333333334
0 0.3792857142857143 0.4741666666666667 0.08285714285714285 0.04833333333333334
0 0.415 0.48250000000000004 0.08285714285714285 0.04833333333333334
0 0.4564285714285714 0.48833333333333334 0.08285714285714285 0.04833333333333334
0 0.5021428571428571 0.4891666666666667 0.08285714285714285 0.04833333333333334
0 0.5578571428571428 0.5058333333333334 0.08285714285714285 0.04833333333333334
0 0.6085714285714285 0.5141666666666667 0.08285714285714285 0.04833333333333334
0 0.6407142857142857 0.5116666666666667 0.08285714285714285 0.04833333333333334
0 0.6757142857142857 0.5041666666666667 0.08285714285714285 0.04833333333333334
0 0.72 0.49000000000000005 0.08285714285714285 0.04833333333333334
0 0.7614285714285715 0.4891666666666667 0.08285714285714285 0.04833333333333334
0 0.7985714285714286 0.5016666666666667 0.08285714285714285 0.04833333333333334
0 0.8321428571428572 0.5116666666666667 0.08285714285714285 0.04833333333333334
0 0.8814285714285715 0.5291666666666667 0.08285714285714285 0.04833333333333334
0 0.9214285714285714 0.5475 0.08285714285714285 0.04833333333333334
0 0.9485714285714286 0.56 0.08285714285714285 0.04833333333333334
