0 0.048928571428571425 0.5066666666666667 0.08214285714285714 0.04833333333333334
0 0.08535714285714285 0.5283333333333333 0.08214285714285714 0.04833333333333334
0 0.13035714285714287 0.5316666666666667 0.08214285714285714 0.04833333333333334
0 0.17035714285714285 0.5341666666666667 0.08214285714285714 0.04833333333333334
0 0.2117857142857143 0.5375000000000001 0.08214285714285714 0.04833333333333334
0 0.2675 0.5416666666666667 0.08214285714285714 0.04833333333333334
0 0.29892857142857143 0.5441666666666667 0.08214285714285714 0.04833333333333334
0 0.35535714285714287 0.5433333333333333 0.08214285714285714 0.04833333333333334
0 0.4067857142857143 0.5516666666666667 0.08214285714285714 0.04833333333333334
0 0.46535714285714286 0.5658333333333334 0.08214285714285714 0.04833333333333334
0 0.5075 0.55 0.08214285714285714 0.04833333333333334
0 0.5475 0.5341666666666667 0.08214285714285714 0.04833333333333334
0 0.5696428571428571 0.5216666666666667 0.08214285714285714 0.04833333333333334
0 0.6032142857142857 0.5091666666666667 0.08214285714285714 0.04833333333333334
0 0.7210714285714286 0.4791666666666667 0.08214285714285714 0.04833333333333334
0 0.7567857142857143 0.4841666666666667 0.08214285714285714 0.04833333333333334
0 0.7896428571428571 0.4991666666666667 0.08214285714285714 0.04833333333333334
0 0.8253571428571429 0.505 0.08214285714285714 0.04833333333333334
0 0.8675 0.5066666666666667 0.08214285714285714 0.04833333333333334
0 0.9060714285714285 0.49333333333333335 0.08214285714285714 0.04833333333333334
0 0.9432142857142857 0.48000000000000004 0.08214285714285714 0.04833333333333334
