0 0.04928571428571429 0.4758333333333334 0.07857142857142857 0.03666666666666667
0 0.085 0.4866666666666667 0.07857142857142857 0.03666666666666667
0 0.1392857142857143 0.4941666666666667 0.07857142857142857 0.03666666666666667
0 0.19142857142857142 0.4841666666666667 0.07857142857142857 0.03666666666666667
0 0.22857142857142856 0.47750000000000004 0.07857142857142857 0.03666666666666667
0 0.26571428571428574 0.4691666666666667 0.07857142857142857 0.03666666666666667
0 0.30642857142857144 0.4741666666666667 0.07857142857142857 0.03666666666666667
0 0.3414285714285714 0.48833333333333334 0.07857142857142857 0.03666666666666667
0 0.3742857142857143 0.5016666666666667 0.07857142857142857 0.03666666666666667
0 0.4085714285714286 0.5225000000000001 0.07857142857142857 0.03666666666666667
0 0.44571428571428573 0.5391666666666667 0.07857142857142857 0.03666666666666667
0 0.485 0.545 0.07857142857142857 0.03666666666666667
0 0.5285714285714286 0.555 0.07857142857142857 0.03666666666666667
0 0.5742857142857143 0.5625 0.07857142857142857 0.03666666666666667
0 0.6257142857142857 0.5866666666666667 0.07857142857142857 0.03666666666666667
0 0.7492857142857143 0.6741666666666667 0.07857142857142857 0.03666666666666667
