0 0.08964285714285715 0.4804166666666667 0.075 0.029166666666666667
0 0.5589285714285714 0.4929166666666667 0.075 0.029166666666666667
0 0.6067857142857143 0.49125 0.075 0.029166666666666667
0 0.6582142857142858 0.4804166666666667 0.075 0.029166666666666667
0 0.7025 0.4704166666666667 0.075 0.029166666666666667
0 0.7475 0.4579166666666667 0.075 0.029166666666666667
0 0.7839285714285714 0.4379166666666667 0.075 0.029166666666666667
0 0.8289285714285715 0.4295833333333334 0.075 0.029166666666666667
0 0.8739285714285714 0.4529166666666667 0.075 0.029166666666666667
0 0.9217857142857143 0.47375 0.075 0.029166666666666667
