0 0.09214285714285714 0.4154166666666667 0.07857142857142857 0.035833333333333335
0 0.12214285714285714 0.42375 0.07857142857142857 0.035833333333333335
0 0.16142857142857142 0.4395833333333334 0.07857142857142857 0.035833333333333335
0 0.20285714285714285 0.4554166666666667 0.07857142857142857 0.035833333333333335
0 0.25785714285714284 0.47375 0.07857142857142857 0.035833333333333335
0 0.3142857142857143 0.48125 0.07857142857142857 0.035833333333333335
0 0.4014285714285714 0.4829166666666667 0.07857142857142857 0.035833333333333335
0 0.45571428571428574 0.48458333333333337 0.07857142857142857 0.035833333333333335
0 0.51 0.48708333333333337 0.07857142857142857 0.035833333333333335
0 0.565 0.5045833333333334 0.07857142857142857 0.035833333333333335
0 0.6042857142857143 0.50875 0.07857142857142857 0.035833333333333335
