0 0.05035714285714286 0.45625000000000004 0.07357142857142857 0.04083333333333333
0 0.08392857142857142 0.44125000000000003 0.07357142857142857 0.04083333333333333
0 0.10535714285714286 0.4179166666666667 0.07357142857142857 0.04083333333333333
0 0.14964285714285713 0.40625 0.07357142857142857 0.04083333333333333
0 0.18464285714285714 0.3979166666666667 0.07357142857142857 0.04083333333333333
0 0.22107142857142856 0.4004166666666667 0.07357142857142857 0.04083333333333333
0 0.2810714285714286 0.4179166666666667 0.07357142857142857 0.04083333333333333
0 0.3289285714285714 0.4179166666666667 0.07357142857142857 0.04083333333333333
0 0.36964285714285716 0.4295833333333334 0.07357142857142857 0.04083333333333333
0 0.4110714285714286 0.4379166666666667 0.07357142857142857 0.04083333333333333
0 0.43607142857142855 0.43291666666666667 0.07357142857142857 0.04083333333333333
0 0.4660714285714286 0.42458333333333337 0.07357142857142857 0.04083333333333333
0 0.5125 0.43041666666666667 0.07357142857142857 0.04083333333333333
0 0.5396428571428571 0.4295833333333334 0.07357142857142857 0.04083333333333333
0 0.5767857142857142 0.4345833333333334 0.07357142857142857 0.04083333333333333
0 0.6139285714285714 0.43291666666666667 0.07357142857142857 0.04083333333333333
0 0.6553571428571429 0.43375 0.07357142857142857 0.04083333333333333
0 0.7167857142857142 0.4354166666666667 0.07357142857142857 0.04083333333333333
0 0.7610714285714286 0.4470833333333334 0.07357142857142857 0.04083333333333333
0 0.7982142857142858 0.4354166666666667 0.07357142857142857 0.04083333333333333
0 0.8303571428571429 0.4320833333333334 0.07357142857142857 0.04083333333333333
0 0.8603571428571428 0.4295833333333334 0.07357142857142857 0.04083333333333333
0 0.8875 0.4254166666666667 0.07357142857142857 0.04083333333333333
