0 0.12107142857142857 0.4008333333333334 0.08928571428571429 0.02666666666666667
0 0.18392857142857144 0.39333333333333337 0.08928571428571429 0.02666666666666667
0 0.2317857142857143 0.4041666666666667 0.08928571428571429 0.02666666666666667
0 0.2732142857142857 0.39666666666666667 0.08928571428571429 0.02666666666666667
0 0.35678571428571426 0.3691666666666667 0.08928571428571429 0.02666666666666667
0 0.38821428571428573 0.34750000000000003 0.08928571428571429 0.02666666666666667
0 0.43964285714285717 0.3433333333333334 0.08928571428571429 0.02666666666666667
0 0.4810714285714286 0.3566666666666667 0.08928571428571429 0.02666666666666667
0 0.5667857142857143 0.3741666666666667 0.08928571428571429 0.02666666666666667
0 0.6310714285714286 0.3891666666666667 0.08928571428571429 0.02666666666666667
0 0.6960714285714286 0.38833333333333336 0.08928571428571429 0.02666666666666667
0 0.7303571428571428 0.3791666666666667 0.08928571428571429 0.02666666666666667
0 0.7903571428571429 0.37583333333333335 0.08928571428571429 0.02666666666666667
0 0.8439285714285715 0.3875 0.08928571428571429 0.02666666666666667
0 0.9596428571428571 0.37375 0.08071428571428571 0.035833333333333335
