0 0.3535714285714286 0.44958333333333333 0.08428571428571428 0.050833333333333335
0 0.385 0.42875 0.08428571428571428 0.050833333333333335
0 0.4392857142857143 0.41625 0.08428571428571428 0.050833333333333335
0 0.48214285714285715 0.43375 0.08428571428571428 0.050833333333333335
0 0.5407142857142857 0.4395833333333334 0.08428571428571428 0.050833333333333335
0 0.575 0.44125000000000003 0.08428571428571428 0.050833333333333335
0 0.6078571428571429 0.44125000000000003 0.08428571428571428 0.050833333333333335
0 0.65 0.45625000000000004 0.08428571428571428 0.050833333333333335
0 0.6835714285714286 0.45458333333333334 0.08428571428571428 0.050833333333333335
0 0.7107142857142857 0.4629166666666667 0.08428571428571428 0.050833333333333335
0 0.6728571428571428 0.45125000000000004 0.08428571428571428 0.050833333333333335
