0 0.03678571428571428 0.6370833333333333 0.06642857142857143 0.0425
0 0.0575 0.6395833333333334 0.06642857142857143 0.0425
0 0.08892857142857143 0.6420833333333333 0.06642857142857143 0.0425
0 0.12178571428571429 0.64375 0.06642857142857143 0.0425
0 0.15035714285714286 0.64125 0.06642857142857143 0.0425
0 0.18035714285714285 0.6445833333333334 0.06642857142857143 0.0425
0 0.20535714285714285 0.64625 0.06642857142857143 0.0425
0 0.2282142857142857 0.64375 0.06642857142857143 0.0425
0 0.25535714285714284 0.6370833333333333 0.06642857142857143 0.0425
0 0.2882142857142857 0.63875 0.06642857142857143 0.0425
0 0.31035714285714283 0.64375 0.06642857142857143 0.0425
0 0.3417857142857143 0.6529166666666667 0.06642857142857143 0.0425
0 0.3632142857142857 0.65375 0.06642857142857143 0.0425
0 0.3817857142857143 0.6579166666666667 0.06642857142857143 0.0425
0 0.4075 0.6579166666666667 0.06642857142857143 0.0425
0 0.42964285714285716 0.6604166666666668 0.06642857142857143 0.0425
0 0.4517857142857143 0.6654166666666667 0.06642857142857143 0.0425
0 0.4767857142857143 0.66625 0.06642857142857143 0.0425
0 0.4925 0.66125 0.06642857142857143 0.0425
0 0.5153571428571428 0.6570833333333334 0.06642857142857143 0.0425
0 0.5439285714285714 0.6579166666666667 0.06642857142857143 0.0425
0 0.5696428571428571 0.64875 0.06642857142857143 0.0425
0 0.5946428571428571 0.64125 0.06642857142857143 0.0425
0 0.6153571428571428 0.64375 0.06642857142857143 0.0425
0 0.6325 0.64125 0.06642857142857143 0.0425
0 0.6567857142857143 0.64375 0.06642857142857143 0.0425
0 0.6782142857142857 0.6370833333333333 0.06642857142857143 0.0425
0 0.7032142857142857 0.6345833333333334 0.06642857142857143 0.0425
0 0.7217857142857143 0.6295833333333334 0.06642857142857143 0.0425
0 0.7439285714285714 0.6212500000000001 0.06642857142857143 0.0425
0 0.7625 0.6195833333333334 0.06642857142857143 0.0425
0 0.7875 0.6212500000000001 0.06642857142857143 0.0425
0 0.8039285714285714 0.6162500000000001 0.06642857142857143 0.0425
0 0.8275 0.61375 0.06642857142857143 0.0425
0 0.8453571428571428 0.6079166666666667 0.06642857142857143 0.0425
0 0.8617857142857143 0.6054166666666667 0.06642857142857143 0.0425
0 0.8810714285714286 0.6054166666666667 0.06642857142857143 0.0425
0 0.9053571428571429 0.5954166666666667 0.06642857142857143 0.0425
0 0.9317857142857143 0.59375 0.06642857142857143 0.0425
0 0.9446428571428571 0.59125 0.06642857142857143 0.0425
