0 0.031071428571428573 0.5929166666666668 0.05785714285714286 0.03916666666666667
0 0.06107142857142857 0.5904166666666667 0.05785714285714286 0.03916666666666667
0 0.08035714285714286 0.5904166666666667 0.05785714285714286 0.03916666666666667
0 0.1467857142857143 0.57125 0.05785714285714286 0.03916666666666667
0 0.1682142857142857 0.59375 0.05785714285714286 0.03916666666666667
0 0.19607142857142856 0.6062500000000001 0.05785714285714286 0.03916666666666667
0 0.21964285714285714 0.60875 0.05785714285714286 0.03916666666666667
0 0.2517857142857143 0.6079166666666667 0.05785714285714286 0.03916666666666667
0 0.2910714285714286 0.6054166666666667 0.05785714285714286 0.03916666666666667
0 0.32535714285714284 0.6004166666666667 0.05785714285714286 0.03916666666666667
0 0.35678571428571426 0.5979166666666667 0.05785714285714286 0.03916666666666667
0 0.38821428571428573 0.59375 0.05785714285714286 0.03916666666666667
0 0.42464285714285716 0.6012500000000001 0.05785714285714286 0.03916666666666667
0 0.45607142857142857 0.61875 0.05785714285714286 0.03916666666666667
0 0.4903571428571429 0.61375 0.05785714285714286 0.03916666666666667
0 0.5253571428571429 0.6112500000000001 0.05785714285714286 0.03916666666666667
0 0.5603571428571429 0.59875 0.05785714285714286 0.03916666666666667
0 0.5889285714285715 0.5854166666666667 0.05785714285714286 0.03916666666666667
0 0.6317857142857143 0.5687500000000001 0.05785714285714286 0.03916666666666667
0 0.6782142857142857 0.5720833333333334 0.05785714285714286 0.03916666666666667
0 0.7053571428571429 0.58125 0.05785714285714286 0.03916666666666667
0 0.7346428571428572 0.5920833333333334 0.05785714285714286 0.03916666666666667
0 0.7782142857142857 0.6020833333333334 0.05785714285714286 0.03916666666666667
0 0.8089285714285714 0.6062500000000001 0.05785714285714286 0.03916666666666667
0 0.8425 0.6104166666666667 0.05785714285714286 0.03916666666666667
0 0.8817857142857143 0.6170833333333334 0.05785714285714286 0.03916666666666667
0 0.9182142857142858 0.6295833333333334 0.05785714285714286 0.03916666666666667
0 0.9410714285714286 0.6262500000000001 0.05785714285714286 0.03916666666666667
0 0.9603571428571429 0.6254166666666667 0.05785714285714286 0.03916666666666667
