0 0.02892857142857143 0.5733333333333334 0.047857142857142855 0.043333333333333335
0 0.05107142857142857 0.5783333333333334 0.047857142857142855 0.043333333333333335
0 0.07607142857142857 0.5858333333333333 0.047857142857142855 0.043333333333333335
0 0.1075 0.5875 0.047857142857142855 0.043333333333333335
0 0.13107142857142856 0.5850000000000001 0.047857142857142855 0.043333333333333335
0 0.15678571428571428 0.5916666666666667 0.047857142857142855 0.043333333333333335
0 0.17392857142857143 0.5975 0.047857142857142855 0.043333333333333335
0 0.20535714285714285 0.6091666666666667 0.047857142857142855 0.043333333333333335
0 0.23035714285714284 0.61 0.047857142857142855 0.043333333333333335
0 0.25821428571428573 0.61 0.047857142857142855 0.043333333333333335
0 0.2832142857142857 0.6141666666666667 0.047857142857142855 0.043333333333333335
0 0.3075 0.6133333333333334 0.047857142857142855 0.043333333333333335
0 0.34535714285714286 0.5908333333333333 0.047857142857142855 0.043333333333333335
0 0.38321428571428573 0.5775 0.047857142857142855 0.043333333333333335
0 0.41678571428571426 0.5750000000000001 0.047857142857142855 0.043333333333333335
0 0.44607142857142856 0.5841666666666667 0.047857142857142855 0.043333333333333335
0 0.4782142857142857 0.5800000000000001 0.047857142857142855 0.043333333333333335
0 0.5046428571428572 0.5658333333333334 0.047857142857142855 0.043333333333333335
0 0.5332142857142858 0.5700000000000001 0.047857142857142855 0.043333333333333335
0 0.5625 0.5783333333333334 0.047857142857142855 0.043333333333333335
0 0.5939285714285715 0.5866666666666667 0.047857142857142855 0.043333333333333335
0 0.6282142857142857 0.5916666666666667 0.047857142857142855 0.043333333333333335
0 0.6567857142857143 0.5841666666666667 0.047857142857142855 0.043333333333333335
0 0.6803571428571429 0.5833333333333334 0.047857142857142855 0.043333333333333335
0 0.6989285714285715 0.5791666666666667 0.047857142857142855 0.043333333333333335
0 0.7239285714285715 0.5700000000000001 0.047857142857142855 0.043333333333333335
0 0.33107142857142857 0.6025 0.047857142857142855 0.043333333333333335
