0 0.030714285714285715 0.5750000000000001 0.05 0.03666666666666667
0 0.045 0.5758333333333334 0.05 0.03666666666666667
0 0.06 0.5808333333333334 0.05 0.03666666666666667
0 0.14857142857142858 0.5958333333333333 0.05 0.03666666666666667
0 0.17357142857142857 0.5808333333333334 0.05 0.03666666666666667
0 0.20357142857142857 0.5641666666666667 0.05 0.03666666666666667
0 0.22642857142857142 0.5708333333333334 0.05 0.03666666666666667
0 0.24785714285714286 0.5658333333333334 0.05 0.03666666666666667
0 0.27 0.5658333333333334 0.05 0.03666666666666667
0 0.2985714285714286 0.5766666666666667 0.05 0.03666666666666667
0 0.32785714285714285 0.5700000000000001 0.05 0.03666666666666667
0 0.35714285714285715 0.5783333333333334 0.05 0.03666666666666667
0 0.38 0.5708333333333334 0.05 0.03666666666666667
0 0.4092857142857143 0.5816666666666667 0.05 0.03666666666666667
0 0.43357142857142855 0.5775 0.05 0.03666666666666667
0 0.45714285714285713 0.5866666666666667 0.05 0.03666666666666667
0 0.4757142857142857 0.5833333333333334 0.05 0.03666666666666667
0 0.5685714285714286 0.5491666666666667 0.05 0.03666666666666667
0 0.5878571428571429 0.5441666666666667 0.05 0.03666666666666667
0 0.6121428571428571 0.5408333333333334 0.05 0.03666666666666667
0 0.6442857142857142 0.5358333333333334 0.05 0.03666666666666667
0 0.6657142857142857 0.5425 0.05 0.03666666666666667
0 0.6885714285714286 0.5483333333333333 0.05 0.03666666666666667
0 0.7785714285714286 0.5683333333333334 0.05 0.03666666666666667
0 0.7921428571428571 0.5608333333333334 0.05 0.03666666666666667
0 0.8192857142857143 0.5591666666666667 0.05 0.03666666666666667
0 0.85 0.5541666666666667 0.05 0.03666666666666667
0 0.8714285714285714 0.5416666666666667 0.05 0.03666666666666667
0 0.8992857142857142 0.5416666666666667 0.05 0.03666666666666667
0 0.9171428571428571 0.5275000000000001 0.05 0.03666666666666667
0 0.9421428571428572 0.54 0.05 0.03666666666666667
0 0.9585714285714285 0.5266666666666667 0.05 0.03666666666666667
0 0.9678571428571429 0.5433333333333333 0.05 0.03666666666666667
