0 0.028214285714285713 0.54625 0.047857142857142855 0.03916666666666667
0 0.05107142857142857 0.5304166666666666 0.047857142857142855 0.03916666666666667
0 0.07892857142857143 0.5245833333333334 0.047857142857142855 0.03916666666666667
0 0.10392857142857143 0.5254166666666668 0.047857142857142855 0.03916666666666667
0 0.1275 0.5170833333333333 0.047857142857142855 0.03916666666666667
0 0.14821428571428572 0.5229166666666667 0.047857142857142855 0.03916666666666667
0 0.16892857142857143 0.5254166666666668 0.047857142857142855 0.03916666666666667
0 0.19464285714285715 0.5345833333333334 0.047857142857142855 0.03916666666666667
0 0.2275 0.5420833333333334 0.047857142857142855 0.03916666666666667
0 0.2617857142857143 0.5545833333333333 0.047857142857142855 0.03916666666666667
0 0.2875 0.5620833333333334 0.047857142857142855 0.03916666666666667
0 0.31464285714285717 0.5654166666666667 0.047857142857142855 0.03916666666666667
0 0.3482142857142857 0.5704166666666667 0.047857142857142855 0.03916666666666667
0 0.3775 0.5804166666666667 0.047857142857142855 0.03916666666666667
0 0.4210714285714286 0.5804166666666667 0.047857142857142855 0.03916666666666667
0 0.45107142857142857 0.57125 0.047857142857142855 0.03916666666666667
0 0.48464285714285715 0.5770833333333334 0.047857142857142855 0.03916666666666667
0 0.4982142857142857 0.5520833333333334 0.047857142857142855 0.03916666666666667
0 0.5332142857142858 0.5579166666666667 0.047857142857142855 0.03916666666666667
0 0.5453571428571429 0.5487500000000001 0.047857142857142855 0.03916666666666667
0 0.5810714285714286 0.56125 0.047857142857142855 0.03916666666666667
0 0.6067857142857143 0.54625 0.047857142857142855 0.03916666666666667
0 0.6260714285714286 0.5637500000000001 0.047857142857142855 0.03916666666666667
0 0.6539285714285714 0.5479166666666667 0.047857142857142855 0.03916666666666667
0 0.6932142857142857 0.5579166666666667 0.047857142857142855 0.03916666666666667
0 0.8367857142857142 0.5329166666666667 0.047857142857142855 0.03916666666666667
0 0.8703571428571428 0.5437500000000001 0.047857142857142855 0.03916666666666667
0 0.8932142857142857 0.53625 0.047857142857142855 0.03916666666666667
0 0.9296428571428571 0.5254166666666668 0.047857142857142855 0.03916666666666667
0 0.9525 0.5387500000000001 0.047857142857142855 0.03916666666666667
0 0.9667857142857142 0.5337500000000001 0.047857142857142855 0.03916666666666667
