0 0.031785714285714285 0.5416666666666667 0.04928571428571429 0.028333333333333335
0 0.048214285714285716 0.5341666666666667 0.04928571428571429 0.028333333333333335
0 0.14535714285714285 0.5225000000000001 0.04928571428571429 0.028333333333333335
0 0.16607142857142856 0.5291666666666667 0.04928571428571429 0.028333333333333335
0 0.19464285714285715 0.5241666666666667 0.04928571428571429 0.028333333333333335
0 0.22392857142857142 0.5225000000000001 0.04928571428571429 0.028333333333333335
0 0.25392857142857145 0.5266666666666667 0.04928571428571429 0.028333333333333335
0 0.2775 0.525 0.04928571428571429 0.028333333333333335
0 0.30464285714285716 0.52 0.04928571428571429 0.028333333333333335
0 0.3275 0.5308333333333334 0.04928571428571429 0.028333333333333335
0 0.32607142857142857 0.5391666666666667 0.04928571428571429 0.028333333333333335
0 0.3525 0.5316666666666667 0.04928571428571429 0.028333333333333335
0 0.4682142857142857 0.5516666666666667 0.04928571428571429 0.028333333333333335
0 0.4067857142857143 0.5416666666666667 0.04928571428571429 0.028333333333333335
0 0.43107142857142855 0.5516666666666667 0.04928571428571429 0.028333333333333335
0 0.49107142857142855 0.5566666666666668 0.04928571428571429 0.028333333333333335
0 0.5110714285714286 0.5541666666666667 0.04928571428571429 0.028333333333333335
0 0.5403571428571429 0.5541666666666667 0.04928571428571429 0.028333333333333335
0 0.5689285714285715 0.5583333333333333 0.04928571428571429 0.028333333333333335
0 0.6017857142857143 0.5591666666666667 0.04928571428571429 0.028333333333333335
