0 0.1742857142857143 0.3591666666666667 0.10571428571428572 0.03833333333333334
0 0.215 0.3616666666666667 0.10571428571428572 0.03833333333333334
0 0.2757142857142857 0.3616666666666667 0.10571428571428572 0.03833333333333334
0 0.325 0.35750000000000004 0.10571428571428572 0.03833333333333334
0 0.41285714285714287 0.3425 0.10571428571428572 0.03833333333333334
0 0.4928571428571429 0.32666666666666666 0.10571428571428572 0.03833333333333334
0 0.5764285714285714 0.3616666666666667 0.10571428571428572 0.03833333333333334
0 0.73 0.37583333333333335 0.10571428571428572 0.03833333333333334
0 0.7885714285714286 0.3741666666666667 0.10571428571428572 0.03833333333333334
0 0.8342857142857143 0.36333333333333334 0.10571428571428572 0.03833333333333334
0 0.8864285714285715 0.37083333333333335 0.10571428571428572 0.03833333333333334
