0 0.027857142857142858 0.5204166666666667 0.041428571428571426 0.035833333333333335
0 0.04285714285714286 0.5170833333333333 0.041428571428571426 0.035833333333333335
0 0.06428571428571428 0.51625 0.041428571428571426 0.035833333333333335
0 0.08428571428571428 0.51875 0.041428571428571426 0.035833333333333335
0 0.10357142857142858 0.51875 0.041428571428571426 0.035833333333333335
0 0.12357142857142857 0.51375 0.041428571428571426 0.035833333333333335
0 0.1492857142857143 0.52125 0.041428571428571426 0.035833333333333335
0 0.16785714285714284 0.50625 0.041428571428571426 0.035833333333333335
0 0.18857142857142858 0.49541666666666667 0.041428571428571426 0.035833333333333335
0 0.21785714285714286 0.48625 0.041428571428571426 0.035833333333333335
0 0.24928571428571428 0.4945833333333334 0.041428571428571426 0.035833333333333335
0 0.2692857142857143 0.49625 0.041428571428571426 0.035833333333333335
0 0.28214285714285714 0.49125 0.041428571428571426 0.035833333333333335
0 0.2592857142857143 0.5654166666666667 0.041428571428571426 0.035833333333333335
0 0.28 0.5679166666666667 0.041428571428571426 0.035833333333333335
0 0.30214285714285716 0.5695833333333333 0.041428571428571426 0.035833333333333335
0 0.3271428571428571 0.5695833333333333 0.041428571428571426 0.035833333333333335
0 0.3407142857142857 0.5695833333333333 0.041428571428571426 0.035833333333333335
0 0.3707142857142857 0.5670833333333334 0.041428571428571426 0.035833333333333335
0 0.3964285714285714 0.5720833333333334 0.041428571428571426 0.035833333333333335
0 0.41785714285714287 0.5620833333333334 0.041428571428571426 0.035833333333333335
0 0.5028571428571429 0.5395833333333334 0.041428571428571426 0.035833333333333335
0 0.5285714285714286 0.5445833333333334 0.041428571428571426 0.035833333333333335
0 0.5535714285714286 0.5520833333333334 0.041428571428571426 0.035833333333333335
0 0.5792857142857143 0.5620833333333334 0.041428571428571426 0.035833333333333335
0 0.5971428571428572 0.5654166666666667 0.041428571428571426 0.035833333333333335
0 0.6207142857142857 0.5637500000000001 0.041428571428571426 0.035833333333333335
0 0.6471428571428571 0.5679166666666667 0.041428571428571426 0.035833333333333335
0 0.6735714285714286 0.5604166666666667 0.041428571428571426 0.035833333333333335
0 0.6921428571428572 0.5645833333333333 0.041428571428571426 0.035833333333333335
0 0.7192857142857143 0.5654166666666667 0.041428571428571426 0.035833333333333335
0 0.7428571428571429 0.5654166666666667 0.041428571428571426 0.035833333333333335
0 0.7557142857142857 0.5720833333333334 0.041428571428571426 0.035833333333333335
0 0.7807142857142857 0.5645833333333333 0.041428571428571426 0.035833333333333335
0 0.8014285714285714 0.55625 0.041428571428571426 0.035833333333333335
0 0.8228571428571428 0.5479166666666667 0.041428571428571426 0.035833333333333335
0 0.8457142857142858 0.5329166666666667 0.041428571428571426 0.035833333333333335
0 0.8757142857142857 0.5245833333333334 0.041428571428571426 0.035833333333333335
0 0.8907142857142857 0.5145833333333334 0.041428571428571426 0.035833333333333335
0 0.91 0.5229166666666667 0.041428571428571426 0.035833333333333335
0 0.9314285714285714 0.52125 0.041428571428571426 0.035833333333333335
0 0.9435714285714286 0.52125 0.041428571428571426 0.035833333333333335
0 0.96 0.51625 0.041428571428571426 0.035833333333333335
0 0.9721428571428572 0.5095833333333334 0.041428571428571426 0.035833333333333335
