0 0.030714285714285715 0.5091666666666667 0.05285714285714286 0.03833333333333334
0 0.045714285714285714 0.4991666666666667 0.05285714285714286 0.03833333333333334
0 0.07071428571428572 0.49250000000000005 0.05285714285714286 0.03833333333333334
0 0.10214285714285715 0.49250000000000005 0.05285714285714286 0.03833333333333334
0 0.13 0.4916666666666667 0.05285714285714286 0.03833333333333334
0 0.15285714285714286 0.49083333333333334 0.05285714285714286 0.03833333333333334
0 0.18357142857142858 0.48333333333333334 0.05285714285714286 0.03833333333333334
0 0.22285714285714286 0.4783333333333334 0.05285714285714286 0.03833333333333334
0 0.26 0.4633333333333334 0.05285714285714286 0.03833333333333334
0 0.2757142857142857 0.4608333333333334 0.05285714285714286 0.03833333333333334
0 0.2985714285714286 0.44583333333333336 0.05285714285714286 0.03833333333333334
0 0.32071428571428573 0.43750000000000006 0.05285714285714286 0.03833333333333334
0 0.34785714285714286 0.43500000000000005 0.05285714285714286 0.03833333333333334
0 0.37785714285714284 0.4425 0.05285714285714286 0.03833333333333334
0 0.3985714285714286 0.4441666666666667 0.05285714285714286 0.03833333333333334
0 0.42214285714285715 0.4466666666666667 0.05285714285714286 0.03833333333333334
0 0.4514285714285714 0.4625 0.05285714285714286 0.03833333333333334
0 0.48214285714285715 0.4733333333333334 0.05285714285714286 0.03833333333333334
0 0.5 0.48583333333333334 0.05285714285714286 0.03833333333333334
0 0.5171428571428571 0.4841666666666667 0.05285714285714286 0.03833333333333334
0 0.5442857142857143 0.49000000000000005 0.05285714285714286 0.03833333333333334
0 0.5642857142857143 0.49083333333333334 0.05285714285714286 0.03833333333333334
0 0.59 0.4941666666666667 0.05285714285714286 0.03833333333333334
0 0.6092857142857143 0.5008333333333334 0.05285714285714286 0.03833333333333334
0 0.6278571428571429 0.5058333333333334 0.05285714285714286 0.03833333333333334
0 0.6528571428571428 0.5183333333333333 0.05285714285714286 0.03833333333333334
0 0.68 0.5341666666666667 0.05285714285714286 0.03833333333333334
0 0.7035714285714286 0.555 0.05285714285714286 0.03833333333333334
0 0.7285714285714285 0.5650000000000001 0.05285714285714286 0.03833333333333334
0 0.7564285714285715 0.5808333333333334 0.05285714285714286 0.03833333333333334
0 0.7764285714285715 0.5808333333333334 0.05285714285714286 0.03833333333333334
0 0.7907142857142857 0.5666666666666667 0.05285714285714286 0.03833333333333334
0 0.8064285714285714 0.5566666666666668 0.05285714285714286 0.03833333333333334
0 0.8264285714285714 0.5516666666666667 0.05285714285714286 0.03833333333333334
0 0.8414285714285714 0.5566666666666668 0.05285714285714286 0.03833333333333334
0 0.8557142857142858 0.5575 0.05285714285714286 0.03833333333333334
0 0.8628571428571429 0.56 0.05285714285714286 0.03833333333333334
