0 0.031071428571428573 0.51 0.056428571428571425 0.035
0 0.0375 0.48333333333333334 0.056428571428571425 0.035
0 0.048214285714285716 0.4658333333333334 0.056428571428571425 0.035
0 0.07678571428571429 0.46166666666666667 0.056428571428571425 0.035
0 0.11107142857142857 0.4608333333333334 0.056428571428571425 0.035
0 0.13035714285714287 0.4633333333333334 0.056428571428571425 0.035
0 0.08892857142857143 0.4816666666666667 0.056428571428571425 0.035
0 0.11892857142857143 0.49583333333333335 0.056428571428571425 0.035
0 0.13964285714285715 0.5066666666666667 0.056428571428571425 0.035
0 0.15892857142857142 0.5166666666666667 0.056428571428571425 0.035
0 0.1825 0.53 0.056428571428571425 0.035
0 0.1925 0.54 0.056428571428571425 0.035
0 0.21035714285714285 0.5675 0.056428571428571425 0.035
0 0.2332142857142857 0.5658333333333334 0.056428571428571425 0.035
0 0.2575 0.5683333333333334 0.056428571428571425 0.035
0 0.2925 0.5716666666666667 0.056428571428571425 0.035
0 0.31607142857142856 0.5675 0.056428571428571425 0.035
0 0.3432142857142857 0.5608333333333334 0.056428571428571425 0.035
0 0.3603571428571429 0.5458333333333334 0.056428571428571425 0.035
0 0.3817857142857143 0.5508333333333334 0.056428571428571425 0.035
0 0.4067857142857143 0.5475 0.056428571428571425 0.035
0 0.42464285714285716 0.5425 0.056428571428571425 0.035
0 0.4525 0.535 0.056428571428571425 0.035
0 0.48392857142857143 0.54 0.056428571428571425 0.035
0 0.5067857142857143 0.5441666666666667 0.056428571428571425 0.035
0 0.5367857142857143 0.5358333333333334 0.056428571428571425 0.035
0 0.5589285714285714 0.5316666666666667 0.056428571428571425 0.035
0 0.5746428571428571 0.5316666666666667 0.056428571428571425 0.035
0 0.5982142857142857 0.5333333333333333 0.056428571428571425 0.035
0 0.6217857142857143 0.5358333333333334 0.056428571428571425 0.035
0 0.6346428571428572 0.5266666666666667 0.056428571428571425 0.035
0 0.6496428571428572 0.525 0.056428571428571425 0.035
0 0.6732142857142858 0.5166666666666667 0.056428571428571425 0.035
0 0.7010714285714286 0.5266666666666667 0.056428571428571425 0.035
0 0.7210714285714286 0.5266666666666667 0.056428571428571425 0.035
0 0.7382142857142857 0.5291666666666667 0.056428571428571425 0.035
0 0.7632142857142857 0.5375000000000001 0.056428571428571425 0.035
0 0.7946428571428571 0.54 0.056428571428571425 0.035
0 0.8132142857142857 0.5433333333333333 0.056428571428571425 0.035
0 0.8539285714285715 0.5533333333333333 0.056428571428571425 0.035
0 0.8653571428571428 0.5575 0.056428571428571425 0.035
0 0.8882142857142857 0.5591666666666667 0.056428571428571425 0.035
0 0.9146428571428571 0.5591666666666667 0.056428571428571425 0.035
0 0.9425 0.5566666666666668 0.056428571428571425 0.035
0 0.9639285714285715 0.5525 0.056428571428571425 0.035
