0 0.035 0.525 0.06 0.03833333333333334
0 0.047857142857142855 0.5375000000000001 0.06 0.03833333333333334
0 0.07714285714285714 0.5391666666666667 0.06 0.03833333333333334
0 0.11285714285714285 0.5408333333333334 0.06 0.03833333333333334
0 0.14785714285714285 0.535 0.06 0.03833333333333334
0 0.17785714285714285 0.5441666666666667 0.06 0.03833333333333334
0 0.20214285714285715 0.5441666666666667 0.06 0.03833333333333334
0 0.23285714285714285 0.54 0.06 0.03833333333333334
0 0.25357142857142856 0.54 0.06 0.03833333333333334
0 0.2742857142857143 0.545 0.06 0.03833333333333334
0 0.29714285714285715 0.5491666666666667 0.06 0.03833333333333334
0 0.3364285714285714 0.5383333333333333 0.06 0.03833333333333334
0 0.3657142857142857 0.5183333333333333 0.06 0.03833333333333334
0 0.4092857142857143 0.5091666666666667 0.06 0.03833333333333334
0 0.44857142857142857 0.5091666666666667 0.06 0.03833333333333334
0 0.485 0.5166666666666667 0.06 0.03833333333333334
0 0.5335714285714286 0.5266666666666667 0.06 0.03833333333333334
0 0.5678571428571428 0.5316666666666667 0.06 0.03833333333333334
0 0.6192857142857143 0.5341666666666667 0.06 0.03833333333333334
0 0.6528571428571428 0.5341666666666667 0.06 0.03833333333333334
0 0.6828571428571428 0.5316666666666667 0.06 0.03833333333333334
0 0.7185714285714285 0.5308333333333334 0.06 0.03833333333333334
0 0.7564285714285715 0.5308333333333334 0.06 0.03833333333333334
0 0.7857142857142857 0.5291666666666667 0.06 0.03833333333333334
0 0.8271428571428572 0.52 0.06 0.03833333333333334
0 0.8507142857142858 0.5291666666666667 0.06 0.03833333333333334
0 0.88 0.5316666666666667 0.06 0.03833333333333334
0 0.9207142857142857 0.5291666666666667 0.06 0.03833333333333334
0 0.9464285714285714 0.5433333333333333 0.06 0.03833333333333334
0 0.9642857142857143 0.5516666666666667 0.06 0.03833333333333334
