0 0.029285714285714286 0.5158333333333334 0.054285714285714284 0.03666666666666667
0 0.052142857142857144 0.5158333333333334 0.054285714285714284 0.03666666666666667
0 0.08428571428571428 0.5116666666666667 0.054285714285714284 0.03666666666666667
0 0.11428571428571428 0.5066666666666667 0.054285714285714284 0.03666666666666667
0 0.155 0.5066666666666667 0.054285714285714284 0.03666666666666667
0 0.17785714285714285 0.5191666666666667 0.054285714285714284 0.03666666666666667
0 0.21214285714285713 0.5258333333333334 0.054285714285714284 0.03666666666666667
0 0.2557142857142857 0.5425 0.054285714285714284 0.03666666666666667
0 0.2914285714285714 0.5475 0.054285714285714284 0.03666666666666667
0 0.31642857142857145 0.5608333333333334 0.054285714285714284 0.03666666666666667
0 0.4092857142857143 0.5516666666666667 0.054285714285714284 0.03666666666666667
0 0.43857142857142856 0.5625 0.054285714285714284 0.03666666666666667
0 0.4785714285714286 0.56 0.054285714285714284 0.03666666666666667
0 0.5435714285714286 0.6433333333333334 0.054285714285714284 0.03666666666666667
0 0.565 0.655 0.054285714285714284 0.03666666666666667
0 0.5892857142857143 0.6675000000000001 0.054285714285714284 0.03666666666666667
0 0.6164285714285714 0.6766666666666667 0.054285714285714284 0.03666666666666667
0 0.6435714285714286 0.6716666666666667 0.054285714285714284 0.03666666666666667
0 0.665 0.6941666666666667 0.054285714285714284 0.03666666666666667
0 0.6807142857142857 0.7158333333333334 0.054285714285714284 0.03666666666666667
0 0.6992857142857143 0.7316666666666667 0.054285714285714284 0.03666666666666667
0 0.7264285714285714 0.745 0.054285714285714284 0.03666666666666667
0 0.7557142857142857 0.7316666666666667 0.054285714285714284 0.03666666666666667
0 0.785 0.7508333333333334 0.054285714285714284 0.03666666666666667
0 0.8064285714285714 0.7566666666666667 0.054285714285714284 0.03666666666666667
0 0.825 0.7525000000000001 0.054285714285714284 0.03666666666666667
0 0.8235714285714286 0.7508333333333334 0.054285714285714284 0.03666666666666667
