0 0.03357142857142857 0.6970833333333334 0.054285714285714284 0.03416666666666667
0 0.047857142857142855 0.68625 0.054285714285714284 0.03416666666666667
0 0.065 0.68125 0.054285714285714284 0.03416666666666667
0 0.09142857142857143 0.6687500000000001 0.054285714285714284 0.03416666666666667
0 0.11857142857142858 0.65625 0.054285714285714284 0.03416666666666667
0 0.14142857142857143 0.64125 0.054285714285714284 0.03416666666666667
0 0.17 0.6295833333333334 0.054285714285714284 0.03416666666666667
0 0.205 0.6270833333333333 0.054285714285714284 0.03416666666666667
0 0.23785714285714285 0.6220833333333333 0.054285714285714284 0.03416666666666667
0 0.26357142857142857 0.6262500000000001 0.054285714285714284 0.03416666666666667
0 0.2835714285714286 0.61875 0.054285714285714284 0.03416666666666667
0 0.42142857142857143 0.6754166666666667 0.054285714285714284 0.03416666666666667
0 0.4521428571428571 0.6779166666666667 0.054285714285714284 0.03416666666666667
0 0.4757142857142857 0.6779166666666667 0.054285714285714284 0.03416666666666667
0 0.5042857142857143 0.6804166666666667 0.054285714285714284 0.03416666666666667
0 0.5214285714285715 0.6729166666666667 0.054285714285714284 0.03416666666666667
0 0.5514285714285714 0.6670833333333334 0.054285714285714284 0.03416666666666667
0 0.5742857142857143 0.6695833333333334 0.054285714285714284 0.03416666666666667
0 0.6028571428571429 0.6745833333333334 0.054285714285714284 0.03416666666666667
0 0.735 0.6779166666666667 0.054285714285714284 0.03416666666666667
0 0.7478571428571429 0.6745833333333334 0.054285714285714284 0.03416666666666667
0 0.7628571428571429 0.6704166666666667 0.054285714285714284 0.03416666666666667
0 0.7964285714285714 0.66625 0.054285714285714284 0.03416666666666667
0 0.8421428571428572 0.6745833333333334 0.054285714285714284 0.03416666666666667
0 0.8614285714285714 0.6695833333333334 0.054285714285714284 0.03416666666666667
0 0.89 0.6629166666666667 0.054285714285714284 0.03416666666666667
0 0.9107142857142857 0.6629166666666667 0.054285714285714284 0.03416666666666667
0 0.9335714285714286 0.6629166666666667 0.054285714285714284 0.03416666666666667
0 0.9528571428571428 0.6720833333333334 0.054285714285714284 0.03416666666666667
0 0.9671428571428572 0.6770833333333334 0.054285714285714284 0.03416666666666667
