0 0.033928571428571426 0.6625000000000001 0.05785714285714286 0.035
0 0.06035714285714286 0.655 0.05785714285714286 0.035
0 0.09535714285714286 0.6483333333333334 0.05785714285714286 0.035
0 0.12964285714285714 0.6491666666666667 0.05785714285714286 0.035
0 0.15892857142857142 0.6616666666666667 0.05785714285714286 0.035
0 0.18607142857142858 0.6666666666666667 0.05785714285714286 0.035
0 0.2125 0.6675000000000001 0.05785714285714286 0.035
0 0.26321428571428573 0.6708333333333334 0.05785714285714286 0.035
0 0.2767857142857143 0.6525000000000001 0.05785714285714286 0.035
0 0.31607142857142856 0.6583333333333333 0.05785714285714286 0.035
0 0.3632142857142857 0.6466666666666667 0.05785714285714286 0.035
0 0.4025 0.6466666666666667 0.05785714285714286 0.035
0 0.4282142857142857 0.6333333333333334 0.05785714285714286 0.035
0 0.4639285714285714 0.6166666666666667 0.05785714285714286 0.035
0 0.5117857142857143 0.5975 0.05785714285714286 0.035
0 0.5432142857142858 0.6000000000000001 0.05785714285714286 0.035
0 0.5667857142857143 0.5950000000000001 0.05785714285714286 0.035
0 0.5982142857142857 0.5908333333333333 0.05785714285714286 0.035
0 0.6217857142857143 0.5800000000000001 0.05785714285714286 0.035
0 0.7017857142857142 0.5850000000000001 0.05785714285714286 0.035
0 0.7210714285714286 0.6141666666666667 0.05785714285714286 0.035
0 0.7567857142857143 0.6266666666666667 0.05785714285714286 0.035
0 0.7817857142857143 0.6366666666666667 0.05785714285714286 0.035
0 0.8132142857142857 0.6466666666666667 0.05785714285714286 0.035
0 0.8546428571428571 0.6375000000000001 0.05785714285714286 0.035
0 0.8896428571428572 0.6458333333333334 0.05785714285714286 0.035
0 0.9125 0.6283333333333334 0.05785714285714286 0.035
0 0.9403571428571429 0.6316666666666667 0.05785714285714286 0.035
0 0.9532142857142857 0.6291666666666667 0.05785714285714286 0.035
0 0.9660714285714286 0.625 0.05785714285714286 0.035
