0 0.030357142857142857 0.5908333333333333 0.056428571428571425 0.035
0 0.046785714285714285 0.5958333333333333 0.056428571428571425 0.035
0 0.07178571428571429 0.6133333333333334 0.056428571428571425 0.035
0 0.21821428571428572 0.6216666666666667 0.056428571428571425 0.035
0 0.23892857142857143 0.6191666666666668 0.056428571428571425 0.035
0 0.2596428571428571 0.6191666666666668 0.056428571428571425 0.035
0 0.2832142857142857 0.6166666666666667 0.056428571428571425 0.035
0 0.3125 0.6158333333333333 0.056428571428571425 0.035
0 0.33035714285714285 0.6141666666666667 0.056428571428571425 0.035
0 0.41035714285714286 0.5891666666666667 0.056428571428571425 0.035
0 0.4317857142857143 0.5958333333333333 0.056428571428571425 0.035
0 0.45035714285714284 0.6041666666666667 0.056428571428571425 0.035
0 0.4732142857142857 0.6083333333333334 0.056428571428571425 0.035
0 0.4975 0.61 0.056428571428571425 0.035
0 0.5239285714285714 0.6075 0.056428571428571425 0.035
0 0.5525 0.61 0.056428571428571425 0.035
0 0.5917857142857142 0.6116666666666667 0.056428571428571425 0.035
0 0.6167857142857143 0.6208333333333333 0.056428571428571425 0.035
0 0.6382142857142857 0.6275000000000001 0.056428571428571425 0.035
0 0.6660714285714285 0.6233333333333334 0.056428571428571425 0.035
0 0.7010714285714286 0.6283333333333334 0.056428571428571425 0.035
0 0.7946428571428571 0.6975 0.056428571428571425 0.035
0 0.8132142857142857 0.7066666666666667 0.056428571428571425 0.035
0 0.8367857142857142 0.7158333333333334 0.056428571428571425 0.035
0 0.6867857142857143 0.6325000000000001 0.056428571428571425 0.035
