0 0.04607142857142857 0.5804166666666667 0.06785714285714285 0.03916666666666667
0 0.054642857142857146 0.56125 0.06785714285714285 0.03916666666666667
0 0.0725 0.5437500000000001 0.06785714285714285 0.03916666666666667
0 0.10035714285714285 0.52375 0.06785714285714285 0.03916666666666667
0 0.13035714285714287 0.5104166666666667 0.06785714285714285 0.03916666666666667
0 0.1625 0.5170833333333333 0.06785714285714285 0.03916666666666667
0 0.18535714285714286 0.52375 0.06785714285714285 0.03916666666666667
0 0.1975 0.51375 0.06785714285714285 0.03916666666666667
0 0.21964285714285714 0.5020833333333333 0.06785714285714285 0.03916666666666667
0 0.23892857142857143 0.5170833333333333 0.06785714285714285 0.03916666666666667
0 0.26607142857142857 0.5145833333333334 0.06785714285714285 0.03916666666666667
0 0.2889285714285714 0.5095833333333334 0.06785714285714285 0.03916666666666667
0 0.30892857142857144 0.5095833333333334 0.06785714285714285 0.03916666666666667
0 0.35035714285714287 0.5170833333333333 0.06785714285714285 0.03916666666666667
0 0.38821428571428573 0.5320833333333334 0.06785714285714285 0.03916666666666667
0 0.41535714285714287 0.5404166666666667 0.06785714285714285 0.03916666666666667
0 0.43464285714285716 0.5420833333333334 0.06785714285714285 0.03916666666666667
0 0.4539285714285714 0.5329166666666667 0.06785714285714285 0.03916666666666667
0 0.4782142857142857 0.5354166666666667 0.06785714285714285 0.03916666666666667
0 0.5075 0.5379166666666667 0.06785714285714285 0.03916666666666667
0 0.5325 0.53125 0.06785714285714285 0.03916666666666667
0 0.5703571428571429 0.5354166666666667 0.06785714285714285 0.03916666666666667
0 0.6917857142857143 0.4929166666666667 0.06785714285714285 0.03916666666666667
0 0.7210714285714286 0.49625 0.06785714285714285 0.03916666666666667
0 0.7575 0.48875 0.06785714285714285 0.03916666666666667
0 0.7917857142857143 0.4979166666666667 0.06785714285714285 0.03916666666666667
0 0.8153571428571429 0.5120833333333333 0.06785714285714285 0.03916666666666667
0 0.8553571428571428 0.5004166666666667 0.06785714285714285 0.03916666666666667
0 0.8860714285714286 0.5054166666666667 0.06785714285714285 0.03916666666666667
0 0.9125 0.5104166666666667 0.06785714285714285 0.03916666666666667
0 0.9232142857142858 0.49875 0.06785714285714285 0.03916666666666667
0 0.9482142857142857 0.4920833333333334 0.06785714285714285 0.03916666666666667
0 0.9596428571428571 0.4929166666666667 0.06785714285714285 0.03916666666666667
