0 0.03464285714285714 0.48458333333333337 0.060714285714285714 0.03416666666666667
0 0.04964285714285714 0.48708333333333337 0.060714285714285714 0.03416666666666667
0 0.07964285714285714 0.4929166666666667 0.060714285714285714 0.03416666666666667
0 0.10107142857142858 0.49541666666666667 0.060714285714285714 0.03416666666666667
0 0.1175 0.4904166666666667 0.060714285714285714 0.03416666666666667
0 0.14892857142857144 0.4779166666666667 0.060714285714285714 0.03416666666666667
0 0.1775 0.4704166666666667 0.060714285714285714 0.03416666666666667
0 0.20107142857142857 0.46958333333333335 0.060714285714285714 0.03416666666666667
0 0.26607142857142857 0.49875 0.060714285714285714 0.03416666666666667
0 0.2875 0.5012500000000001 0.060714285714285714 0.03416666666666667
0 0.3067857142857143 0.49125 0.060714285714285714 0.03416666666666667
0 0.3367857142857143 0.48375 0.060714285714285714 0.03416666666666667
0 0.36178571428571427 0.4779166666666667 0.060714285714285714 0.03416666666666667
0 0.38821428571428573 0.4754166666666667 0.060714285714285714 0.03416666666666667
0 0.4082142857142857 0.4679166666666667 0.060714285714285714 0.03416666666666667
0 0.44535714285714284 0.4679166666666667 0.060714285714285714 0.03416666666666667
0 0.4625 0.46208333333333335 0.060714285714285714 0.03416666666666667
0 0.49392857142857144 0.46208333333333335 0.060714285714285714 0.03416666666666667
0 0.5253571428571429 0.45958333333333334 0.060714285714285714 0.03416666666666667
0 0.5496428571428571 0.45708333333333334 0.060714285714285714 0.03416666666666667
0 0.5803571428571429 0.45458333333333334 0.060714285714285714 0.03416666666666667
0 0.6246428571428572 0.45708333333333334 0.060714285714285714 0.03416666666666667
0 0.6546428571428572 0.4679166666666667 0.060714285714285714 0.03416666666666667
0 0.6739285714285714 0.48125 0.060714285714285714 0.03416666666666667
0 0.7010714285714286 0.4945833333333334 0.060714285714285714 0.03416666666666667
0 0.7346428571428572 0.5054166666666667 0.060714285714285714 0.03416666666666667
0 0.7653571428571428 0.5004166666666667 0.060714285714285714 0.03416666666666667
0 0.8003571428571429 0.4929166666666667 0.060714285714285714 0.03416666666666667
0 0.8296428571428571 0.48625 0.060714285714285714 0.03416666666666667
0 0.8517857142857143 0.4879166666666667 0.060714285714285714 0.03416666666666667
0 0.8767857142857143 0.4929166666666667 0.060714285714285714 0.03416666666666667
0 0.9017857142857143 0.49541666666666667 0.060714285714285714 0.03416666666666667
0 0.9232142857142858 0.5029166666666667 0.060714285714285714 0.03416666666666667
0 0.9396428571428571 0.4995833333333334 0.060714285714285714 0.03416666666666667
0 0.9617857142857142 0.5045833333333334 0.060714285714285714 0.03416666666666667
