0 0.03214285714285714 0.47458333333333336 0.054285714285714284 0.0325
0 0.04428571428571428 0.48458333333333337 0.054285714285714284 0.0325
0 0.07642857142857143 0.48458333333333337 0.054285714285714284 0.0325
0 0.11071428571428571 0.47958333333333336 0.054285714285714284 0.0325
0 0.13785714285714284 0.4754166666666667 0.054285714285714284 0.0325
0 0.175 0.4754166666666667 0.054285714285714284 0.0325
0 0.20214285714285715 0.48708333333333337 0.054285714285714284 0.0325
0 0.225 0.48125 0.054285714285714284 0.0325
0 0.25142857142857145 0.4854166666666667 0.054285714285714284 0.0325
0 0.2764285714285714 0.4904166666666667 0.054285714285714284 0.0325
0 0.30142857142857143 0.49875 0.054285714285714284 0.0325
0 0.33071428571428574 0.5095833333333334 0.054285714285714284 0.0325
0 0.34785714285714286 0.5054166666666667 0.054285714285714284 0.0325
0 0.37857142857142856 0.5012500000000001 0.054285714285714284 0.0325
0 0.4064285714285714 0.50375 0.054285714285714284 0.0325
0 0.4357142857142857 0.5029166666666667 0.054285714285714284 0.0325
0 0.4664285714285714 0.5054166666666667 0.054285714285714284 0.0325
0 0.4835714285714286 0.4995833333333334 0.054285714285714284 0.0325
0 0.5157142857142857 0.4920833333333334 0.054285714285714284 0.0325
0 0.5392857142857143 0.4970833333333334 0.054285714285714284 0.0325
0 0.5635714285714286 0.5020833333333333 0.054285714285714284 0.0325
0 0.5964285714285714 0.5012500000000001 0.054285714285714284 0.0325
0 0.6214285714285714 0.4945833333333334 0.054285714285714284 0.0325
0 0.6521428571428571 0.4945833333333334 0.054285714285714284 0.0325
0 0.6721428571428572 0.48958333333333337 0.054285714285714284 0.0325
0 0.695 0.4945833333333334 0.054285714285714284 0.0325
0 0.7257142857142858 0.5170833333333333 0.054285714285714284 0.0325
0 0.7485714285714286 0.5295833333333334 0.054285714285714284 0.0325
0 0.7657142857142857 0.5387500000000001 0.054285714285714284 0.0325
0 0.7885714285714286 0.54625 0.054285714285714284 0.0325
0 0.8157142857142857 0.5437500000000001 0.054285714285714284 0.0325
0 0.8371428571428572 0.5495833333333334 0.054285714285714284 0.0325
0 0.8585714285714285 0.55125 0.054285714285714284 0.0325
