0 0.04285714285714286 0.7050000000000001 0.06714285714285714 0.03666666666666667
0 0.054285714285714284 0.6858333333333334 0.06714285714285714 0.03666666666666667
0 0.06642857142857143 0.6683333333333333 0.06714285714285714 0.03666666666666667
0 0.07857142857142857 0.655 0.06714285714285714 0.03666666666666667
0 0.08714285714285715 0.6408333333333334 0.06714285714285714 0.03666666666666667
0 0.09785714285714285 0.6233333333333334 0.06714285714285714 0.03666666666666667
0 0.10928571428571429 0.6075 0.06714285714285714 0.03666666666666667
0 0.13428571428571429 0.5975 0.06714285714285714 0.03666666666666667
0 0.15928571428571428 0.5983333333333334 0.06714285714285714 0.03666666666666667
0 0.18642857142857142 0.5958333333333333 0.06714285714285714 0.03666666666666667
0 0.20642857142857143 0.5933333333333334 0.06714285714285714 0.03666666666666667
0 0.22714285714285715 0.5958333333333333 0.06714285714285714 0.03666666666666667
0 0.25 0.5958333333333333 0.06714285714285714 0.03666666666666667
0 0.26571428571428574 0.6008333333333333 0.06714285714285714 0.03666666666666667
0 0.04214285714285714 0.5441666666666667 0.06714285714285714 0.03666666666666667
0 0.05785714285714286 0.5466666666666667 0.06714285714285714 0.03666666666666667
0 0.07571428571428572 0.5466666666666667 0.06714285714285714 0.03666666666666667
0 0.09285714285714286 0.5483333333333333 0.06714285714285714 0.03666666666666667
0 0.10928571428571429 0.5508333333333334 0.06714285714285714 0.03666666666666667
0 0.12285714285714286 0.5425 0.06714285714285714 0.03666666666666667
0 0.14785714285714285 0.545 0.06714285714285714 0.03666666666666667
0 0.16357142857142856 0.5491666666666667 0.06714285714285714 0.03666666666666667
0 0.18 0.5516666666666667 0.06714285714285714 0.03666666666666667
0 0.19714285714285715 0.5491666666666667 0.06714285714285714 0.03666666666666667
0 0.22428571428571428 0.5466666666666667 0.06714285714285714 0.03666666666666667
0 0.235 0.5283333333333333 0.06714285714285714 0.03666666666666667
0 0.24857142857142858 0.5141666666666667 0.06714285714285714 0.03666666666666667
0 0.2664285714285714 0.5141666666666667 0.06714285714285714 0.03666666666666667
0 0.28714285714285714 0.4966666666666667 0.06714285714285714 0.03666666666666667
0 0.30428571428571427 0.48333333333333334 0.06714285714285714 0.03666666666666667
0 0.33 0.4766666666666667 0.06714285714285714 0.03666666666666667
0 0.3535714285714286 0.4783333333333334 0.06714285714285714 0.03666666666666667
0 0.38285714285714284 0.47750000000000004 0.06714285714285714 0.03666666666666667
0 0.4014285714285714 0.48333333333333334 0.06714285714285714 0.03666666666666667
0 0.42857142857142855 0.49833333333333335 0.06714285714285714 0.03666666666666667
0 0.4514285714285714 0.5175000000000001 0.06714285714285714 0.03666666666666667
0 0.4607142857142857 0.5033333333333334 0.06714285714285714 0.03666666666666667
0 0.47285714285714286 0.4891666666666667 0.06714285714285714 0.03666666666666667
0 0.49142857142857144 0.49583333333333335 0.06714285714285714 0.03666666666666667
0 0.5042857142857143 0.5 0.06714285714285714 0.03666666666666667
0 0.5257142857142857 0.51 0.06714285714285714 0.03666666666666667
0 0.55 0.5225000000000001 0.06714285714285714 0.03666666666666667
0 0.5642857142857143 0.5333333333333333 0.06714285714285714 0.03666666666666667
0 0.5792857142857143 0.5491666666666667 0.06714285714285714 0.03666666666666667
0 0.595 0.5608333333333334 0.06714285714285714 0.03666666666666667
0 0.6057142857142858 0.5741666666666667 0.06714285714285714 0.03666666666666667
0 0.6257142857142857 0.5900000000000001 0.06714285714285714 0.03666666666666667
0 0.6471428571428571 0.5975 0.06714285714285714 0.03666666666666667
0 0.6557142857142857 0.6025 0.06714285714285714 0.03666666666666667
0 0.6735714285714286 0.6025 0.06714285714285714 0.03666666666666667
0 0.6857142857142857 0.6141666666666667 0.06714285714285714 0.03666666666666667
0 0.7028571428571428 0.6233333333333334 0.06714285714285714 0.03666666666666667
0 0.7192857142857143 0.6133333333333334 0.06714285714285714 0.03666666666666667
0 0.7314285714285714 0.6108333333333333 0.06714285714285714 0.03666666666666667
0 0.7492857142857143 0.6041666666666667 0.06714285714285714 0.03666666666666667
0 0.7685714285714286 0.5991666666666667 0.06714285714285714 0.03666666666666667
0 0.79 0.5916666666666667 0.06714285714285714 0.03666666666666667
0 0.8157142857142857 0.5941666666666667 0.06714285714285714 0.03666666666666667
0 0.835 0.5991666666666667 0.06714285714285714 0.03666666666666667
0 0.8528571428571429 0.6058333333333333 0.06714285714285714 0.03666666666666667
0 0.8778571428571429 0.61 0.06714285714285714 0.03666666666666667
0 0.8964285714285715 0.6166666666666667 0.06714285714285714 0.03666666666666667
0 0.9185714285714286 0.6291666666666667 0.06714285714285714 0.03666666666666667
0 0.9414285714285714 0.6408333333333334 0.06714285714285714 0.03666666666666667
0 0.955 0.6483333333333334 0.06714285714285714 0.03666666666666667
0 0.9614285714285714 0.6525000000000001 0.06714285714285714 0.03666666666666667
