0 0.03892857142857143 0.5829166666666667 0.06642857142857143 0.04083333333333333
0 0.05392857142857143 0.58875 0.06642857142857143 0.04083333333333333
0 0.07464285714285715 0.59125 0.06642857142857143 0.04083333333333333
0 0.08964285714285715 0.6054166666666667 0.06642857142857143 0.04083333333333333
0 0.10607142857142857 0.60875 0.06642857142857143 0.04083333333333333
0 0.12678571428571428 0.6179166666666667 0.06642857142857143 0.04083333333333333
0 0.14535714285714285 0.6279166666666667 0.06642857142857143 0.04083333333333333
0 0.16892857142857143 0.6354166666666667 0.06642857142857143 0.04083333333333333
0 0.19107142857142856 0.6395833333333334 0.06642857142857143 0.04083333333333333
0 0.20964285714285713 0.64125 0.06642857142857143 0.04083333333333333
0 0.23107142857142857 0.64125 0.06642857142857143 0.04083333333333333
0 0.25821428571428573 0.64375 0.06642857142857143 0.04083333333333333
0 0.2782142857142857 0.6362500000000001 0.06642857142857143 0.04083333333333333
0 0.30178571428571427 0.6362500000000001 0.06642857142857143 0.04083333333333333
0 0.3275 0.63875 0.06642857142857143 0.04083333333333333
0 0.3460714285714286 0.6445833333333334 0.06642857142857143 0.04083333333333333
0 0.3767857142857143 0.6529166666666667 0.06642857142857143 0.04083333333333333
0 0.4010714285714286 0.6570833333333334 0.06642857142857143 0.04083333333333333
0 0.42607142857142855 0.6579166666666667 0.06642857142857143 0.04083333333333333
0 0.4446428571428571 0.6637500000000001 0.06642857142857143 0.04083333333333333
0 0.4632142857142857 0.6570833333333334 0.06642857142857143 0.04083333333333333
0 0.49107142857142855 0.6570833333333334 0.06642857142857143 0.04083333333333333
0 0.5060714285714286 0.6570833333333334 0.06642857142857143 0.04083333333333333
0 0.5232142857142857 0.6637500000000001 0.06642857142857143 0.04083333333333333
0 0.5439285714285714 0.6587500000000001 0.06642857142857143 0.04083333333333333
0 0.5703571428571429 0.6604166666666668 0.06642857142857143 0.04083333333333333
0 0.5953571428571428 0.66125 0.06642857142857143 0.04083333333333333
0 0.6189285714285714 0.65625 0.06642857142857143 0.04083333333333333
0 0.6475 0.6587500000000001 0.06642857142857143 0.04083333333333333
0 0.6689285714285714 0.65125 0.06642857142857143 0.04083333333333333
0 0.6989285714285715 0.6520833333333333 0.06642857142857143 0.04083333333333333
0 0.7210714285714286 0.6504166666666668 0.06642857142857143 0.04083333333333333
0 0.7460714285714286 0.65375 0.06642857142857143 0.04083333333333333
0 0.7853571428571429 0.65375 0.06642857142857143 0.04083333333333333
0 0.8089285714285714 0.6529166666666667 0.06642857142857143 0.04083333333333333
0 0.8503571428571428 0.6504166666666668 0.06642857142857143 0.04083333333333333
0 0.8675 0.6479166666666667 0.06642857142857143 0.04083333333333333
0 0.8882142857142857 0.64125 0.06642857142857143 0.04083333333333333
0 0.9089285714285714 0.6395833333333334 0.06642857142857143 0.04083333333333333
0 0.9339285714285714 0.6395833333333334 0.06642857142857143 0.04083333333333333
0 0.9510714285714286 0.6495833333333334 0.06642857142857143 0.04083333333333333
0 0.9603571428571429 0.65125 0.06642857142857143 0.04083333333333333
