0 0.03642857142857143 0.6370833333333333 0.05857142857142857 0.03916666666666667
0 0.052142857142857144 0.6345833333333334 0.05857142857142857 0.03916666666666667
0 0.07857142857142857 0.6420833333333333 0.05857142857142857 0.03916666666666667
0 0.10785714285714286 0.6420833333333333 0.05857142857142857 0.03916666666666667
0 0.13285714285714287 0.63875 0.05857142857142857 0.03916666666666667
0 0.16071428571428573 0.6329166666666667 0.05857142857142857 0.03916666666666667
0 0.18 0.64125 0.05857142857142857 0.03916666666666667
0 0.19714285714285715 0.6262500000000001 0.05857142857142857 0.03916666666666667
0 0.225 0.6279166666666667 0.05857142857142857 0.03916666666666667
0 0.24214285714285713 0.6295833333333334 0.05857142857142857 0.03916666666666667
0 0.2664285714285714 0.6379166666666667 0.05857142857142857 0.03916666666666667
0 0.2957142857142857 0.6470833333333333 0.05857142857142857 0.03916666666666667
0 0.32 0.6420833333333333 0.05857142857142857 0.03916666666666667
0 0.34714285714285714 0.6470833333333333 0.05857142857142857 0.03916666666666667
0 0.3707142857142857 0.6504166666666668 0.05857142857142857 0.03916666666666667
0 0.5342857142857143 0.6454166666666667 0.05857142857142857 0.03916666666666667
0 0.5514285714285714 0.6495833333333334 0.05857142857142857 0.03916666666666667
0 0.5664285714285714 0.64375 0.05857142857142857 0.03916666666666667
0 0.5857142857142857 0.63875 0.05857142857142857 0.03916666666666667
0 0.6085714285714285 0.6370833333333333 0.05857142857142857 0.03916666666666667
0 0.6321428571428571 0.6320833333333333 0.05857142857142857 0.03916666666666667
0 0.655 0.6279166666666667 0.05857142857142857 0.03916666666666667
0 0.6821428571428572 0.6229166666666667 0.05857142857142857 0.03916666666666667
0 0.7092857142857143 0.6279166666666667 0.05857142857142857 0.03916666666666667
0 0.7342857142857143 0.6395833333333334 0.05857142857142857 0.03916666666666667
0 0.7528571428571429 0.6520833333333333 0.05857142857142857 0.03916666666666667
0 0.7728571428571429 0.6654166666666667 0.05857142857142857 0.03916666666666667
0 0.7964285714285714 0.7345833333333334 0.05857142857142857 0.03916666666666667
0 0.8128571428571428 0.7620833333333333 0.05857142857142857 0.03916666666666667
0 0.8492857142857143 0.8329166666666667 0.05857142857142857 0.03916666666666667
0 0.8607142857142858 0.8204166666666667 0.05857142857142857 0.03916666666666667
0 0.8792857142857143 0.8087500000000001 0.05857142857142857 0.03916666666666667
0 0.9085714285714286 0.8145833333333334 0.05857142857142857 0.03916666666666667
