0 0.028214285714285713 0.5825 0.047857142857142855 0.03166666666666667
0 0.04107142857142857 0.5741666666666667 0.047857142857142855 0.03166666666666667
0 0.0575 0.5741666666666667 0.047857142857142855 0.03166666666666667
0 0.08607142857142858 0.5700000000000001 0.047857142857142855 0.03166666666666667
0 0.10321428571428572 0.5658333333333334 0.047857142857142855 0.03166666666666667
0 0.14035714285714285 0.56 0.047857142857142855 0.03166666666666667
0 0.15464285714285714 0.5825 0.047857142857142855 0.03166666666666667
0 0.1732142857142857 0.5666666666666667 0.047857142857142855 0.03166666666666667
0 0.19107142857142856 0.5641666666666667 0.047857142857142855 0.03166666666666667
0 0.21035714285714285 0.5591666666666667 0.047857142857142855 0.03166666666666667
0 0.2325 0.555 0.047857142857142855 0.03166666666666667
0 0.25392857142857145 0.5575 0.047857142857142855 0.03166666666666667
0 0.28535714285714286 0.5516666666666667 0.047857142857142855 0.03166666666666667
0 0.3003571428571429 0.5441666666666667 0.047857142857142855 0.03166666666666667
0 0.3246428571428571 0.5408333333333334 0.047857142857142855 0.03166666666666667
0 0.3389285714285714 0.5358333333333334 0.047857142857142855 0.03166666666666667
0 0.3610714285714286 0.5408333333333334 0.047857142857142855 0.03166666666666667
0 0.3817857142857143 0.5358333333333334 0.047857142857142855 0.03166666666666667
0 0.4039285714285714 0.5433333333333333 0.047857142857142855 0.03166666666666667
0 0.4210714285714286 0.5375000000000001 0.047857142857142855 0.03166666666666667
0 0.44607142857142856 0.5366666666666667 0.047857142857142855 0.03166666666666667
0 0.4632142857142857 0.5266666666666667 0.047857142857142855 0.03166666666666667
0 0.4832142857142857 0.5241666666666667 0.047857142857142855 0.03166666666666667
0 0.5103571428571428 0.5191666666666667 0.047857142857142855 0.03166666666666667
0 0.5289285714285714 0.515 0.047857142857142855 0.03166666666666667
0 0.5632142857142857 0.515 0.047857142857142855 0.03166666666666667
0 0.5882142857142857 0.52 0.047857142857142855 0.03166666666666667
0 0.6067857142857143 0.5141666666666667 0.047857142857142855 0.03166666666666667
0 0.6253571428571428 0.5175000000000001 0.047857142857142855 0.03166666666666667
0 0.6475 0.5191666666666667 0.047857142857142855 0.03166666666666667
0 0.6675 0.5258333333333334 0.047857142857142855 0.03166666666666667
0 0.6896428571428571 0.5325000000000001 0.047857142857142855 0.03166666666666667
0 0.7139285714285715 0.5333333333333333 0.047857142857142855 0.03166666666666667
0 0.7275 0.5333333333333333 0.047857142857142855 0.03166666666666667
0 0.7460714285714286 0.53 0.047857142857142855 0.03166666666666667
0 0.7646428571428572 0.5325000000000001 0.047857142857142855 0.03166666666666667
0 0.7796428571428572 0.5416666666666667 0.047857142857142855 0.03166666666666667
0 0.8039285714285714 0.545 0.047857142857142855 0.03166666666666667
0 0.8253571428571429 0.5383333333333333 0.047857142857142855 0.03166666666666667
0 0.8382142857142857 0.5283333333333333 0.047857142857142855 0.03166666666666667
0 0.8460714285714286 0.515 0.047857142857142855 0.03166666666666667
0 0.8660714285714286 0.5058333333333334 0.047857142857142855 0.03166666666666667
0 0.8853571428571428 0.49583333333333335 0.047857142857142855 0.03166666666666667
0 0.9010714285714285 0.4941666666666667 0.047857142857142855 0.03166666666666667
0 0.9175 0.49833333333333335 0.047857142857142855 0.03166666666666667
0 0.9282142857142857 0.505 0.047857142857142855 0.03166666666666667
0 0.9425 0.5125000000000001 0.047857142857142855 0.03166666666666667
0 0.9567857142857142 0.5108333333333334 0.047857142857142855 0.03166666666666667
0 0.9682142857142857 0.5158333333333334 0.047857142857142855 0.03166666666666667
