0 0.04 0.5304166666666666 0.06285714285714286 0.035833333333333335
0 0.047857142857142855 0.5129166666666667 0.06285714285714286 0.035833333333333335
0 0.03571428571428571 0.53625 0.06285714285714286 0.035833333333333335
0 0.06285714285714286 0.49375 0.06285714285714286 0.035833333333333335
0 0.10071428571428571 0.4829166666666667 0.06285714285714286 0.035833333333333335
0 0.11785714285714285 0.4829166666666667 0.06285714285714286 0.035833333333333335
0 0.135 0.5012500000000001 0.06285714285714286 0.035833333333333335
0 0.16357142857142856 0.50625 0.06285714285714286 0.035833333333333335
0 0.18785714285714286 0.5045833333333334 0.06285714285714286 0.035833333333333335
0 0.22071428571428572 0.51125 0.06285714285714286 0.035833333333333335
0 0.2542857142857143 0.52625 0.06285714285714286 0.035833333333333335
0 0.28214285714285714 0.5329166666666667 0.06285714285714286 0.035833333333333335
0 0.3157142857142857 0.5504166666666667 0.06285714285714286 0.035833333333333335
0 0.3407142857142857 0.5554166666666667 0.06285714285714286 0.035833333333333335
0 0.36857142857142855 0.5537500000000001 0.06285714285714286 0.035833333333333335
0 0.4014285714285714 0.55625 0.06285714285714286 0.035833333333333335
0 0.425 0.5545833333333333 0.06285714285714286 0.035833333333333335
0 0.4607142857142857 0.5520833333333334 0.06285714285714286 0.035833333333333335
0 0.475 0.5329166666666667 0.06285714285714286 0.035833333333333335
0 0.5 0.5204166666666667 0.06285714285714286 0.035833333333333335
0 0.5214285714285715 0.51125 0.06285714285714286 0.035833333333333335
0 0.5607142857142857 0.49625 0.06285714285714286 0.035833333333333335
0 0.575 0.52375 0.06285714285714286 0.035833333333333335
0 0.6028571428571429 0.52375 0.06285714285714286 0.035833333333333335
0 0.6085714285714285 0.4929166666666667 0.06285714285714286 0.035833333333333335
0 0.6407142857142857 0.51875 0.06285714285714286 0.035833333333333335
0 0.6342857142857142 0.48125 0.06285714285714286 0.035833333333333335
0 0.6621428571428571 0.5095833333333334 0.06285714285714286 0.035833333333333335
0 0.6735714285714286 0.47875 0.06285714285714286 0.035833333333333335
0 0.6964285714285714 0.48125 0.06285714285714286 0.035833333333333335
0 0.725 0.4945833333333334 0.06285714285714286 0.035833333333333335
0 0.74 0.49541666666666667 0.06285714285714286 0.035833333333333335
0 0.7621428571428571 0.5004166666666667 0.06285714285714286 0.035833333333333335
0 0.7814285714285715 0.50375 0.06285714285714286 0.035833333333333335
0 0.7992857142857143 0.5054166666666667 0.06285714285714286 0.035833333333333335
0 0.8185714285714286 0.5154166666666667 0.06285714285714286 0.035833333333333335
0 0.8521428571428571 0.5270833333333333 0.06285714285714286 0.035833333333333335
0 0.865 0.5195833333333334 0.06285714285714286 0.035833333333333335
0 0.8835714285714286 0.5154166666666667 0.06285714285714286 0.035833333333333335
0 0.9107142857142857 0.5054166666666667 0.06285714285714286 0.035833333333333335
0 0.9264285714285714 0.4970833333333334 0.06285714285714286 0.035833333333333335
0 0.9414285714285714 0.5070833333333333 0.06285714285714286 0.035833333333333335
0 0.9578571428571429 0.5095833333333334 0.06285714285714286 0.035833333333333335
0 0.9642857142857143 0.5095833333333334 0.06285714285714286 0.035833333333333335
