0 0.03571428571428571 0.4683333333333334 0.06428571428571428 0.04
0 0.047857142857142855 0.4808333333333334 0.06428571428571428 0.04
0 0.07142857142857142 0.48750000000000004 0.06428571428571428 0.04
0 0.09071428571428572 0.4941666666666667 0.06428571428571428 0.04
0 0.11571428571428571 0.5075000000000001 0.06428571428571428 0.04
0 0.13142857142857142 0.5158333333333334 0.06428571428571428 0.04
0 0.155 0.515 0.06428571428571428 0.04
0 0.175 0.5066666666666667 0.06428571428571428 0.04
0 0.20214285714285715 0.5016666666666667 0.06428571428571428 0.04
0 0.22214285714285714 0.48583333333333334 0.06428571428571428 0.04
0 0.25142857142857145 0.49333333333333335 0.06428571428571428 0.04
0 0.2807142857142857 0.49583333333333335 0.06428571428571428 0.04
0 0.29928571428571427 0.5058333333333334 0.06428571428571428 0.04
0 0.3157142857142857 0.49750000000000005 0.06428571428571428 0.04
0 0.34 0.5 0.06428571428571428 0.04
0 0.35714285714285715 0.4966666666666667 0.06428571428571428 0.04
0 0.38642857142857145 0.5008333333333334 0.06428571428571428 0.04
0 0.405 0.5066666666666667 0.06428571428571428 0.04
0 0.43642857142857144 0.5016666666666667 0.06428571428571428 0.04
0 0.4607142857142857 0.5091666666666667 0.06428571428571428 0.04
0 0.49714285714285716 0.5283333333333333 0.06428571428571428 0.04
0 0.525 0.5208333333333334 0.06428571428571428 0.04
0 0.5478571428571428 0.5133333333333334 0.06428571428571428 0.04
0 0.5735714285714286 0.5225000000000001 0.06428571428571428 0.04
0 0.5992857142857143 0.5266666666666667 0.06428571428571428 0.04
0 0.6221428571428571 0.5333333333333333 0.06428571428571428 0.04
0 0.645 0.5325000000000001 0.06428571428571428 0.04
0 0.6571428571428571 0.5241666666666667 0.06428571428571428 0.04
0 0.6807142857142857 0.5208333333333334 0.06428571428571428 0.04
0 0.7035714285714286 0.5275000000000001 0.06428571428571428 0.04
0 0.7278571428571429 0.5275000000000001 0.06428571428571428 0.04
0 0.7442857142857143 0.5216666666666667 0.06428571428571428 0.04
