0 0.0425 0.5720833333333334 0.05785714285714286 0.035833333333333335
0 0.0575 0.5604166666666667 0.05785714285714286 0.035833333333333335
0 0.08892857142857143 0.56125 0.05785714285714286 0.035833333333333335
0 0.12464285714285714 0.5687500000000001 0.05785714285714286 0.035833333333333335
0 0.14821428571428572 0.5679166666666667 0.05785714285714286 0.035833333333333335
0 0.17821428571428571 0.57125 0.05785714285714286 0.035833333333333335
0 0.2125 0.5687500000000001 0.05785714285714286 0.035833333333333335
0 0.24607142857142858 0.5795833333333333 0.05785714285714286 0.035833333333333335
0 0.2832142857142857 0.5820833333333334 0.05785714285714286 0.035833333333333335
0 0.3125 0.57375 0.05785714285714286 0.035833333333333335
0 0.3432142857142857 0.5804166666666667 0.05785714285714286 0.035833333333333335
0 0.3767857142857143 0.57625 0.05785714285714286 0.035833333333333335
0 0.40035714285714286 0.5770833333333334 0.05785714285714286 0.035833333333333335
0 0.4317857142857143 0.5895833333333333 0.05785714285714286 0.035833333333333335
0 0.4546428571428571 0.5854166666666667 0.05785714285714286 0.035833333333333335
0 0.4732142857142857 0.5679166666666667 0.05785714285714286 0.035833333333333335
0 0.5046428571428572 0.5770833333333334 0.05785714285714286 0.035833333333333335
0 0.5339285714285714 0.5687500000000001 0.05785714285714286 0.035833333333333335
0 0.5575 0.58125 0.05785714285714286 0.035833333333333335
0 0.5739285714285715 0.5720833333333334 0.05785714285714286 0.035833333333333335
0 0.5889285714285715 0.5504166666666667 0.05785714285714286 0.035833333333333335
0 0.6160714285714286 0.5529166666666667 0.05785714285714286 0.035833333333333335
0 0.6417857142857143 0.5545833333333333 0.05785714285714286 0.035833333333333335
0 0.6660714285714285 0.5479166666666667 0.05785714285714286 0.035833333333333335
0 0.7096428571428571 0.5479166666666667 0.05785714285714286 0.035833333333333335
0 0.7410714285714286 0.54625 0.05785714285714286 0.035833333333333335
0 0.7682142857142857 0.54625 0.05785714285714286 0.035833333333333335
0 0.7867857142857143 0.56125 0.05785714285714286 0.035833333333333335
0 0.8082142857142857 0.5695833333333333 0.05785714285714286 0.035833333333333335
0 0.8325 0.5645833333333333 0.05785714285714286 0.035833333333333335
0 0.8503571428571428 0.5554166666666667 0.05785714285714286 0.035833333333333335
0 0.8689285714285714 0.5579166666666667 0.05785714285714286 0.035833333333333335
0 0.9010714285714285 0.5604166666666667 0.05785714285714286 0.035833333333333335
0 0.9389285714285714 0.5729166666666667 0.05785714285714286 0.035833333333333335
0 0.9589285714285715 0.5820833333333334 0.05785714285714286 0.035833333333333335
