0 0.03642857142857143 0.53125 0.05857142857142857 0.037500000000000006
0 0.06642857142857143 0.5404166666666667 0.05857142857142857 0.037500000000000006
0 0.095 0.5495833333333334 0.05857142857142857 0.037500000000000006
0 0.12071428571428572 0.5537500000000001 0.05857142857142857 0.037500000000000006
0 0.14 0.5554166666666667 0.05857142857142857 0.037500000000000006
0 0.16357142857142856 0.5504166666666667 0.05857142857142857 0.037500000000000006
0 0.18928571428571428 0.5454166666666667 0.05857142857142857 0.037500000000000006
0 0.22714285714285715 0.5579166666666667 0.05857142857142857 0.037500000000000006
0 0.265 0.5529166666666667 0.05857142857142857 0.037500000000000006
0 0.28214285714285714 0.5654166666666667 0.05857142857142857 0.037500000000000006
0 0.32285714285714284 0.5704166666666667 0.05857142857142857 0.037500000000000006
0 0.35214285714285715 0.5704166666666667 0.05857142857142857 0.037500000000000006
0 0.37714285714285717 0.5629166666666667 0.05857142857142857 0.037500000000000006
0 0.3964285714285714 0.5529166666666667 0.05857142857142857 0.037500000000000006
0 0.4207142857142857 0.5620833333333334 0.05857142857142857 0.037500000000000006
0 0.5128571428571429 0.5229166666666667 0.05857142857142857 0.037500000000000006
0 0.5464285714285714 0.5145833333333334 0.05857142857142857 0.037500000000000006
0 0.5678571428571428 0.5079166666666667 0.05857142857142857 0.037500000000000006
0 0.6 0.5145833333333334 0.05857142857142857 0.037500000000000006
0 0.6171428571428571 0.5029166666666667 0.05857142857142857 0.037500000000000006
0 0.6414285714285715 0.5104166666666667 0.05857142857142857 0.037500000000000006
0 0.6542857142857142 0.5020833333333333 0.05857142857142857 0.037500000000000006
