0 0.0325 0.5454166666666667 0.060714285714285714 0.03416666666666667
0 0.0475 0.52375 0.060714285714285714 0.03416666666666667
0 0.06892857142857142 0.51125 0.060714285714285714 0.03416666666666667
0 0.09821428571428571 0.51125 0.060714285714285714 0.03416666666666667
0 0.13107142857142856 0.52125 0.060714285714285714 0.03416666666666667
0 0.1575 0.5345833333333334 0.060714285714285714 0.03416666666666667
0 0.17964285714285713 0.54625 0.060714285714285714 0.03416666666666667
0 0.1982142857142857 0.5520833333333334 0.060714285714285714 0.03416666666666667
0 0.22964285714285715 0.56125 0.060714285714285714 0.03416666666666667
0 0.2575 0.57125 0.060714285714285714 0.03416666666666667
0 0.2725 0.57125 0.060714285714285714 0.03416666666666667
0 0.2925 0.5645833333333333 0.060714285714285714 0.03416666666666667
0 0.32392857142857145 0.58375 0.060714285714285714 0.03416666666666667
0 0.3382142857142857 0.5679166666666667 0.060714285714285714 0.03416666666666667
0 0.36678571428571427 0.5845833333333333 0.060714285714285714 0.03416666666666667
0 0.3896428571428571 0.5795833333333333 0.060714285714285714 0.03416666666666667
0 0.4110714285714286 0.5720833333333334 0.060714285714285714 0.03416666666666667
0 0.4325 0.5679166666666667 0.060714285714285714 0.03416666666666667
0 0.4539285714285714 0.5454166666666667 0.060714285714285714 0.03416666666666667
0 0.4710714285714286 0.5570833333333334 0.060714285714285714 0.03416666666666667
0 0.4982142857142857 0.5470833333333334 0.060714285714285714 0.03416666666666667
0 0.5332142857142858 0.5545833333333333 0.060714285714285714 0.03416666666666667
0 0.5503571428571429 0.5470833333333334 0.060714285714285714 0.03416666666666667
0 0.5796428571428571 0.5545833333333333 0.060714285714285714 0.03416666666666667
0 0.6025 0.5454166666666667 0.060714285714285714 0.03416666666666667
0 0.6189285714285714 0.5537500000000001 0.060714285714285714 0.03416666666666667
0 0.6482142857142857 0.5454166666666667 0.060714285714285714 0.03416666666666667
0 0.6689285714285714 0.5587500000000001 0.060714285714285714 0.03416666666666667
0 0.7003571428571429 0.5704166666666667 0.060714285714285714 0.03416666666666667
0 0.7167857142857142 0.56625 0.060714285714285714 0.03416666666666667
0 0.7410714285714286 0.5687500000000001 0.060714285714285714 0.03416666666666667
0 0.7717857142857143 0.5579166666666667 0.060714285714285714 0.03416666666666667
0 0.8082142857142857 0.5570833333333334 0.060714285714285714 0.03416666666666667
0 0.8417857142857142 0.5520833333333334 0.060714285714285714 0.03416666666666667
0 0.8717857142857143 0.5620833333333334 0.060714285714285714 0.03416666666666667
0 0.8996428571428572 0.5729166666666667 0.060714285714285714 0.03416666666666667
0 0.9253571428571429 0.5720833333333334 0.060714285714285714 0.03416666666666667
0 0.9425 0.5637500000000001 0.060714285714285714 0.03416666666666667
0 0.9632142857142857 0.5779166666666667 0.060714285714285714 0.03416666666666667
