0 0.03571428571428571 0.5575 0.05857142857142857 0.03666666666666667
0 0.05928571428571429 0.5475 0.05857142857142857 0.03666666666666667
0 0.08357142857142857 0.54 0.05857142857142857 0.03666666666666667
0 0.11142857142857143 0.5441666666666667 0.05857142857142857 0.03666666666666667
0 0.14214285714285715 0.5516666666666667 0.05857142857142857 0.03666666666666667
0 0.15928571428571428 0.54 0.05857142857142857 0.03666666666666667
0 0.18571428571428572 0.5475 0.05857142857142857 0.03666666666666667
0 0.22 0.5591666666666667 0.05857142857142857 0.03666666666666667
0 0.2542857142857143 0.5616666666666666 0.05857142857142857 0.03666666666666667
0 0.29 0.5675 0.05857142857142857 0.03666666666666667
0 0.3342857142857143 0.5708333333333334 0.05857142857142857 0.03666666666666667
0 0.36714285714285716 0.5775 0.05857142857142857 0.03666666666666667
0 0.4042857142857143 0.5783333333333334 0.05857142857142857 0.03666666666666667
0 0.42857142857142855 0.5691666666666667 0.05857142857142857 0.03666666666666667
0 0.4685714285714286 0.5708333333333334 0.05857142857142857 0.03666666666666667
0 0.5228571428571429 0.5766666666666667 0.05857142857142857 0.03666666666666667
0 0.5592857142857143 0.5741666666666667 0.05857142857142857 0.03666666666666667
0 0.5714285714285714 0.5658333333333334 0.05857142857142857 0.03666666666666667
0 0.6014285714285714 0.5775 0.05857142857142857 0.03666666666666667
0 0.6257142857142857 0.5525 0.05857142857142857 0.03666666666666667
0 0.6557142857142857 0.5566666666666668 0.05857142857142857 0.03666666666666667
0 0.6814285714285714 0.5675 0.05857142857142857 0.03666666666666667
0 0.7021428571428572 0.5833333333333334 0.05857142857142857 0.03666666666666667
0 0.725 0.6016666666666667 0.05857142857142857 0.03666666666666667
0 0.7442857142857143 0.6233333333333334 0.05857142857142857 0.03666666666666667
0 0.7607142857142857 0.6416666666666667 0.05857142857142857 0.03666666666666667
0 0.7792857142857142 0.7183333333333334 0.05857142857142857 0.03666666666666667
0 0.7971428571428572 0.7358333333333333 0.05857142857142857 0.03666666666666667
0 0.82 0.7516666666666667 0.05857142857142857 0.03666666666666667
0 0.8542857142857143 0.7566666666666667 0.05857142857142857 0.03666666666666667
0 0.8085714285714286 0.7366666666666667 0.05857142857142857 0.03666666666666667
