0 0.03321428571428572 0.6270833333333333 0.05928571428571429 0.04083333333333333
0 0.05892857142857143 0.6295833333333334 0.05928571428571429 0.04083333333333333
0 0.07821428571428571 0.6345833333333334 0.05928571428571429 0.04083333333333333
0 0.10178571428571428 0.64125 0.05928571428571429 0.04083333333333333
0 0.1225 0.6262500000000001 0.05928571428571429 0.04083333333333333
0 0.14821428571428572 0.6254166666666667 0.05928571428571429 0.04083333333333333
0 0.17392857142857143 0.6204166666666667 0.05928571428571429 0.04083333333333333
0 0.20464285714285715 0.6145833333333334 0.05928571428571429 0.04083333333333333
0 0.22321428571428573 0.6045833333333334 0.05928571428571429 0.04083333333333333
0 0.24892857142857142 0.6045833333333334 0.05928571428571429 0.04083333333333333
0 0.2710714285714286 0.6162500000000001 0.05928571428571429 0.04083333333333333
0 0.30392857142857144 0.6320833333333333 0.05928571428571429 0.04083333333333333
0 0.3296428571428571 0.6429166666666667 0.05928571428571429 0.04083333333333333
0 0.3632142857142857 0.6520833333333333 0.05928571428571429 0.04083333333333333
0 0.3960714285714286 0.6687500000000001 0.05928571428571429 0.04083333333333333
0 0.42464285714285716 0.6595833333333334 0.05928571428571429 0.04083333333333333
0 0.4467857142857143 0.6595833333333334 0.05928571428571429 0.04083333333333333
0 0.4782142857142857 0.6504166666666668 0.05928571428571429 0.04083333333333333
0 0.5096428571428572 0.6529166666666667 0.05928571428571429 0.04083333333333333
0 0.5367857142857143 0.6470833333333333 0.05928571428571429 0.04083333333333333
0 0.5639285714285714 0.6420833333333333 0.05928571428571429 0.04083333333333333
0 0.5939285714285715 0.6420833333333333 0.05928571428571429 0.04083333333333333
0 0.6182142857142857 0.6470833333333333 0.05928571428571429 0.04083333333333333
0 0.6539285714285714 0.64875 0.05928571428571429 0.04083333333333333
0 0.6975 0.64375 0.05928571428571429 0.04083333333333333
0 0.7132142857142857 0.6379166666666667 0.05928571428571429 0.04083333333333333
0 0.7639285714285714 0.6404166666666667 0.05928571428571429 0.04083333333333333
0 0.7975 0.64125 0.05928571428571429 0.04083333333333333
0 0.7346428571428572 0.64125 0.05928571428571429 0.04083333333333333
0 0.8396428571428571 0.6395833333333334 0.05928571428571429 0.04083333333333333
0 0.8710714285714286 0.62875 0.05928571428571429 0.04083333333333333
0 0.9089285714285714 0.6254166666666667 0.05928571428571429 0.04083333333333333
0 0.9396428571428571 0.61375 0.05928571428571429 0.04083333333333333
0 0.9617857142857142 0.6170833333333334 0.05928571428571429 0.04083333333333333
