0 0.037142857142857144 0.6162500000000001 0.06285714285714286 0.035833333333333335
0 0.05357142857142857 0.6204166666666667 0.06285714285714286 0.035833333333333335
0 0.08285714285714285 0.6104166666666667 0.06285714285714286 0.035833333333333335
0 0.11928571428571429 0.6129166666666667 0.06285714285714286 0.035833333333333335
0 0.14785714285714285 0.61375 0.06285714285714286 0.035833333333333335
0 0.18071428571428572 0.60375 0.06285714285714286 0.035833333333333335
0 0.21857142857142858 0.6220833333333333 0.06285714285714286 0.035833333333333335
0 0.24857142857142858 0.6295833333333334 0.06285714285714286 0.035833333333333335
0 0.2792857142857143 0.6220833333333333 0.06285714285714286 0.035833333333333335
0 0.3092857142857143 0.6195833333333334 0.06285714285714286 0.035833333333333335
0 0.34285714285714286 0.6254166666666667 0.06285714285714286 0.035833333333333335
0 0.37285714285714283 0.62375 0.06285714285714286 0.035833333333333335
0 0.3992857142857143 0.6370833333333333 0.06285714285714286 0.035833333333333335
0 0.435 0.6470833333333333 0.06285714285714286 0.035833333333333335
0 0.465 0.6545833333333334 0.06285714285714286 0.035833333333333335
0 0.49142857142857144 0.6520833333333333 0.06285714285714286 0.035833333333333335
0 0.5228571428571429 0.6470833333333333 0.06285714285714286 0.035833333333333335
0 0.5621428571428572 0.6495833333333334 0.06285714285714286 0.035833333333333335
0 0.5878571428571429 0.6345833333333334 0.06285714285714286 0.035833333333333335
0 0.6235714285714286 0.6162500000000001 0.06285714285714286 0.035833333333333335
0 0.6592857142857143 0.6062500000000001 0.06285714285714286 0.035833333333333335
0 0.6978571428571428 0.5962500000000001 0.06285714285714286 0.035833333333333335
0 0.7185714285714285 0.5929166666666668 0.06285714285714286 0.035833333333333335
0 0.7671428571428571 0.5979166666666667 0.06285714285714286 0.035833333333333335
0 0.8271428571428572 0.60875 0.06285714285714286 0.035833333333333335
0 0.7957142857142857 0.59125 0.06285714285714286 0.035833333333333335
0 0.8571428571428571 0.6079166666666667 0.06285714285714286 0.035833333333333335
0 0.9 0.5962500000000001 0.06285714285714286 0.035833333333333335
0 0.9178571428571428 0.59875 0.06285714285714286 0.035833333333333335
0 0.9514285714285714 0.6112500000000001 0.06285714285714286 0.035833333333333335
0 0.9621428571428572 0.62375 0.06285714285714286 0.035833333333333335
