0 0.03642857142857143 0.5850000000000001 0.06428571428571428 0.03666666666666667
0 0.06571428571428571 0.5816666666666667 0.06428571428571428 0.03666666666666667
0 0.08714285714285715 0.5866666666666667 0.06428571428571428 0.03666666666666667
0 0.12857142857142856 0.5983333333333334 0.06428571428571428 0.03666666666666667
0 0.16285714285714287 0.5933333333333334 0.06428571428571428 0.03666666666666667
0 0.19214285714285714 0.5916666666666667 0.06428571428571428 0.03666666666666667
0 0.23142857142857143 0.6016666666666667 0.06428571428571428 0.03666666666666667
0 0.2671428571428571 0.5883333333333334 0.06428571428571428 0.03666666666666667
0 0.2985714285714286 0.61 0.06428571428571428 0.03666666666666667
0 0.33285714285714285 0.615 0.06428571428571428 0.03666666666666667
0 0.36428571428571427 0.6316666666666667 0.06428571428571428 0.03666666666666667
0 0.41285714285714287 0.6416666666666667 0.06428571428571428 0.03666666666666667
0 0.44785714285714284 0.6558333333333334 0.06428571428571428 0.03666666666666667
0 0.4857142857142857 0.655 0.06428571428571428 0.03666666666666667
0 0.5192857142857142 0.6416666666666667 0.06428571428571428 0.03666666666666667
0 0.5657142857142857 0.6491666666666667 0.06428571428571428 0.03666666666666667
0 0.5971428571428572 0.6641666666666667 0.06428571428571428 0.03666666666666667
0 0.6414285714285715 0.6933333333333334 0.06428571428571428 0.03666666666666667
0 0.6735714285714286 0.7100000000000001 0.06428571428571428 0.03666666666666667
0 0.6885714285714286 0.7491666666666668 0.06428571428571428 0.03666666666666667
0 0.7285714285714285 0.81 0.07 0.035
0 0.7492857142857143 0.8275 0.07 0.035
0 0.775 0.8375 0.07 0.035
0 0.8092857142857143 0.8391666666666667 0.07 0.035
