0 0.04071428571428572 0.41000000000000003 0.07 0.04
0 0.05928571428571429 0.4058333333333334 0.07 0.04
0 0.10785714285714286 0.41000000000000003 0.07 0.04
0 0.1457142857142857 0.41583333333333333 0.07 0.04
0 0.17357142857142857 0.43000000000000005 0.07 0.04
0 0.21785714285714286 0.4475 0.07 0.04
0 0.2557142857142857 0.4575 0.07 0.04
0 0.28785714285714287 0.455 0.07 0.04
0 0.3264285714285714 0.455 0.07 0.04
0 0.3457142857142857 0.455 0.07 0.04
0 0.38142857142857145 0.46 0.07 0.04
0 0.4135714285714286 0.4666666666666667 0.07 0.04
0 0.5821428571428572 0.4716666666666667 0.07 0.04
0 0.6057142857142858 0.4675 0.07 0.04
0 0.6328571428571429 0.47000000000000003 0.07 0.04
0 0.6742857142857143 0.4733333333333334 0.07 0.04
0 0.7 0.4675 0.07 0.04
0 0.7442857142857143 0.465 0.07 0.04
0 0.7757142857142857 0.4525 0.07 0.04
0 0.8014285714285714 0.4475 0.07 0.04
0 0.8271428571428572 0.44333333333333336 0.07 0.04
0 0.8557142857142858 0.4441666666666667 0.07 0.04
0 0.8728571428571429 0.4391666666666667 0.07 0.04
0 0.8764285714285714 0.3975 0.07 0.04
0 0.9007142857142857 0.39666666666666667 0.07 0.04
0 0.9278571428571428 0.39416666666666667 0.07 0.04
0 0.9571428571428572 0.4008333333333334 0.07 0.04
