0 0.041428571428571426 0.4295833333333334 0.06714285714285714 0.037500000000000006
0 0.08357142857142857 0.4204166666666667 0.06714285714285714 0.037500000000000006
0 0.06357142857142857 0.39125000000000004 0.06714285714285714 0.037500000000000006
0 0.09714285714285714 0.37375 0.06714285714285714 0.037500000000000006
0 0.13785714285714284 0.3854166666666667 0.06714285714285714 0.037500000000000006
0 0.17285714285714285 0.38458333333333333 0.06714285714285714 0.037500000000000006
0 0.2007142857142857 0.38375000000000004 0.06714285714285714 0.037500000000000006
0 0.2257142857142857 0.38875000000000004 0.06714285714285714 0.037500000000000006
0 0.2571428571428571 0.39458333333333334 0.06714285714285714 0.037500000000000006
0 0.2864285714285714 0.41375 0.06714285714285714 0.037500000000000006
0 0.30714285714285716 0.42208333333333337 0.06714285714285714 0.037500000000000006
0 0.4828571428571429 0.41458333333333336 0.06714285714285714 0.037500000000000006
0 0.5107142857142857 0.4079166666666667 0.06714285714285714 0.037500000000000006
0 0.5264285714285715 0.40125000000000005 0.06714285714285714 0.037500000000000006
0 0.5621428571428572 0.38875000000000004 0.06714285714285714 0.037500000000000006
0 0.6014285714285714 0.38375000000000004 0.06714285714285714 0.037500000000000006
0 0.6464285714285715 0.38958333333333334 0.06714285714285714 0.037500000000000006
0 0.7035714285714286 0.38458333333333333 0.06714285714285714 0.037500000000000006
0 0.6885714285714286 0.3779166666666667 0.06714285714285714 0.037500000000000006
0 0.7407142857142857 0.3954166666666667 0.06714285714285714 0.037500000000000006
0 0.7685714285714286 0.38458333333333333 0.06714285714285714 0.037500000000000006
0 0.8035714285714286 0.3745833333333334 0.06714285714285714 0.037500000000000006
0 0.8271428571428572 0.38375000000000004 0.06714285714285714 0.037500000000000006
0 0.8628571428571429 0.3854166666666667 0.06714285714285714 0.037500000000000006
0 0.8971428571428571 0.3754166666666667 0.06714285714285714 0.037500000000000006
0 0.9264285714285714 0.36791666666666667 0.06714285714285714 0.037500000000000006
0 0.9478571428571428 0.3795833333333334 0.06714285714285714 0.037500000000000006
0 0.9621428571428572 0.38708333333333333 0.06714285714285714 0.037500000000000006
