0 0.03857142857142857 0.36625 0.06714285714285714 0.037500000000000006
0 0.07214285714285715 0.3720833333333334 0.06714285714285714 0.037500000000000006
0 0.09357142857142857 0.36791666666666667 0.06714285714285714 0.037500000000000006
0 0.12071428571428572 0.3695833333333334 0.06714285714285714 0.037500000000000006
0 0.1442857142857143 0.3754166666666667 0.06714285714285714 0.037500000000000006
0 0.16785714285714284 0.3720833333333334 0.06714285714285714 0.037500000000000006
0 0.195 0.36458333333333337 0.06714285714285714 0.037500000000000006
0 0.21428571428571427 0.3554166666666667 0.06714285714285714 0.037500000000000006
0 0.24 0.36041666666666666 0.06714285714285714 0.037500000000000006
0 0.27285714285714285 0.36541666666666667 0.06714285714285714 0.037500000000000006
0 0.30214285714285716 0.3804166666666667 0.06714285714285714 0.037500000000000006
0 0.3442857142857143 0.39375000000000004 0.06714285714285714 0.037500000000000006
0 0.3628571428571429 0.38375000000000004 0.06714285714285714 0.037500000000000006
0 0.39 0.3829166666666667 0.06714285714285714 0.037500000000000006
0 0.405 0.36875 0.06714285714285714 0.037500000000000006
0 0.42928571428571427 0.35375 0.06714285714285714 0.037500000000000006
0 0.4585714285714286 0.34958333333333336 0.06714285714285714 0.037500000000000006
0 0.48928571428571427 0.33958333333333335 0.06714285714285714 0.037500000000000006
0 0.5192857142857142 0.34458333333333335 0.06714285714285714 0.037500000000000006
0 0.5507142857142857 0.35625 0.06714285714285714 0.037500000000000006
0 0.5785714285714286 0.36458333333333337 0.06714285714285714 0.037500000000000006
0 0.5992857142857143 0.3854166666666667 0.06714285714285714 0.037500000000000006
0 0.6321428571428571 0.3904166666666667 0.06714285714285714 0.037500000000000006
0 0.6578571428571428 0.40208333333333335 0.06714285714285714 0.037500000000000006
0 0.6864285714285714 0.41708333333333336 0.06714285714285714 0.037500000000000006
0 0.7114285714285714 0.42791666666666667 0.06714285714285714 0.037500000000000006
0 0.7228571428571429 0.4445833333333334 0.06714285714285714 0.037500000000000006
0 0.7328571428571429 0.4679166666666667 0.06714285714285714 0.037500000000000006
0 0.7521428571428571 0.4970833333333334 0.06714285714285714 0.037500000000000006
0 0.7585714285714286 0.5129166666666667 0.06714285714285714 0.037500000000000006
0 0.7664285714285715 0.5354166666666667 0.06714285714285714 0.037500000000000006
0 0.8135714285714286 0.5795833333333333 0.06714285714285714 0.037500000000000006
0 0.83 0.5770833333333334 0.06714285714285714 0.037500000000000006
0 0.8564285714285714 0.6020833333333334 0.06714285714285714 0.037500000000000006
0 0.865 0.5970833333333334 0.06714285714285714 0.037500000000000006
0 0.8457142857142858 0.5895833333333333 0.06714285714285714 0.037500000000000006
0 0.052142857142857144 0.37625000000000003 0.06714285714285714 0.037500000000000006
