0 0.04107142857142857 0.3925 0.06642857142857143 0.04
0 0.055357142857142855 0.405 0.06642857142857143 0.04
0 0.07321428571428572 0.4216666666666667 0.06642857142857143 0.04
0 0.10107142857142858 0.4391666666666667 0.06642857142857143 0.04
0 0.12464285714285714 0.44583333333333336 0.06642857142857143 0.04
0 0.15535714285714286 0.4516666666666667 0.06642857142857143 0.04
0 0.18107142857142858 0.4525 0.06642857142857143 0.04
0 0.20892857142857144 0.465 0.06642857142857143 0.04
0 0.24821428571428572 0.4625 0.06642857142857143 0.04
0 0.2646428571428571 0.44833333333333336 0.06642857142857143 0.04
0 0.29964285714285716 0.43500000000000005 0.06642857142857143 0.04
0 0.3289285714285714 0.44 0.06642857142857143 0.04
0 0.3560714285714286 0.44 0.06642857142857143 0.04
0 0.3846428571428571 0.43750000000000006 0.06642857142857143 0.04
0 0.4139285714285714 0.42333333333333334 0.06642857142857143 0.04
0 0.4367857142857143 0.43083333333333335 0.06642857142857143 0.04
0 0.45964285714285713 0.41583333333333333 0.06642857142857143 0.04
0 0.4832142857142857 0.4058333333333334 0.06642857142857143 0.04
0 0.5103571428571428 0.41500000000000004 0.06642857142857143 0.04
0 0.5432142857142858 0.43000000000000005 0.06642857142857143 0.04
0 0.5689285714285715 0.445 0.06642857142857143 0.04
0 0.6046428571428571 0.4625 0.06642857142857143 0.04
0 0.6239285714285714 0.47750000000000004 0.06642857142857143 0.04
0 0.6403571428571428 0.4525 0.06642857142857143 0.04
0 0.6575 0.4425 0.06642857142857143 0.04
0 0.6825 0.43000000000000005 0.06642857142857143 0.04
0 0.7867857142857143 0.3891666666666667 0.06642857142857143 0.04
0 0.8053571428571429 0.39416666666666667 0.06642857142857143 0.04
0 0.8160714285714286 0.3816666666666667 0.06642857142857143 0.04
0 0.8446428571428571 0.3891666666666667 0.06642857142857143 0.04
0 0.8710714285714286 0.39416666666666667 0.06642857142857143 0.04
0 0.8939285714285714 0.39083333333333337 0.06642857142857143 0.04
0 0.9125 0.39916666666666667 0.06642857142857143 0.04
0 0.9232142857142858 0.3916666666666667 0.06642857142857143 0.04
0 0.9453571428571429 0.39416666666666667 0.06642857142857143 0.04
0 0.9567857142857142 0.39416666666666667 0.06642857142857143 0.04
