0 0.03964285714285714 0.36791666666666667 0.05928571428571429 0.03916666666666667
0 0.06607142857142857 0.3720833333333334 0.05928571428571429 0.03916666666666667
0 0.0875 0.3720833333333334 0.05928571428571429 0.03916666666666667
0 0.1125 0.3754166666666667 0.05928571428571429 0.03916666666666667
0 0.13392857142857142 0.3795833333333334 0.05928571428571429 0.03916666666666667
0 0.4060714285714286 0.4429166666666667 0.05928571428571429 0.03916666666666667
0 0.43607142857142855 0.4379166666666667 0.05928571428571429 0.03916666666666667
0 0.29035714285714287 0.4254166666666667 0.05928571428571429 0.03916666666666667
0 0.4660714285714286 0.4370833333333334 0.05928571428571429 0.03916666666666667
0 0.5003571428571428 0.4395833333333334 0.05928571428571429 0.03916666666666667
0 0.5303571428571429 0.4295833333333334 0.05928571428571429 0.03916666666666667
0 0.5560714285714285 0.43041666666666667 0.05928571428571429 0.03916666666666667
0 0.5817857142857142 0.4229166666666667 0.05928571428571429 0.03916666666666667
0 0.6225 0.42625 0.05928571428571429 0.03916666666666667
0 0.6353571428571428 0.41875 0.05928571428571429 0.03916666666666667
0 0.6825 0.41208333333333336 0.05928571428571429 0.03916666666666667
0 0.7117857142857142 0.40208333333333335 0.05928571428571429 0.03916666666666667
0 0.7446428571428572 0.4079166666666667 0.05928571428571429 0.03916666666666667
0 0.7967857142857143 0.42375 0.05928571428571429 0.03916666666666667
0 0.8367857142857142 0.4404166666666667 0.05928571428571429 0.03916666666666667
0 0.8582142857142857 0.44875000000000004 0.05928571428571429 0.03916666666666667
0 0.8839285714285714 0.45458333333333334 0.05928571428571429 0.03916666666666667
0 0.9025 0.45708333333333334 0.05928571428571429 0.03916666666666667
0 0.9260714285714285 0.46458333333333335 0.05928571428571429 0.03916666666666667
0 0.9389285714285714 0.45708333333333334 0.05928571428571429 0.03916666666666667
0 0.9575 0.45958333333333334 0.05928571428571429 0.03916666666666667
0 0.9632142857142857 0.4679166666666667 0.05928571428571429 0.03916666666666667
