0 0.040357142857142855 0.39416666666666667 0.060714285714285714 0.04
0 0.0575 0.4066666666666667 0.060714285714285714 0.04
0 0.0875 0.41583333333333333 0.060714285714285714 0.04
0 0.11321428571428571 0.42083333333333334 0.060714285714285714 0.04
0 0.13464285714285715 0.43750000000000006 0.060714285714285714 0.04
0 0.16178571428571428 0.4425 0.060714285714285714 0.04
0 0.18892857142857142 0.4475 0.060714285714285714 0.04
0 0.2317857142857143 0.4516666666666667 0.060714285714285714 0.04
0 0.2532142857142857 0.45 0.060714285714285714 0.04
0 0.27535714285714286 0.4425 0.060714285714285714 0.04
0 0.30107142857142855 0.43083333333333335 0.060714285714285714 0.04
0 0.30107142857142855 0.43750000000000006 0.060714285714285714 0.04
0 0.3317857142857143 0.42583333333333334 0.060714285714285714 0.04
0 0.3653571428571429 0.4216666666666667 0.060714285714285714 0.04
0 0.3975 0.41750000000000004 0.060714285714285714 0.04
0 0.4725 0.41000000000000003 0.060714285714285714 0.04
0 0.49178571428571427 0.4025 0.060714285714285714 0.04
0 0.5182142857142857 0.4083333333333334 0.060714285714285714 0.04
0 0.5539285714285714 0.4191666666666667 0.060714285714285714 0.04
