0 0.0325 0.4266666666666667 0.062142857142857146 0.03833333333333334
0 0.31892857142857145 0.4116666666666667 0.062142857142857146 0.03833333333333334
0 0.35892857142857143 0.4166666666666667 0.062142857142857146 0.03833333333333334
0 0.3925 0.4216666666666667 0.062142857142857146 0.03833333333333334
0 0.4175 0.4341666666666667 0.062142857142857146 0.03833333333333334
0 0.4517857142857143 0.4316666666666667 0.062142857142857146 0.03833333333333334
0 0.4810714285714286 0.43083333333333335 0.062142857142857146 0.03833333333333334
0 0.5067857142857143 0.41833333333333333 0.062142857142857146 0.03833333333333334
0 0.5310714285714285 0.41583333333333333 0.062142857142857146 0.03833333333333334
0 0.5596428571428571 0.42083333333333334 0.062142857142857146 0.03833333333333334
0 0.6053571428571428 0.42750000000000005 0.062142857142857146 0.03833333333333334
0 0.6332142857142857 0.43750000000000006 0.062142857142857146 0.03833333333333334
0 0.6610714285714285 0.45083333333333336 0.062142857142857146 0.03833333333333334
0 0.6832142857142857 0.445 0.062142857142857146 0.03833333333333334
0 0.7132142857142857 0.4566666666666667 0.062142857142857146 0.03833333333333334
0 0.7510714285714286 0.4691666666666667 0.062142857142857146 0.03833333333333334
0 0.7739285714285714 0.4591666666666667 0.062142857142857146 0.03833333333333334
0 0.7975 0.4541666666666667 0.062142857142857146 0.03833333333333334
0 0.8353571428571429 0.4575 0.062142857142857146 0.03833333333333334
0 0.8703571428571428 0.4625 0.062142857142857146 0.03833333333333334
0 0.8996428571428572 0.4733333333333334 0.062142857142857146 0.03833333333333334
0 0.9160714285714285 0.49000000000000005 0.062142857142857146 0.03833333333333334
0 0.9503571428571429 0.5108333333333334 0.062142857142857146 0.03833333333333334
0 0.9632142857142857 0.5233333333333333 0.062142857142857146 0.03833333333333334
