0 0.04178571428571429 0.4445833333333334 0.07071428571428572 0.04083333333333333
0 0.061785714285714284 0.4579166666666667 0.07071428571428572 0.04083333333333333
0 0.2425 0.4654166666666667 0.07071428571428572 0.04083333333333333
0 0.27964285714285714 0.4704166666666667 0.07071428571428572 0.04083333333333333
0 0.2960714285714286 0.45875000000000005 0.07071428571428572 0.04083333333333333
0 0.3217857142857143 0.4470833333333334 0.07071428571428572 0.04083333333333333
0 0.34535714285714286 0.4320833333333334 0.07071428571428572 0.04083333333333333
0 0.38035714285714284 0.4395833333333334 0.07071428571428572 0.04083333333333333
0 0.4060714285714286 0.4504166666666667 0.07071428571428572 0.04083333333333333
0 0.42964285714285716 0.4629166666666667 0.07071428571428572 0.04083333333333333
0 0.4632142857142857 0.4754166666666667 0.07071428571428572 0.04083333333333333
0 0.4925 0.46625000000000005 0.07071428571428572 0.04083333333333333
0 0.5132142857142857 0.47625 0.07071428571428572 0.04083333333333333
0 0.5367857142857143 0.48625 0.07071428571428572 0.04083333333333333
0 0.5567857142857143 0.48625 0.07071428571428572 0.04083333333333333
0 0.5910714285714286 0.48875 0.07071428571428572 0.04083333333333333
0 0.6182142857142857 0.48875 0.07071428571428572 0.04083333333333333
0 0.7267857142857143 0.46875000000000006 0.07071428571428572 0.04083333333333333
0 0.7403571428571428 0.47708333333333336 0.07071428571428572 0.04083333333333333
0 0.7675 0.4679166666666667 0.07071428571428572 0.04083333333333333
0 0.7939285714285714 0.4779166666666667 0.07071428571428572 0.04083333333333333
0 0.8196428571428571 0.49125 0.07071428571428572 0.04083333333333333
0 0.8396428571428571 0.49125 0.07071428571428572 0.04083333333333333
0 0.8717857142857143 0.49541666666666667 0.07071428571428572 0.04083333333333333
0 0.8867857142857143 0.4879166666666667 0.07071428571428572 0.04083333333333333
0 0.9139285714285714 0.47708333333333336 0.07071428571428572 0.04083333333333333
0 0.9346428571428571 0.48125 0.07071428571428572 0.04083333333333333
0 0.9532142857142857 0.48625 0.07071428571428572 0.04083333333333333
0 0.21964285714285714 0.48125 0.07071428571428572 0.04083333333333333
