0 0.03571428571428571 0.4579166666666667 0.06428571428571428 0.037500000000000006
0 0.05071428571428571 0.4604166666666667 0.06428571428571428 0.037500000000000006
0 0.07571428571428572 0.46458333333333335 0.06428571428571428 0.037500000000000006
0 0.10214285714285715 0.4654166666666667 0.06428571428571428 0.037500000000000006
0 0.12571428571428572 0.4729166666666667 0.06428571428571428 0.037500000000000006
0 0.14857142857142858 0.47958333333333336 0.06428571428571428 0.037500000000000006
0 0.22 0.47375 0.06428571428571428 0.037500000000000006
0 0.2342857142857143 0.4679166666666667 0.06428571428571428 0.037500000000000006
0 0.2592857142857143 0.47625 0.06428571428571428 0.037500000000000006
0 0.28214285714285714 0.47625 0.06428571428571428 0.037500000000000006
0 0.3 0.47458333333333336 0.06428571428571428 0.037500000000000006
0 0.3335714285714286 0.4704166666666667 0.06428571428571428 0.037500000000000006
0 0.36857142857142855 0.47375 0.06428571428571428 0.037500000000000006
0 0.39785714285714285 0.46625000000000005 0.06428571428571428 0.037500000000000006
0 0.41928571428571426 0.47125000000000006 0.06428571428571428 0.037500000000000006
0 0.44857142857142857 0.4704166666666667 0.06428571428571428 0.037500000000000006
0 0.4785714285714286 0.4729166666666667 0.06428571428571428 0.037500000000000006
0 0.5071428571428571 0.47375 0.06428571428571428 0.037500000000000006
0 0.5321428571428571 0.47875 0.06428571428571428 0.037500000000000006
0 0.5714285714285714 0.48958333333333337 0.06428571428571428 0.037500000000000006
0 0.6092857142857143 0.47875 0.06428571428571428 0.037500000000000006
0 0.6342857142857142 0.46875000000000006 0.06428571428571428 0.037500000000000006
0 0.67 0.47125000000000006 0.06428571428571428 0.037500000000000006
0 0.6957142857142857 0.4854166666666667 0.06428571428571428 0.037500000000000006
0 0.7335714285714285 0.5445833333333334 0.06428571428571428 0.037500000000000006
0 0.7628571428571429 0.5704166666666667 0.06428571428571428 0.037500000000000006
0 0.79 0.5962500000000001 0.06428571428571428 0.037500000000000006
0 0.8114285714285714 0.6104166666666667 0.06428571428571428 0.037500000000000006
0 0.8314285714285714 0.6212500000000001 0.06428571428571428 0.037500000000000006
