0 0.03678571428571428 0.5916666666666667 0.060714285714285714 0.035
0 0.061785714285714284 0.5741666666666667 0.060714285714285714 0.035
0 0.16035714285714286 0.5191666666666667 0.060714285714285714 0.035
0 0.19535714285714287 0.5241666666666667 0.060714285714285714 0.035
0 0.2175 0.5141666666666667 0.060714285714285714 0.035
0 0.24392857142857144 0.5241666666666667 0.060714285714285714 0.035
0 0.27464285714285713 0.5175000000000001 0.060714285714285714 0.035
0 0.2975 0.5075000000000001 0.060714285714285714 0.035
0 0.32392857142857145 0.5 0.060714285714285714 0.035
0 0.3489285714285714 0.5116666666666667 0.060714285714285714 0.035
0 0.3732142857142857 0.49250000000000005 0.060714285714285714 0.035
0 0.4082142857142857 0.5133333333333334 0.060714285714285714 0.035
0 0.42964285714285716 0.5266666666666667 0.060714285714285714 0.035
0 0.4639285714285714 0.5175000000000001 0.060714285714285714 0.035
0 0.49107142857142855 0.51 0.060714285714285714 0.035
0 0.5096428571428572 0.5325000000000001 0.060714285714285714 0.035
0 0.5453571428571429 0.5308333333333334 0.060714285714285714 0.035
0 0.5739285714285715 0.5416666666666667 0.060714285714285714 0.035
0 0.6010714285714286 0.5341666666666667 0.060714285714285714 0.035
0 0.6310714285714286 0.5416666666666667 0.060714285714285714 0.035
0 0.6539285714285714 0.5366666666666667 0.060714285714285714 0.035
0 0.6775 0.5416666666666667 0.060714285714285714 0.035
0 0.7067857142857142 0.5258333333333334 0.060714285714285714 0.035
0 0.7325 0.5408333333333334 0.060714285714285714 0.035
0 0.7517857142857143 0.525 0.060714285714285714 0.035
0 0.7817857142857143 0.5191666666666667 0.060714285714285714 0.035
0 0.8082142857142857 0.5016666666666667 0.060714285714285714 0.035
0 0.8260714285714286 0.48333333333333334 0.060714285714285714 0.035
0 0.8439285714285715 0.46 0.060714285714285714 0.035
0 0.8725 0.44833333333333336 0.060714285714285714 0.035
0 0.9103571428571429 0.41250000000000003 0.060714285714285714 0.035
0 0.9346428571428571 0.4008333333333334 0.060714285714285714 0.035
0 0.9610714285714286 0.40750000000000003 0.060714285714285714 0.035
0 0.9232142857142858 0.43083333333333335 0.060714285714285714 0.035
