0 0.04642857142857143 0.4575 0.09142857142857143 0.04833333333333334
0 0.08571428571428572 0.465 0.09142857142857143 0.04833333333333334
0 0.13714285714285715 0.465 0.09142857142857143 0.04833333333333334
0 0.17785714285714285 0.4733333333333334 0.09142857142857143 0.04833333333333334
0 0.21642857142857141 0.48333333333333334 0.09142857142857143 0.04833333333333334
0 0.2692857142857143 0.49750000000000005 0.09142857142857143 0.04833333333333334
0 0.315 0.51 0.09142857142857143 0.04833333333333334
0 0.365 0.5025000000000001 0.09142857142857143 0.04833333333333334
0 0.4157142857142857 0.49083333333333334 0.09142857142857143 0.04833333333333334
0 0.4514285714285714 0.4941666666666667 0.09142857142857143 0.04833333333333334
0 0.5221428571428571 0.48750000000000004 0.09142857142857143 0.04833333333333334
0 0.55 0.49500000000000005 0.09142857142857143 0.04833333333333334
0 0.5885714285714285 0.49333333333333335 0.09142857142857143 0.04833333333333334
0 0.6357142857142857 0.4691666666666667 0.09142857142857143 0.04833333333333334
0 0.6828571428571428 0.4716666666666667 0.09142857142857143 0.04833333333333334
0 0.7457142857142857 0.45583333333333337 0.09142857142857143 0.04833333333333334
0 0.805 0.4475 0.09142857142857143 0.04833333333333334
0 0.8678571428571429 0.4633333333333334 0.09142857142857143 0.04833333333333334
0 0.9128571428571428 0.4816666666666667 0.09142857142857143 0.04833333333333334
0 0.9542857142857143 0.4866666666666667 0.09142857142857143 0.04833333333333334
