0 0.03 0.4395833333333334 0.05857142857142857 0.04416666666666667
0 0.06678571428571428 0.45833333333333337 0.04928571428571429 0.05333333333333334
0 0.12392857142857143 0.4791666666666667 0.08642857142857142 0.04
0 0.16535714285714287 0.4666666666666667 0.08642857142857142 0.04
0 0.21392857142857144 0.4658333333333334 0.08642857142857142 0.04
0 0.2646428571428571 0.4566666666666667 0.08642857142857142 0.04
0 0.3125 0.4541666666666667 0.08642857142857142 0.04
0 0.3517857142857143 0.43083333333333335 0.08642857142857142 0.04
0 0.39321428571428574 0.42250000000000004 0.08642857142857142 0.04
0 0.44107142857142856 0.4441666666666667 0.08642857142857142 0.04
0 0.44107142857142856 0.4191666666666667 0.08642857142857142 0.04
0 0.4760714285714286 0.4491666666666667 0.08642857142857142 0.04
0 0.5117857142857143 0.46166666666666667 0.08642857142857142 0.04
0 0.5639285714285714 0.4633333333333334 0.08642857142857142 0.04
0 0.6125 0.4633333333333334 0.08642857142857142 0.04
0 0.6632142857142858 0.4491666666666667 0.08642857142857142 0.04
0 0.6996428571428571 0.4416666666666667 0.08642857142857142 0.04
0 0.7482142857142857 0.4425 0.08642857142857142 0.04
0 0.7903571428571429 0.42500000000000004 0.08642857142857142 0.04
0 0.8153571428571429 0.45 0.08642857142857142 0.04
0 0.8603571428571428 0.4441666666666667 0.08642857142857142 0.04
0 0.8925 0.4475 0.08642857142857142 0.04
0 0.9275 0.44083333333333335 0.08642857142857142 0.04
0 0.9567857142857142 0.42250000000000004 0.08642857142857142 0.04
