0 0.04607142857142857 0.4291666666666667 0.08642857142857142 0.04666666666666667
0 0.07392857142857143 0.42333333333333334 0.08642857142857142 0.04666666666666667
0 0.1125 0.43583333333333335 0.08642857142857142 0.04666666666666667
0 0.16607142857142856 0.43000000000000005 0.08642857142857142 0.04666666666666667
0 0.21035714285714285 0.43083333333333335 0.08642857142857142 0.04666666666666667
0 0.26321428571428573 0.41500000000000004 0.08642857142857142 0.04666666666666667
0 0.2932142857142857 0.42750000000000005 0.08642857142857142 0.04666666666666667
0 0.35535714285714287 0.43250000000000005 0.08642857142857142 0.04666666666666667
0 0.3967857142857143 0.43500000000000005 0.08642857142857142 0.04666666666666667
0 0.42678571428571427 0.42583333333333334 0.08642857142857142 0.04666666666666667
0 0.4617857142857143 0.41583333333333333 0.08642857142857142 0.04666666666666667
0 0.5132142857142857 0.4141666666666667 0.08642857142857142 0.04666666666666667
0 0.5539285714285714 0.42500000000000004 0.08642857142857142 0.04666666666666667
0 0.6039285714285715 0.455 0.08642857142857142 0.04666666666666667
0 0.6360714285714286 0.47000000000000003 0.08642857142857142 0.04666666666666667
0 0.6053571428571428 0.4425 0.08642857142857142 0.04666666666666667
0 0.6903571428571429 0.5091666666666667 0.08642857142857142 0.04666666666666667
0 0.7360714285714286 0.5191666666666667 0.08642857142857142 0.04666666666666667
