0 0.044642857142857144 0.5033333333333334 0.08214285714285714 0.03833333333333334
0 0.08321428571428571 0.5033333333333334 0.08214285714285714 0.03833333333333334
0 0.12678571428571428 0.49500000000000005 0.08214285714285714 0.03833333333333334
0 0.1625 0.49000000000000005 0.08214285714285714 0.03833333333333334
0 0.2067857142857143 0.48000000000000004 0.08214285714285714 0.03833333333333334
0 0.2617857142857143 0.4666666666666667 0.08214285714285714 0.03833333333333334
0 0.30892857142857144 0.4683333333333334 0.08214285714285714 0.03833333333333334
0 0.34964285714285714 0.4791666666666667 0.08214285714285714 0.03833333333333334
0 0.3939285714285714 0.4791666666666667 0.08214285714285714 0.03833333333333334
0 0.4375 0.4766666666666667 0.08214285714285714 0.03833333333333334
0 0.4860714285714286 0.4708333333333334 0.08214285714285714 0.03833333333333334
0 0.5510714285714285 0.4658333333333334 0.08214285714285714 0.03833333333333334
0 0.5882142857142857 0.4625 0.08214285714285714 0.03833333333333334
0 0.6289285714285714 0.45583333333333337 0.08214285714285714 0.03833333333333334
0 0.6732142857142858 0.4575 0.08214285714285714 0.03833333333333334
0 0.7225 0.4625 0.08214285714285714 0.03833333333333334
0 0.7717857142857143 0.4608333333333334 0.08214285714285714 0.03833333333333334
0 0.8046428571428571 0.47500000000000003 0.08214285714285714 0.03833333333333334
0 0.9589285714285715 0.4741666666666667 0.08214285714285714 0.03833333333333334
