0 0.047857142857142855 0.43375 0.08714285714285715 0.04083333333333333
0 0.07714285714285714 0.4295833333333334 0.08714285714285715 0.04083333333333333
0 0.11571428571428571 0.4354166666666667 0.08714285714285715 0.04083333333333333
0 0.185 0.4629166666666667 0.08714285714285715 0.04083333333333333
0 0.21785714285714286 0.4754166666666667 0.08714285714285715 0.04083333333333333
0 0.2671428571428571 0.46625000000000005 0.08714285714285715 0.04083333333333333
0 0.34 0.45625000000000004 0.08714285714285715 0.04083333333333333
0 0.54 0.48208333333333336 0.08714285714285715 0.04083333333333333
0 0.5964285714285714 0.4779166666666667 0.08714285714285715 0.04083333333333333
0 0.6314285714285715 0.46958333333333335 0.08714285714285715 0.04083333333333333
0 0.6728571428571428 0.46375000000000005 0.08714285714285715 0.04083333333333333
0 0.7385714285714285 0.44625000000000004 0.08714285714285715 0.04083333333333333
0 0.77 0.43875000000000003 0.08714285714285715 0.04083333333333333
0 0.8985714285714286 0.4470833333333334 0.08714285714285715 0.04083333333333333
