0 0.047142857142857146 0.32208333333333333 0.08714285714285715 0.05583333333333334
0 0.06857142857142857 0.32958333333333334 0.08714285714285715 0.05583333333333334
0 0.11214285714285714 0.3404166666666667 0.08714285714285715 0.05583333333333334
0 0.17214285714285715 0.3404166666666667 0.08714285714285715 0.05583333333333334
0 0.21714285714285714 0.3354166666666667 0.08714285714285715 0.05583333333333334
0 0.2592857142857143 0.31875000000000003 0.08714285714285715 0.05583333333333334
0 0.30714285714285716 0.31875000000000003 0.08714285714285715 0.05583333333333334
0 0.365 0.32458333333333333 0.08714285714285715 0.05583333333333334
0 0.4185714285714286 0.32375000000000004 0.08714285714285715 0.05583333333333334
0 0.45357142857142857 0.32625000000000004 0.08714285714285715 0.05583333333333334
0 0.5157142857142857 0.33208333333333334 0.08714285714285715 0.05583333333333334
0 0.56 0.3329166666666667 0.08714285714285715 0.05583333333333334
0 0.6035714285714285 0.32625000000000004 0.08714285714285715 0.05583333333333334
0 0.6407142857142857 0.3154166666666667 0.08714285714285715 0.05583333333333334
0 0.6885714285714286 0.3154166666666667 0.08714285714285715 0.05583333333333334
0 0.7321428571428571 0.31875000000000003 0.08714285714285715 0.05583333333333334
0 0.785 0.32125000000000004 0.08714285714285715 0.05583333333333334
0 0.8307142857142857 0.32208333333333333 0.08714285714285715 0.05583333333333334
0 0.8664285714285714 0.31958333333333333 0.08714285714285715 0.05583333333333334
0 0.915 0.3104166666666667 0.08714285714285715 0.05583333333333334
0 0.9564285714285714 0.30541666666666667 0.08714285714285715 0.05583333333333334
0 0.6864285714285714 0.30791666666666667 0.08714285714285715 0.05583333333333334
0 0.7478571428571429 0.32458333333333333 0.08714285714285715 0.05583333333333334
0 0.8185714285714286 0.32125000000000004 0.08714285714285715 0.05583333333333334
0 0.8885714285714286 0.3204166666666667 0.08714285714285715 0.05583333333333334
0 0.5264285714285715 0.33125000000000004 0.08714285714285715 0.05583333333333334
0 0.34 0.3179166666666667 0.08714285714285715 0.05583333333333334
0 0.41714285714285715 0.32125000000000004 0.08714285714285715 0.05583333333333334
0 0.6571428571428571 0.3104166666666667 0.08714285714285715 0.05583333333333334
