0 0.05964285714285714 0.32333333333333336 0.11357142857142857 0.05333333333333334
0 0.11464285714285714 0.3225 0.11357142857142857 0.05333333333333334
0 0.1675 0.3175 0.11357142857142857 0.05333333333333334
0 0.22107142857142856 0.29083333333333333 0.11357142857142857 0.05333333333333334
0 0.24678571428571427 0.3041666666666667 0.11357142857142857 0.05333333333333334
0 0.2767857142857143 0.32 0.11357142857142857 0.05333333333333334
0 0.32107142857142856 0.34 0.11357142857142857 0.05333333333333334
0 0.3560714285714286 0.36333333333333334 0.11357142857142857 0.05333333333333334
0 0.4032142857142857 0.3816666666666667 0.11357142857142857 0.05333333333333334
0 0.43392857142857144 0.3841666666666667 0.11357142857142857 0.05333333333333334
0 0.4825 0.3766666666666667 0.11357142857142857 0.05333333333333334
0 0.5217857142857143 0.3666666666666667 0.11357142857142857 0.05333333333333334
0 0.5732142857142857 0.36583333333333334 0.11357142857142857 0.05333333333333334
0 0.6282142857142857 0.36083333333333334 0.11357142857142857 0.05333333333333334
0 0.6760714285714285 0.35583333333333333 0.11357142857142857 0.05333333333333334
0 0.7110714285714286 0.34 0.11357142857142857 0.05333333333333334
0 0.7639285714285714 0.33333333333333337 0.11357142857142857 0.05333333333333334
0 0.7939285714285714 0.33916666666666667 0.11357142857142857 0.05333333333333334
0 0.8332142857142857 0.34500000000000003 0.11357142857142857 0.05333333333333334
0 0.8710714285714286 0.3541666666666667 0.11357142857142857 0.05333333333333334
0 0.9017857142857143 0.3616666666666667 0.11357142857142857 0.05333333333333334
0 0.9396428571428571 0.36750000000000005 0.11357142857142857 0.05333333333333334
0 0.9432142857142857 0.36750000000000005 0.11357142857142857 0.05333333333333334
0 0.08321428571428571 0.32583333333333336 0.11357142857142857 0.05333333333333334
