0 0.3028571428571429 0.39333333333333337 0.08571428571428572 0.045000000000000005
0 0.3464285714285714 0.38 0.08571428571428572 0.045000000000000005
0 0.37357142857142855 0.36083333333333334 0.08571428571428572 0.045000000000000005
0 0.4085714285714286 0.3458333333333334 0.08571428571428572 0.045000000000000005
0 0.4471428571428571 0.3241666666666667 0.08571428571428572 0.045000000000000005
0 0.48428571428571426 0.32833333333333337 0.08571428571428572 0.045000000000000005
0 0.5292857142857142 0.3425 0.08571428571428572 0.045000000000000005
0 0.5671428571428572 0.3358333333333334 0.08571428571428572 0.045000000000000005
0 0.605 0.3358333333333334 0.08571428571428572 0.045000000000000005
0 0.6442857142857142 0.33333333333333337 0.08571428571428572 0.045000000000000005
0 0.695 0.34 0.08571428571428572 0.045000000000000005
0 0.7364285714285714 0.3491666666666667 0.08571428571428572 0.045000000000000005
0 0.7792857142857142 0.35500000000000004 0.08571428571428572 0.045000000000000005
0 0.8171428571428572 0.34833333333333333 0.08571428571428572 0.045000000000000005
0 0.8535714285714285 0.3458333333333334 0.08571428571428572 0.045000000000000005
0 0.8914285714285715 0.33666666666666667 0.08571428571428572 0.045000000000000005
0 0.9571428571428572 0.32666666666666666 0.08571428571428572 0.045000000000000005
0 0.9364285714285714 0.33166666666666667 0.08571428571428572 0.045000000000000005
