0 0.04964285714285714 0.49000000000000005 0.09642857142857143 0.043333333333333335
0 0.08392857142857142 0.49583333333333335 0.09642857142857143 0.043333333333333335
0 0.13178571428571428 0.5075000000000001 0.09642857142857143 0.043333333333333335
0 0.17535714285714285 0.5133333333333334 0.09642857142857143 0.043333333333333335
0 0.21892857142857142 0.5225000000000001 0.09642857142857143 0.043333333333333335
0 0.27464285714285713 0.5341666666666667 0.09642857142857143 0.043333333333333335
0 0.3367857142857143 0.5416666666666667 0.09642857142857143 0.043333333333333335
0 0.3817857142857143 0.5483333333333333 0.09642857142857143 0.043333333333333335
0 0.4382142857142857 0.55 0.09642857142857143 0.043333333333333335
0 0.48464285714285715 0.5408333333333334 0.09642857142857143 0.043333333333333335
0 0.5296428571428572 0.5316666666666667 0.09642857142857143 0.043333333333333335
0 0.5667857142857143 0.5358333333333334 0.09642857142857143 0.043333333333333335
0 0.6146428571428572 0.5333333333333333 0.09642857142857143 0.043333333333333335
0 0.6446428571428572 0.5275000000000001 0.09642857142857143 0.043333333333333335
0 0.6760714285714285 0.52 0.09642857142857143 0.043333333333333335
0 0.7317857142857143 0.5291666666666667 0.09642857142857143 0.043333333333333335
0 0.7689285714285714 0.5375000000000001 0.09642857142857143 0.043333333333333335
0 0.8053571428571429 0.5391666666666667 0.09642857142857143 0.043333333333333335
0 0.8482142857142857 0.5525 0.09642857142857143 0.043333333333333335
0 0.9017857142857143 0.55 0.09642857142857143 0.043333333333333335
0 0.9353571428571429 0.5508333333333334 0.09642857142857143 0.043333333333333335
0 0.9517857142857142 0.5633333333333334 0.09642857142857143 0.043333333333333335
