0 0.047142857142857146 0.5366666666666667 0.09285714285714286 0.043333333333333335
0 0.07821428571428571 0.535 0.09357142857142857 0.043333333333333335
0 0.10607142857142857 0.5491666666666667 0.09357142857142857 0.043333333333333335
0 0.14535714285714285 0.55 0.09357142857142857 0.043333333333333335
0 0.1725 0.5416666666666667 0.09357142857142857 0.043333333333333335
0 0.21892857142857142 0.5325000000000001 0.09357142857142857 0.043333333333333335
0 0.3225 0.515 0.09357142857142857 0.043333333333333335
0 0.29178571428571426 0.5266666666666667 0.09357142857142857 0.043333333333333335
0 0.36678571428571427 0.5066666666666667 0.09357142857142857 0.043333333333333335
0 0.3989285714285714 0.5058333333333334 0.09357142857142857 0.043333333333333335
0 0.4446428571428571 0.5025000000000001 0.09357142857142857 0.043333333333333335
0 0.4782142857142857 0.5033333333333334 0.09357142857142857 0.043333333333333335
0 0.43392857142857144 0.49083333333333334 0.09357142857142857 0.043333333333333335
0 0.5046428571428572 0.49583333333333335 0.09357142857142857 0.043333333333333335
0 0.5225 0.48500000000000004 0.09357142857142857 0.043333333333333335
0 0.5439285714285714 0.4733333333333334 0.09357142857142857 0.043333333333333335
0 0.5717857142857142 0.4658333333333334 0.09357142857142857 0.043333333333333335
0 0.6160714285714286 0.4741666666666667 0.09357142857142857 0.043333333333333335
0 0.6417857142857143 0.49250000000000005 0.09357142857142857 0.043333333333333335
0 0.6646428571428571 0.5058333333333334 0.09357142857142857 0.043333333333333335
0 0.7003571428571429 0.5175000000000001 0.09357142857142857 0.043333333333333335
0 0.7353571428571428 0.5041666666666667 0.09357142857142857 0.043333333333333335
0 0.7746428571428572 0.49083333333333334 0.09357142857142857 0.043333333333333335
0 0.8296428571428571 0.49833333333333335 0.09357142857142857 0.043333333333333335
0 0.8825 0.5158333333333334 0.09357142857142857 0.043333333333333335
0 0.9182142857142858 0.5183333333333333 0.09357142857142857 0.043333333333333335
0 0.9532142857142857 0.5266666666666667 0.09357142857142857 0.043333333333333335
