0 0.04964285714285714 0.4366666666666667 0.09642857142857143 0.043333333333333335
0 0.07464285714285715 0.4366666666666667 0.09642857142857143 0.043333333333333335
0 0.12892857142857142 0.4516666666666667 0.09642857142857143 0.043333333333333335
0 0.17821428571428571 0.445 0.09642857142857143 0.043333333333333335
0 0.4032142857142857 0.42333333333333334 0.09642857142857143 0.043333333333333335
0 0.4475 0.4491666666666667 0.09642857142857143 0.043333333333333335
0 0.4810714285714286 0.45583333333333337 0.09642857142857143 0.043333333333333335
0 0.5275 0.4541666666666667 0.09642857142857143 0.043333333333333335
0 0.5717857142857142 0.4675 0.09642857142857143 0.043333333333333335
0 0.6167857142857143 0.45 0.09642857142857143 0.043333333333333335
0 0.6467857142857143 0.4366666666666667 0.09642857142857143 0.043333333333333335
0 0.6782142857142857 0.4241666666666667 0.09642857142857143 0.043333333333333335
0 0.7189285714285715 0.4391666666666667 0.09642857142857143 0.043333333333333335
0 0.7646428571428572 0.4466666666666667 0.09642857142857143 0.043333333333333335
0 0.8003571428571429 0.43750000000000006 0.09642857142857143 0.043333333333333335
0 0.8296428571428571 0.4291666666666667 0.09642857142857143 0.043333333333333335
0 0.8689285714285714 0.43000000000000005 0.09642857142857143 0.043333333333333335
0 0.9132142857142858 0.4291666666666667 0.09642857142857143 0.043333333333333335
0 0.9439285714285715 0.42000000000000004 0.09642857142857143 0.043333333333333335
