0 0.0325 0.405 0.056428571428571425 0.03333333333333333
0 0.06821428571428571 0.42000000000000004 0.056428571428571425 0.03333333333333333
0 0.12035714285714286 0.42583333333333334 0.056428571428571425 0.03333333333333333
0 0.16892857142857143 0.4241666666666667 0.056428571428571425 0.03333333333333333
0 0.21821428571428572 0.42750000000000005 0.056428571428571425 0.03333333333333333
0 0.2689285714285714 0.4391666666666667 0.056428571428571425 0.03333333333333333
0 0.32607142857142857 0.4525 0.056428571428571425 0.03333333333333333
0 0.37107142857142855 0.4575 0.056428571428571425 0.03333333333333333
0 0.3967857142857143 0.46 0.056428571428571425 0.03333333333333333
0 0.0525 0.4191666666666667 0.056428571428571425 0.03333333333333333
0 0.07321428571428572 0.4266666666666667 0.056428571428571425 0.03333333333333333
0 0.11 0.43000000000000005 0.05714285714285714 0.03333333333333333
0 0.12535714285714286 0.4241666666666667 0.056428571428571425 0.03333333333333333
0 0.14464285714285716 0.4216666666666667 0.056428571428571425 0.03333333333333333
0 0.16107142857142856 0.42750000000000005 0.056428571428571425 0.03333333333333333
0 0.17964285714285713 0.42333333333333334 0.056428571428571425 0.03333333333333333
0 0.2017857142857143 0.4216666666666667 0.056428571428571425 0.03333333333333333
0 0.23035714285714284 0.4241666666666667 0.056428571428571425 0.03333333333333333
0 0.2475 0.43583333333333335 0.056428571428571425 0.03333333333333333
0 0.26107142857142857 0.445 0.056428571428571425 0.03333333333333333
0 0.2810714285714286 0.455 0.056428571428571425 0.03333333333333333
0 0.2982142857142857 0.45333333333333337 0.056428571428571425 0.03333333333333333
0 0.31607142857142856 0.45333333333333337 0.056428571428571425 0.03333333333333333
0 0.3296428571428571 0.4475 0.056428571428571425 0.03333333333333333
0 0.3417857142857143 0.4516666666666667 0.056428571428571425 0.03333333333333333
0 0.3632142857142857 0.4516666666666667 0.056428571428571425 0.03333333333333333
0 0.3467857142857143 0.4541666666666667 0.056428571428571425 0.03333333333333333
0 0.38321428571428573 0.4666666666666667 0.056428571428571425 0.03333333333333333
0 0.4203571428571429 0.4783333333333334 0.056428571428571425 0.03333333333333333
0 0.04107142857142857 0.4116666666666667 0.056428571428571425 0.03333333333333333
