0 0.025 0.47708333333333336 0.04857142857142857 0.029166666666666667
0 0.05892857142857143 0.46625000000000005 0.04928571428571429 0.029166666666666667
0 0.09428571428571429 0.4504166666666667 0.05 0.029166666666666667
0 0.1432142857142857 0.4445833333333334 0.04928571428571429 0.029166666666666667
0 0.1825 0.43875000000000003 0.04928571428571429 0.029166666666666667
0 0.21892857142857142 0.45125000000000004 0.04928571428571429 0.029166666666666667
0 0.29678571428571426 0.5270833333333333 0.04928571428571429 0.029166666666666667
0 0.3360714285714286 0.54125 0.04928571428571429 0.029166666666666667
0 0.3782142857142857 0.5470833333333334 0.04928571428571429 0.029166666666666667
0 0.4275 0.5520833333333334 0.04928571428571429 0.029166666666666667
0 0.46535714285714286 0.5487500000000001 0.04928571428571429 0.029166666666666667
0 0.5082142857142857 0.5304166666666666 0.04928571428571429 0.029166666666666667
0 0.5332142857142858 0.5154166666666667 0.04928571428571429 0.029166666666666667
0 0.5703571428571429 0.5104166666666667 0.04928571428571429 0.029166666666666667
0 0.6153571428571428 0.52375 0.04928571428571429 0.029166666666666667
0 0.6575 0.5404166666666667 0.04928571428571429 0.029166666666666667
0 0.6803571428571429 0.5654166666666667 0.04928571428571429 0.029166666666666667
0 0.7060714285714286 0.5779166666666667 0.04928571428571429 0.029166666666666667
