0 0.029285714285714286 0.3616666666666667 0.05714285714285714 0.028333333333333335
0 0.06928571428571428 0.34750000000000003 0.05714285714285714 0.028333333333333335
0 0.12 0.35750000000000004 0.05714285714285714 0.028333333333333335
0 0.17214285714285715 0.37333333333333335 0.05714285714285714 0.028333333333333335
0 0.22214285714285714 0.38583333333333336 0.05714285714285714 0.028333333333333335
0 0.2764285714285714 0.39416666666666667 0.05714285714285714 0.028333333333333335
0 0.3221428571428571 0.3866666666666667 0.05714285714285714 0.028333333333333335
0 0.36428571428571427 0.4008333333333334 0.05714285714285714 0.028333333333333335
0 0.4114285714285714 0.39916666666666667 0.05714285714285714 0.028333333333333335
0 0.6228571428571429 0.3616666666666667 0.05714285714285714 0.028333333333333335
0 0.6742857142857143 0.36833333333333335 0.05714285714285714 0.028333333333333335
0 0.7178571428571429 0.36583333333333334 0.05714285714285714 0.028333333333333335
0 0.7635714285714286 0.3816666666666667 0.05714285714285714 0.028333333333333335
0 0.8121428571428572 0.3983333333333334 0.05714285714285714 0.028333333333333335
0 0.8564285714285714 0.4091666666666667 0.05714285714285714 0.028333333333333335
0 0.9078571428571428 0.40166666666666667 0.05714285714285714 0.028333333333333335
0 0.955 0.395 0.05714285714285714 0.028333333333333335
0 0.9714285714285714 0.38583333333333336 0.05714285714285714 0.028333333333333335
