0 0.030357142857142857 0.3554166666666667 0.05928571428571429 0.0325
0 0.07821428571428571 0.3729166666666667 0.05928571428571429 0.0325
0 0.1225 0.38875000000000004 0.05928571428571429 0.0325
0 0.17535714285714285 0.4004166666666667 0.05928571428571429 0.0325
0 0.22607142857142856 0.3879166666666667 0.05928571428571429 0.0325
0 0.2789285714285714 0.38125000000000003 0.05928571428571429 0.0325
0 0.33035714285714285 0.38958333333333334 0.05928571428571429 0.0325
0 0.3846428571428571 0.40458333333333335 0.05928571428571429 0.0325
0 0.43107142857142855 0.4129166666666667 0.05928571428571429 0.0325
0 0.4825 0.4029166666666667 0.05928571428571429 0.0325
0 0.5353571428571429 0.4129166666666667 0.05928571428571429 0.0325
0 0.7217857142857143 0.40125000000000005 0.05928571428571429 0.0325
0 0.6860714285714286 0.42375 0.05928571428571429 0.0325
0 0.6117857142857143 0.4779166666666667 0.05928571428571429 0.0325
