0 0.4775 0.4475 0.06357142857142857 0.030000000000000002
0 0.5296428571428572 0.45583333333333337 0.06357142857142857 0.030000000000000002
0 0.5839285714285715 0.4691666666666667 0.06357142857142857 0.030000000000000002
0 0.6375 0.4658333333333334 0.06357142857142857 0.030000000000000002
0 0.6889285714285714 0.46 0.06357142857142857 0.030000000000000002
0 0.7410714285714286 0.455 0.06357142857142857 0.030000000000000002
0 0.8003571428571429 0.4625 0.06357142857142857 0.030000000000000002
0 0.8510714285714286 0.4416666666666667 0.06357142857142857 0.030000000000000002
0 0.9003571428571429 0.4441666666666667 0.06357142857142857 0.030000000000000002
0 0.9539285714285715 0.45833333333333337 0.06357142857142857 0.030000000000000002
0 0.9682142857142857 0.4591666666666667 0.06357142857142857 0.030000000000000002
