0 0.03142857142857143 0.41833333333333333 0.06142857142857143 0.03833333333333334
0 0.46714285714285714 0.47250000000000003 0.06142857142857143 0.03833333333333334
0 0.5285714285714286 0.48583333333333334 0.06142857142857143 0.03833333333333334
0 0.5842857142857143 0.49333333333333335 0.06142857142857143 0.03833333333333334
0 0.6371428571428571 0.4716666666666667 0.06142857142857143 0.03833333333333334
0 0.6942857142857143 0.4716666666666667 0.06142857142857143 0.03833333333333334
0 0.7507142857142857 0.4683333333333334 0.06142857142857143 0.03833333333333334
0 0.8042857142857143 0.48000000000000004 0.06142857142857143 0.03833333333333334
0 0.07642857142857143 0.4575 0.06142857142857143 0.03833333333333334
0 0.4757142857142857 0.4808333333333334 0.06142857142857143 0.03833333333333334
0 0.505 0.48333333333333334 0.06142857142857143 0.03833333333333334
0 0.535 0.48250000000000004 0.06142857142857143 0.03833333333333334
0 0.5707142857142857 0.47750000000000004 0.06142857142857143 0.03833333333333334
0 0.6478571428571429 0.4741666666666667 0.06142857142857143 0.03833333333333334
0 0.73 0.4716666666666667 0.06142857142857143 0.03833333333333334
0 0.7742857142857142 0.47250000000000003 0.06142857142857143 0.03833333333333334
0 0.04285714285714286 0.43583333333333335 0.06142857142857143 0.03833333333333334
0 0.065 0.44583333333333336 0.06142857142857143 0.03833333333333334
