0 0.0375 0.4629166666666667 0.062142857142857146 0.0425
0 0.05178571428571429 0.46875000000000006 0.062142857142857146 0.0425
0 0.07392857142857143 0.47375 0.062142857142857146 0.0425
0 0.10892857142857143 0.47375 0.062142857142857146 0.0425
0 0.13535714285714287 0.48208333333333336 0.062142857142857146 0.0425
0 0.1625 0.4804166666666667 0.062142857142857146 0.0425
0 0.19321428571428573 0.4729166666666667 0.062142857142857146 0.0425
0 0.2117857142857143 0.4579166666666667 0.062142857142857146 0.0425
0 0.24464285714285713 0.45125000000000004 0.062142857142857146 0.0425
0 0.2710714285714286 0.4454166666666667 0.062142857142857146 0.0425
0 0.3003571428571429 0.4479166666666667 0.062142857142857146 0.0425
0 0.3289285714285714 0.4529166666666667 0.062142857142857146 0.0425
0 0.36464285714285716 0.45875000000000005 0.062142857142857146 0.0425
0 0.38392857142857145 0.4479166666666667 0.062142857142857146 0.0425
0 0.4060714285714286 0.4429166666666667 0.062142857142857146 0.0425
0 0.4375 0.44958333333333333 0.062142857142857146 0.0425
0 0.4853571428571429 0.45208333333333334 0.062142857142857146 0.0425
0 0.5096428571428572 0.4579166666666667 0.062142857142857146 0.0425
0 0.5767857142857142 0.44625000000000004 0.062142857142857146 0.0425
0 0.5425 0.4479166666666667 0.062142857142857146 0.0425
0 0.6060714285714286 0.43291666666666667 0.062142857142857146 0.0425
0 0.6310714285714286 0.43125 0.062142857142857146 0.0425
0 0.6603571428571429 0.4379166666666667 0.062142857142857146 0.0425
0 0.7110714285714286 0.4345833333333334 0.062142857142857146 0.0425
0 0.7232142857142857 0.4404166666666667 0.062142857142857146 0.0425
0 0.7503571428571428 0.4470833333333334 0.062142857142857146 0.0425
0 0.7832142857142858 0.4604166666666667 0.062142857142857146 0.0425
0 0.8153571428571429 0.46625000000000005 0.062142857142857146 0.0425
0 0.8560714285714286 0.46625000000000005 0.062142857142857146 0.0425
0 0.8889285714285714 0.4629166666666667 0.062142857142857146 0.0425
