0 0.07607142857142857 0.44833333333333336 0.06357142857142857 0.045000000000000005
0 0.09321428571428571 0.45 0.06357142857142857 0.045000000000000005
0 0.1125 0.4566666666666667 0.06357142857142857 0.045000000000000005
0 0.14535714285714285 0.46 0.06357142857142857 0.045000000000000005
0 0.1625 0.4566666666666667 0.06357142857142857 0.045000000000000005
0 0.1775 0.445 0.06357142857142857 0.045000000000000005
0 0.20964285714285713 0.43583333333333335 0.06357142857142857 0.045000000000000005
0 0.2417857142857143 0.43000000000000005 0.06357142857142857 0.045000000000000005
0 0.2639285714285714 0.4141666666666667 0.06357142857142857 0.045000000000000005
0 0.30392857142857144 0.41250000000000003 0.06357142857142857 0.045000000000000005
0 0.2760714285714286 0.42833333333333334 0.06357142857142857 0.045000000000000005
0 0.3489285714285714 0.42250000000000004 0.06357142857142857 0.045000000000000005
0 0.36392857142857143 0.4241666666666667 0.06357142857142857 0.045000000000000005
0 0.3875 0.4191666666666667 0.06357142857142857 0.045000000000000005
0 0.4110714285714286 0.41750000000000004 0.06357142857142857 0.045000000000000005
0 0.44607142857142856 0.41500000000000004 0.06357142857142857 0.045000000000000005
0 0.47464285714285714 0.41500000000000004 0.06357142857142857 0.045000000000000005
0 0.5039285714285714 0.4058333333333334 0.06357142857142857 0.045000000000000005
0 0.5096428571428572 0.41583333333333333 0.06357142857142857 0.045000000000000005
