0 0.07464285714285715 0.33166666666666667 0.095 0.04833333333333334
0 0.1275 0.33166666666666667 0.095 0.04833333333333334
0 0.16392857142857142 0.3433333333333334 0.095 0.04833333333333334
0 0.1982142857142857 0.3566666666666667 0.095 0.04833333333333334
0 0.2475 0.3691666666666667 0.095 0.04833333333333334
0 0.2932142857142857 0.36750000000000005 0.095 0.04833333333333334
0 0.3425 0.3541666666666667 0.095 0.04833333333333334
0 0.39535714285714285 0.35333333333333333 0.095 0.04833333333333334
0 0.44607142857142856 0.37333333333333335 0.095 0.04833333333333334
0 0.5082142857142857 0.3916666666666667 0.095 0.04833333333333334
0 0.5475 0.3975 0.095 0.04833333333333334
0 0.5875 0.39 0.095 0.04833333333333334
0 0.6367857142857143 0.4058333333333334 0.095 0.04833333333333334
0 0.6896428571428571 0.39416666666666667 0.095 0.04833333333333334
0 0.7739285714285714 0.405 0.095 0.04833333333333334
0 0.8253571428571429 0.43000000000000005 0.095 0.04833333333333334
0 0.8789285714285714 0.44333333333333336 0.095 0.04833333333333334
0 0.9396428571428571 0.43250000000000005 0.095 0.04833333333333334
0 0.9525 0.4475 0.095 0.04833333333333334
