0 0.2342857142857143 0.44083333333333335 0.06142857142857143 0.03666666666666667
0 0.22071428571428572 0.4466666666666667 0.06142857142857143 0.03666666666666667
0 0.2557142857142857 0.45 0.06142857142857143 0.03666666666666667
0 0.28785714285714287 0.455 0.06142857142857143 0.03666666666666667
0 0.32357142857142857 0.4516666666666667 0.06142857142857143 0.03666666666666667
0 0.3314285714285714 0.4625 0.06142857142857143 0.03666666666666667
0 0.3678571428571429 0.4591666666666667 0.06142857142857143 0.03666666666666667
0 0.38142857142857145 0.46416666666666667 0.06142857142857143 0.03666666666666667
0 0.39785714285714285 0.46166666666666667 0.06142857142857143 0.03666666666666667
0 0.4135714285714286 0.47250000000000003 0.06142857142857143 0.03666666666666667
0 0.4442857142857143 0.47250000000000003 0.06142857142857143 0.03666666666666667
0 0.46 0.45833333333333337 0.06142857142857143 0.03666666666666667
0 0.4807142857142857 0.4541666666666667 0.06142857142857143 0.03666666666666667
0 0.5092857142857142 0.46 0.06142857142857143 0.03666666666666667
0 0.5264285714285715 0.4566666666666667 0.06142857142857143 0.03666666666666667
