0 0.9642857142857143 0.47125000000000006 0.05857142857142857 0.03416666666666667
0 0.9321428571428572 0.47458333333333336 0.05857142857142857 0.03416666666666667
0 0.9228571428571428 0.4779166666666667 0.05857142857142857 0.03416666666666667
0 0.9014285714285715 0.4879166666666667 0.05857142857142857 0.03416666666666667
0 0.8728571428571429 0.49375 0.05857142857142857 0.03416666666666667
0 0.8457142857142858 0.4904166666666667 0.05857142857142857 0.03416666666666667
0 0.8228571428571428 0.48958333333333337 0.05857142857142857 0.03416666666666667
0 0.7957142857142857 0.4854166666666667 0.05857142857142857 0.03416666666666667
0 0.78 0.49125 0.05857142857142857 0.03416666666666667
0 0.7642857142857142 0.48958333333333337 0.05857142857142857 0.03416666666666667
